
  -1.74431  -0.165718 
  -2.15837    1.97818 
-0.270536 4.76774
  -1.78507   0.200401 
  -4.05006    6.81938 
  -2.32477     3.4067 
-0.4044 14.623
  -1.61953   0.270612 
  -6.01237    11.4511 
 -0.545208    6.23116 
-0.5425 57.1374
   -1.3995   0.610561 
    5.0487    10.4478 
   3.83809    4.31509 
-0.49597 39.0757
  -1.21553    0.80674 
   20.9451    6.87452 
   18.4172    4.02142 
-0.165416 14.5307
  -1.10672   0.816202 
   26.1506    4.51592 
    29.936    4.78481 
-0.137378 14.4017
  -1.00354   0.701611 
   36.8987    8.90927 
   36.6805    5.74294 
-0.0814662 10.0733
 -0.962706   0.573661 
    37.277    5.94459 
   38.3102    7.60651 
-0.0505033 3.82946
  -1.01192   0.563237 
   36.0231    8.94549 
   34.1637    6.93941 
-0.07176 7.48181
  -1.17435    0.55515 
   17.9265    1.62814 
   20.3845    4.30368 
-0.185267 13.2003
  -1.32634   0.623597 
   7.14654    6.69603 
   7.01414    3.46246 
-0.29984 10.4735
  -1.34864   0.696005 
   7.57281    4.82514 
   5.39661    2.71159 
-0.301119 9.20295
  -1.45206   0.574677 
   1.45858     4.8541 
   2.16305    5.52782 
-0.120773 0.950174
  -1.35964   0.484139 
   2.50161  -0.904895 
   6.72382     5.9833 
-1.00101 65.2744
  -1.38727    0.44424 
   1.24149    2.99813 
   5.92754    6.74245 
-0.743179 35.979
  -1.25675    0.34421 
    11.341    10.6784 
   13.1785    7.42621 
-0.225335 13.9532
  -1.17883   0.327544 
   17.0147    13.4935 
   18.3655    7.93991 
-0.251611 32.6673
  -1.05362   0.219823 
   23.8607    3.63959 
   26.1308    10.5514 
-0.286658 52.9267
 -0.880359  0.0509439 
   34.8022    12.0636 
   37.9328    15.0375 
-0.11413 18.6449
 -0.642892 -0.0855127 
   50.3661    19.6233 
   49.6613    20.3564 
-0.0184718 1.03418
 -0.283092  -0.154834 