   -1.8191     0.0912   -1.74431  -0.165718 
  -1.78507   0.200401   -4.05006    6.81938 
  -1.61953   0.270612   -6.01237    11.4511 
   -1.3995   0.610561     5.0487    10.4478 
  -1.21553    0.80674    20.9451    6.87452 
  -1.10672   0.816202    26.1506    4.51592 
  -1.00354   0.701611    36.8987    8.90927 
 -0.962706   0.573661     37.277    5.94459 
  -1.01192   0.563237    36.0231    8.94549 
  -1.17435    0.55515    17.9265    1.62814 
  -1.32634   0.623597    7.14654    6.69603 
  -1.34864   0.696005    7.57281    4.82514 
  -1.45206   0.574677    1.45858     4.8541 
  -1.35964   0.484139    2.50161  -0.904895 
  -1.38727    0.44424    1.24149    2.99813 
  -1.25675    0.34421     11.341    10.6784 
  -1.17883   0.327544    17.0147    13.4935 
  -1.05362   0.219823    23.8607    3.63959 
 -0.880359  0.0509439    34.8022    12.0636 
 -0.642892 -0.0855127    50.3661    19.6233 
