
  -2.11383  0.0120298 
 -0.159846    2.44305 
-0.386437 9.72793
  -1.97238   0.130387 
 -0.711008   -6.07251 
 -0.094285    3.26863 
-1.05587 87.6373
  -2.04579   0.126418 
  -4.54807   -7.81161 
  0.489253    3.87013 
-1.23813 161.838
  -2.09491   0.174876 
  -2.72049    5.53793 
   1.65864    5.13582 
-0.519735 19.3385
  -2.06917   0.145182 
 -0.958596    1.95611 
  0.896835    4.38865 
-0.379056 9.35984
  -2.05076 -0.0276636 
  -0.32691   -1.39563 
     0.086   0.418452 
-0.230512 3.46139
  -2.04365  -0.292936 
  -2.11403    -2.8176 
  -2.15466   -4.03842 
-0.151343 1.49205
  -1.98466  -0.442924 
  -4.45809   -5.79565 
  -1.07115   -6.59717 
-0.402165 12.1138
  -1.93025  -0.509018 
 -0.492809   -9.70446 
  -0.44366   -8.24838 
-0.122257 2.1226
  -1.94424  -0.517799 
  -5.39266   -8.57138 
 -0.326274   -8.31518 
-0.45592 25.7339
  -2.00056  -0.602715 
  -8.00209   -9.16276 
  -1.06328   -9.42988 
-0.527451 48.2184
  -1.99007  -0.645197 
 -0.271176   -7.86709 
 -0.618566   -9.84097 
-0.194178 4.01687
  -2.04133  -0.610375 
   -8.1353   -10.4883 
  -1.91209   -9.28818 
-0.444028 40.1686
  -2.23356  -0.375752 
   3.14652   -1.47221 
   1.39862    -6.8609 
-0.7019 32.0931
   -2.3802  -0.125179 
  -3.99226   0.385588 
   -2.7892   -3.07345 
-0.453754 13.4123
  -2.41358   0.116444 
  0.428831   -3.26946 
  0.162092   0.738321 
-0.49766 16.1334
   -2.3559   0.311449 
 -0.816413    5.08148 
   5.27358    7.21207 
-0.7937 41.6273
  -2.30413   0.481821 
  -1.31924    4.99283 
   2.53678    7.21721 
-0.551551 19.8168
  -2.13345   0.764155 
   3.92571    8.83278 
   4.80801    6.95357 
-0.186194 4.30986
  -1.86138    1.20729 
   1.35052    5.79661 
  -2.04932    4.28538 
-0.429871 13.8427
  -1.49236    1.77887 