   -1.9229     0.0977   -2.11383  0.0120298 
  -1.97238   0.130387  -0.711008   -6.07251 
  -2.04579   0.126418   -4.54807   -7.81161 
  -2.09491   0.174876   -2.72049    5.53793 
  -2.06917   0.145182  -0.958596    1.95611 
  -2.05076 -0.0276636   -0.32691   -1.39563 
  -2.04365  -0.292936   -2.11403    -2.8176 
  -1.98466  -0.442924   -4.45809   -5.79565 
  -1.93025  -0.509018  -0.492809   -9.70446 
  -1.94424  -0.517799   -5.39266   -8.57138 
  -2.00056  -0.602715   -8.00209   -9.16276 
  -1.99007  -0.645197  -0.271176   -7.86709 
  -2.04133  -0.610375    -8.1353   -10.4883 
  -2.23356  -0.375752    3.14652   -1.47221 
   -2.3802  -0.125179   -3.99226   0.385588 
  -2.41358   0.116444   0.428831   -3.26946 
   -2.3559   0.311449  -0.816413    5.08148 
  -2.30413   0.481821   -1.31924    4.99283 
  -2.13345   0.764155    3.92571    8.83278 
  -1.86138    1.20729    1.35052    5.79661 
