   -0.0486
    1.5896
    2.5862
   -0.0469
    1.5790
    2.5863
   -0.0450
    1.5680
    2.5836
   -0.0436
    1.5589
    2.5799
   -0.0441
    1.5551
    2.5761
   -0.0483
    1.5614
    2.5722
   -0.0581
    1.5821
    2.5674
   -0.0752
    1.6191
    2.5615
   -0.1003
    1.6707
    2.5551
   -0.1314
    1.7300
    2.5497
   -0.1673
    1.7912
    2.5444
   -0.2017
    1.8454
    2.5370
   -0.2339
    1.8901
    2.5266
   -0.2628
    1.9231
    2.5138
   -0.2872
    1.9435
    2.4998
   -0.3105
    1.9553
    2.4862
   -0.3358
    1.9636
    2.4736
   -0.3648
    1.9737
    2.4622
   -0.3969
    1.9894
    2.4523
   -0.4294
    2.0113
    2.4455
