
   -7.1197    5.55609    2.88484 
    6.3903   -1.32736    -14.278 
-2.4964 524.465
-0.0888518    1.66193    2.54921 
  -7.66048    1.07715  -0.502161 
   7.95186   -5.95535   -9.30845 
-2.08239 370.752
-0.0496571    1.67757    2.55768 
   4.87176    10.4068   -2.62514 
   10.5682   -1.90259   -8.45265 
-1.37106 217.929
-0.0121889    1.70968    2.50713 
   4.62618    17.1716    4.47579 
   9.85387    13.1616   -5.40155 
-0.798692 140.97
 0.0208517    1.73763    2.43555 
    6.1418     13.868    9.83353 
   11.0249    18.9428   0.477715 
-0.805774 137.13
 0.0305318    1.73849    2.38526 
   9.49042    7.14069   -4.25458 
   11.9929     14.146    1.20444 
-0.840369 85.1371
 0.0789435    1.73491    2.29063 
   7.08678    13.5695    15.5762 
   8.38941     7.9583    17.1647 
-0.350583 35.7061
  0.149443    1.72132    2.17417 
   13.1203    10.1612    1.36199 
   10.6105   -2.51265    6.77966 
-0.998533 196.277
  0.178217    1.70033    2.03559 
   17.8372    9.72547    10.0442 
   10.9288    9.44767    6.40216 
-0.444313 61.0679
  0.200638    1.69767    1.95272 
   14.0951    10.3827   -5.19099 
   9.67923     11.613    3.38815 
-0.663659 94.6149
    0.2436    1.69517    1.86057 
   21.8223    8.58598   -9.12448 
    15.512    8.04088   -5.45149 
-0.380825 53.6075
  0.293998    1.71641    1.81173 
   19.0398    8.73548   -11.9955 
   17.7769    10.8159    -10.319 
-0.159252 8.73357
   0.33683     1.7316    1.77084 
   24.5729     21.481   -2.86448 
   28.1493    11.7784   -21.9111 
-0.892799 469.704
  0.333076     1.7306    1.71282 
   15.2375    20.1488   -3.10606 
   27.5569    13.9614   -23.3118 
-1.24741 598.322
  0.334524    1.69412    1.66427 
   27.8649    6.10565   -21.0771 
   23.7858    13.8443   -25.1175 
-0.373153 92.8507
   0.28697    1.64796    1.63777 
   20.3814     13.383   -13.4086 
   31.8625    15.5472   -20.7268 
-0.657951 190.056
  0.262703    1.63578    1.62713 
   22.8455    14.0742   -14.0897 
   28.7019     12.293   -23.5798 
-0.500863 127.532
  0.251454    1.69063    1.57066 
   24.9524      22.44   -21.1904 
   29.0421    16.4586   -27.4235 
-0.335764 91.3554
  0.228595     1.8041    1.52166 
   19.9368    19.4407    -34.394 
   26.4448    18.8615   -32.6314 
-0.21625 45.7957
  0.229385     1.9463    1.50099 
    17.191    34.0752   -23.1707 
   17.6667    16.9261   -42.0366 
-0.808561 650.24
  0.208483    2.05521    1.46385 
    8.5842    20.4787   -32.3612 
   10.3535    24.4595   -44.3545 
-0.452626 162.816
  0.145074     2.1837    1.39433 
   5.58507    6.77392   -50.2755 
   8.17326    22.7952    -49.324 
-0.458685 264.285
  0.106123    2.29745    1.29048 
  0.252044   -2.54106   -62.8215 
   1.43871   -14.2392   -48.2883 
-0.437188 349.468
 0.0758076     2.4038    1.17488 
  -6.32118   -16.6763   -72.8645 
   -8.0211   -7.48335    -58.052 
-0.35235 306.81
 -0.033434    2.48159    1.09635 
  -11.4858   -17.8988   -75.8941 
  -27.2771   -26.7889   -76.5588 
-0.349211 328.842
 -0.139012    2.52009    1.03889 
  -13.4137   -7.90453    -76.695 
  -25.8878   -29.3579   -73.2802 
-0.485434 627.513
 -0.237954    2.54923    1.02787 
   -20.805   -12.7205    -75.168 
  -36.4852    2.24529   -80.5792 
-0.429234 499.126
  -0.33053    2.53856    1.01196 
  -18.1188   -15.7912   -80.8007 
  -30.7168    16.2214   -84.4095 
-0.627721 1196.53
  -0.48247    2.49302     1.0614 
  -17.3146   -6.61884   -77.5754 
   -20.433    30.5317   -77.3181 
-0.710463 1389.96
  -0.58403    2.44197     1.1048 
  -20.2036    33.6223   -71.7594 
   -10.897    32.8868    -68.277 
-0.185727 99.2804
 -0.619613    2.39011    1.12308 
  -15.6935    41.0361   -59.9329 
    -10.01    30.8404   -64.2381 
-0.25236 154.789
 -0.712756    2.33233    1.18704 
  -15.8147    32.4579   -62.0046 
  -11.7324    28.8979    -58.986 
-0.129726 38.4511
 -0.853705     2.2612    1.27848 
   -31.339    30.2906    -51.331 
  -15.1296    19.5383   -55.0201 
-0.437994 391.964
  -1.00354    2.15942    1.36426 
  -32.5545     19.811   -42.7778 
  -36.9228    9.55007    -43.196 
-0.284558 124.545
  -1.16261     2.0301    1.45966 
  -36.6905     14.198   -29.3016 
  -30.0738   -12.3279   -21.5974 
-0.82963 806.756
  -1.28751    1.92845     1.5981 
  -40.3941    3.00289   -12.9542 
  -24.6139    5.97646   -20.4643 
-0.58422 314.261
   -1.3885     1.7909    1.69378 
  -27.1637   -3.62151  -0.900058 
  -12.7007   -7.02917   -14.1025 
-0.94161 395.095
  -1.46514    1.63409    1.77412 
   -14.846   -16.8267   -4.73251 
  -1.97371   -12.0522   -15.1261 
-0.967238 296.517
  -1.54023    1.48566    1.92757 
   3.23674   -9.14817     19.938 
  -10.7539   -28.1844   -8.69916 
-2.12384 1378.21
  -1.62006    1.40332    2.09696 
   13.5654   -18.4635    9.24135 
   21.9621     -8.771    8.27531 
-0.679465 165.381
  -1.66751    1.28134    2.23337 
   27.6134    -21.713    12.9126 
   44.8418   -29.2175   0.550381 
-0.831468 505.958
  -1.74114     1.1741    2.31246 
   29.4493   -21.0215    6.64035 
   44.3213   -17.1448    3.63054 
-0.587605 245.263
  -1.83328    1.00986      2.414 
    35.233   -30.9133   -2.81514 
   45.2037   -25.6899   -9.90836 
-0.402375 177.013
   -1.9158   0.939247    2.49853 
    29.398   -39.6059   -5.77065 
   37.8587   -30.0488   -14.4766 
-0.446471 238.713
  -1.99543   0.889995    2.57264 
   34.8271   -36.3855   -13.2083 
   29.5511   -39.7279   -12.8663 
-0.173415 39.125
  -2.02024   0.800228    2.65087 
   32.9472   -38.0529   -10.8812 
   22.9817   -46.4498   -12.9339 
-0.3693 174.031
  -2.08389   0.737571    2.72965 
   27.4642   -39.0911    -14.518 
   21.7217   -47.6052   -12.5706 
-0.300619 109.259
  -2.16337   0.692685    2.79774 
   27.4018   -39.8402   -13.8049 
   19.9434   -39.7905    -6.9213 
-0.290104 103.015
   -2.2401   0.658439    2.90112 
    26.551   -43.2491   -18.7455 
    28.107   -48.1945   -25.4432 
-0.227084 71.7363
  -2.35658   0.624797     2.9431 
   19.1214   -55.8712   -16.5213 
    30.715   -49.5309   -30.0124 
-0.453629 356.622
  -2.45109   0.641702    2.93168 