   -0.1003     1.6707     2.5551    -7.1197    5.55609    2.88484 
-0.0888518    1.66193    2.54921   -7.66048    1.07715  -0.502161 
-0.0496571    1.67757    2.55768    4.87176    10.4068   -2.62514 
-0.0121889    1.70968    2.50713    4.62618    17.1716    4.47579 
 0.0208517    1.73763    2.43555     6.1418     13.868    9.83353 
 0.0305318    1.73849    2.38526    9.49042    7.14069   -4.25458 
 0.0789435    1.73491    2.29063    7.08678    13.5695    15.5762 
  0.149443    1.72132    2.17417    13.1203    10.1612    1.36199 
  0.178217    1.70033    2.03559    17.8372    9.72547    10.0442 
  0.200638    1.69767    1.95272    14.0951    10.3827   -5.19099 
    0.2436    1.69517    1.86057    21.8223    8.58598   -9.12448 
  0.293998    1.71641    1.81173    19.0398    8.73548   -11.9955 
   0.33683     1.7316    1.77084    24.5729     21.481   -2.86448 
  0.333076     1.7306    1.71282    15.2375    20.1488   -3.10606 
  0.334524    1.69412    1.66427    27.8649    6.10565   -21.0771 
   0.28697    1.64796    1.63777    20.3814     13.383   -13.4086 
  0.262703    1.63578    1.62713    22.8455    14.0742   -14.0897 
  0.251454    1.69063    1.57066    24.9524      22.44   -21.1904 
  0.228595     1.8041    1.52166    19.9368    19.4407    -34.394 
  0.229385     1.9463    1.50099     17.191    34.0752   -23.1707 
  0.208483    2.05521    1.46385     8.5842    20.4787   -32.3612 
  0.145074     2.1837    1.39433    5.58507    6.77392   -50.2755 
  0.106123    2.29745    1.29048   0.252044   -2.54106   -62.8215 
 0.0758076     2.4038    1.17488   -6.32118   -16.6763   -72.8645 
 -0.033434    2.48159    1.09635   -11.4858   -17.8988   -75.8941 
 -0.139012    2.52009    1.03889   -13.4137   -7.90453    -76.695 
 -0.237954    2.54923    1.02787    -20.805   -12.7205    -75.168 
  -0.33053    2.53856    1.01196   -18.1188   -15.7912   -80.8007 
  -0.48247    2.49302     1.0614   -17.3146   -6.61884   -77.5754 
  -0.58403    2.44197     1.1048   -20.2036    33.6223   -71.7594 
 -0.619613    2.39011    1.12308   -15.6935    41.0361   -59.9329 
 -0.712756    2.33233    1.18704   -15.8147    32.4579   -62.0046 
 -0.853705     2.2612    1.27848    -31.339    30.2906    -51.331 
  -1.00354    2.15942    1.36426   -32.5545     19.811   -42.7778 
  -1.16261     2.0301    1.45966   -36.6905     14.198   -29.3016 
  -1.28751    1.92845     1.5981   -40.3941    3.00289   -12.9542 
   -1.3885     1.7909    1.69378   -27.1637   -3.62151  -0.900058 
  -1.46514    1.63409    1.77412    -14.846   -16.8267   -4.73251 
  -1.54023    1.48566    1.92757    3.23674   -9.14817     19.938 
  -1.62006    1.40332    2.09696    13.5654   -18.4635    9.24135 
  -1.66751    1.28134    2.23337    27.6134    -21.713    12.9126 
  -1.74114     1.1741    2.31246    29.4493   -21.0215    6.64035 
  -1.83328    1.00986      2.414     35.233   -30.9133   -2.81514 
   -1.9158   0.939247    2.49853     29.398   -39.6059   -5.77065 
  -1.99543   0.889995    2.57264    34.8271   -36.3855   -13.2083 
  -2.02024   0.800228    2.65087    32.9472   -38.0529   -10.8812 
  -2.08389   0.737571    2.72965    27.4642   -39.0911    -14.518 
  -2.16337   0.692685    2.79774    27.4018   -39.8402   -13.8049 
   -2.2401   0.658439    2.90112     26.551   -43.2491   -18.7455 
  -2.35658   0.624797     2.9431    19.1214   -55.8712   -16.5213 
