Mean 0 Mean 1 Mean 2 Mean 3 Mean 4 Mean 5 Mean 6 Mean 7 Mean 8 Mean 9 Mean 10 Mean 11 Mean 12 Mean 13 Mean 14 Mean 15 Mean 16 Mean 17 Mean 18 Mean 19 Mean 20 Mean 21 Mean 22 Mean 23 Mean 24 Mean 25 Mean 26 Mean 27 Mean 28 Mean 29 
-1.13619 -2.30091 -2.60491 -1.64278 1.49919 -1.21724 0.999916 -1.27902 0.943307 -1.14981 2.28672 1.62545 1.0038 0.972306 -1.29757 -0.718358 -0.198415 2.87652 2.75406 0.863803 -0.547778 -2.97967 2.64577 0.391356 -0.229505 -0.107143 -2.5867 -2.12953 0.276157 0.658165 
-1.14296 -2.30188 -2.60592 -1.62348 1.5082 -1.2041 1.01223 -1.26762 0.928211 -1.15929 2.29104 1.61954 0.999276 0.969332 -1.30464 -0.713847 -0.20309 2.87032 2.73839 0.841775 -0.552644 -2.99202 2.64756 0.39407 -0.231247 -0.11133 -2.58841 -2.61848 1.79012 0.653457 
-1.13628 -2.30169 -2.61232 -1.64247 1.49681 -1.20956 1.01189 -1.27634 0.923629 -1.16744 2.30094 1.62068 1.00784 0.965917 -1.30736 -0.718861 -0.191294 2.86972 2.73392 0.837673 -0.554459 -2.99527 2.642 0.404859 -0.234827 -0.117294 -2.58467 -2.7809 2.28857 0.665882 
-1.13406 -2.30754 -2.60709 -1.6431 1.49238 -1.20744 1.00841 -1.28311 0.922112 -1.16896 2.29869 1.61705 1.01287 0.973079 -1.3174 -0.711233 -0.191239 2.87201 2.73204 0.829433 -0.561399 -3.00313 2.64165 0.411764 -0.237899 -0.117956 -2.58953 -2.86083 2.53678 0.670393 
-1.1333 -2.30806 -2.5979 -1.65402 1.49279 -1.21476 1.00496 -1.29481 0.92005 -1.16838 2.29594 1.60438 1.00997 0.982219 -1.32077 -0.701371 -0.180999 2.8712 2.74162 0.841317 -0.56982 -3.00628 2.63606 0.412921 -0.26032 -0.118366 -2.5996 -2.91989 2.69039 0.677543 
-1.12408 -2.30535 -2.5882 -1.65941 1.49682 -1.22018 1.00201 -1.28255 0.909207 -1.16637 2.2962 1.59258 1.0026 0.99136 -1.33451 -0.695693 -0.177579 2.86111 2.75112 0.833394 -0.589073 -3.00972 2.62857 0.420927 -0.271781 -0.119817 -2.6012 -2.95442 2.78981 0.670663 
-1.11174 -2.29535 -2.59679 -1.66057 1.49706 -1.21572 0.996319 -1.27508 0.899667 -1.16704 2.30597 1.57306 0.994943 1.00199 -1.35 -0.686991 -0.168007 2.83603 2.77616 0.81921 -0.613917 -3.00941 2.62373 0.418208 -0.292892 -0.109877 -2.57565 -2.97193 2.85286 0.659614 
-1.11464 -2.2952 -2.58683 -1.65862 1.50189 -1.20867 0.994121 -1.271 0.885975 -1.17339 2.29967 1.57228 0.987862 1.00137 -1.35087 -0.684039 -0.171256 2.84174 2.76555 0.807444 -0.624093 -3.01361 2.63102 0.413395 -0.289164 -0.113571 -2.58433 -2.99296 2.90578 0.664004 
-1.11563 -2.29175 -2.58677 -1.659 1.50077 -1.20217 0.983665 -1.27567 0.867335 -1.1766 2.30208 1.57253 0.984466 1.00672 -1.35987 -0.679666 -0.178504 2.8443 2.76287 0.802276 -0.635801 -3.01654 2.63001 0.404129 -0.284468 -0.113529 -2.58057 -3.00481 2.95335 0.652674 
-1.12532 -2.29073 -2.58718 -1.67046 1.49043 -1.2017 0.973968 -1.28222 0.849043 -1.17713 2.29079 1.57392 0.981832 1.00862 -1.35697 -0.669819 -0.186691 2.8542 2.74708 0.802647 -0.636539 -3.03055 2.62823 0.401712 -0.281035 -0.124087 -2.57817 -3.01594 2.9937 0.656841 
-1.12677 -2.29086 -2.59029 -1.68881 1.47839 -1.20874 0.970939 -1.27705 0.837718 -1.17145 2.27293 1.57366 0.975659 1.00866 -1.34366 -0.652754 -0.195992 2.86514 2.72049 0.813968 -0.633412 -3.05084 2.61925 0.393912 -0.278845 -0.136063 -2.58393 -3.02995 3.02194 0.662454 
-1.12531 -2.29601 -2.58992 -1.71092 1.4616 -1.21373 0.971302 -1.2792 0.824294 -1.16418 2.2634 1.5844 0.969527 1.01031 -1.32813 -0.639186 -0.216176 2.87785 2.69603 0.826469 -0.629487 -3.04787 2.61024 0.379736 -0.276707 -0.15485 -2.60008 -3.05184 3.04489 0.653575 
-1.13985 -2.30585 -2.59597 -1.73201 1.44375 -1.22488 0.971988 -1.29261 0.793093 -1.13827 2.26531 1.59262 0.960663 1.01162 -1.32552 -0.623535 -0.234307 2.89474 2.661 0.853721 -0.609667 -3.05929 2.60133 0.350117 -0.288652 -0.188722 -2.61888 -3.06641 3.06548 0.641398 
-1.14949 -2.31241 -2.60999 -1.74614 1.43233 -1.22898 0.972774 -1.29812 0.767612 -1.1131 2.28479 1.59835 0.959287 1.00672 -1.33267 -0.611482 -0.256225 2.90022 2.62233 0.867576 -0.587978 -3.0623 2.5962 0.316281 -0.283476 -0.216952 -2.63504 -3.06713 3.09148 0.61695 
-1.1574 -2.32774 -2.61851 -1.7593 1.42248 -1.24621 0.982968 -1.28684 0.746133 -1.084 2.30918 1.59266 0.964827 1.00784 -1.33754 -0.60072 -0.269905 2.91339 2.58828 0.88292 -0.559438 -3.07145 2.58505 0.285671 -0.265421 -0.234211 -2.67184 -3.07594 3.11439 0.602979 
-1.15977 -2.33979 -2.62644 -1.76463 1.40886 -1.26344 0.988588 -1.29399 0.713766 -1.06069 2.3412 1.58883 0.968149 1.0127 -1.34403 -0.584983 -0.287936 2.93658 2.56406 0.901155 -0.528785 -3.08234 2.56784 0.243533 -0.240107 -0.252211 -2.70768 -3.08388 3.13179 0.581203 
-1.16442 -2.33012 -2.63349 -1.75727 1.40657 -1.28373 0.986948 -1.30748 0.687773 -1.05377 2.36695 1.58246 0.967901 1.01596 -1.35764 -0.566261 -0.285419 2.95808 2.54766 0.897904 -0.511795 -3.08962 2.55337 0.205936 -0.211356 -0.261168 -2.72407 -3.0782 3.15981 0.556171 
-1.14848 -2.33994 -2.62875 -1.74142 1.40798 -1.3123 0.987922 -1.30833 0.678241 -1.04879 2.38847 1.57261 0.965559 1.00812 -1.36586 -0.556273 -0.290315 2.98012 2.51989 0.88751 -0.504596 -3.09259 2.54148 0.173034 -0.183459 -0.278653 -2.74811 -3.08017 3.19982 0.556245 
-1.13294 -2.36931 -2.62684 -1.74255 1.38633 -1.35496 0.99795 -1.33049 0.642804 -1.02828 2.43595 1.57544 0.976983 0.99373 -1.35807 -0.525394 -0.310691 3.00278 2.48474 0.888639 -0.467479 -3.09189 2.5239 0.122172 -0.141121 -0.301539 -2.80123 -3.07571 3.21027 0.558276 
-1.12751 -2.41068 -2.61929 -1.73835 1.35699 -1.39984 0.977521 -1.34922 0.607555 -1.01913 2.48958 1.55326 0.973763 0.975227 -1.36077 -0.507046 -0.334645 3.02628 2.44816 0.894651 -0.44443 -3.10014 2.50939 0.0709082 -0.106211 -0.328496 -2.8188 -3.06525 3.24162 0.573344 
-1.12701 -2.43296 -2.6048 -1.72705 1.34708 -1.42175 0.928853 -1.35124 0.585101 -1.04093 2.51192 1.50214 0.952107 0.949786 -1.37846 -0.522255 -0.319426 3.04519 2.42654 0.849366 -0.47206 -3.09811 2.49538 0.0486441 -0.0839574 -0.331224 -2.79356 -3.04197 3.32001 0.599849 
-1.11247 -2.40775 -2.60382 -1.71193 1.3937 -1.45889 0.931991 -1.35631 0.585683 -1.04703 2.48456 1.49115 0.926986 0.916769 -1.39102 -0.499291 -0.287517 3.0565 2.39776 0.831325 -0.487722 -3.08144 2.47833 0.0167629 -0.0776618 -0.342845 -2.81298 -3.02756 3.34011 0.594545 
-1.08904 -2.38431 -2.58601 -1.70434 1.40887 -1.47501 0.938172 -1.3644 0.568406 -1.04564 2.4624 1.51346 0.919963 0.877256 -1.39161 -0.472445 -0.232839 3.05044 2.38801 0.780479 -0.48563 -3.06433 2.46343 -0.00797748 -0.0634427 -0.345793 -2.85221 -3.00587 3.33908 0.607636 
-1.05748 -2.37928 -2.57105 -1.71812 1.40062 -1.46913 0.941284 -1.36845 0.510194 -1.0398 2.43515 1.55606 0.938024 0.811696 -1.3551 -0.436607 -0.132981 3.04333 2.38723 0.712144 -0.466135 -3.04888 2.4377 -0.0307605 -0.0295746 -0.329898 -2.93732 -2.99694 3.30723 0.630245 
-1.05328 -2.35773 -2.57866 -1.70111 1.40363 -1.46778 0.939041 -1.38022 0.485825 -1.04005 2.43999 1.57592 0.913145 0.771321 -1.35939 -0.418464 -0.0752316 3.03206 2.39531 0.695716 -0.466535 -3.02938 2.44443 -0.0489489 -0.0315235 -0.332947 -2.9852 -2.9789 3.28055 0.636842 
-1.05918 -2.34312 -2.58675 -1.67687 1.40733 -1.45658 0.939591 -1.3937 0.486027 -1.04496 2.43551 1.58585 0.880367 0.744244 -1.36576 -0.399448 -0.0381497 3.01618 2.42036 0.688086 -0.477027 -3.01943 2.45115 -0.0709826 -0.0432976 -0.325505 -3.03096 -2.9677 3.24528 0.633446 
-1.05732 -2.3323 -2.60251 -1.66446 1.41063 -1.44248 0.958253 -1.407 0.5204 -1.03679 2.43461 1.57214 0.866202 0.738278 -1.37156 -0.380038 -0.0461621 2.99589 2.43528 0.698648 -0.481451 -3.03517 2.43799 -0.0715726 -0.0410527 -0.304854 -3.04747 -2.97053 3.2263 0.656855 
-1.07675 -2.32076 -2.60862 -1.61794 1.41805 -1.43487 0.969322 -1.43181 0.57423 -1.01652 2.43933 1.5448 0.835925 0.763755 -1.37871 -0.368851 -0.0753522 2.9957 2.46374 0.723917 -0.489304 -3.05538 2.44007 -0.0592405 -0.0354948 -0.277623 -3.05295 -2.95797 3.21678 0.677861 
-1.10014 -2.31534 -2.60765 -1.55704 1.41165 -1.41718 0.983373 -1.46533 0.612043 -0.99152 2.45395 1.52371 0.791368 0.808161 -1.36895 -0.375155 -0.112893 2.99736 2.49254 0.734163 -0.501146 -3.0629 2.44752 -0.0351142 -0.0373462 -0.252436 -3.05744 -2.94482 3.20107 0.688633 
-1.1154 -2.30865 -2.59996 -1.50667 1.41602 -1.40664 1.00236 -1.49092 0.63546 -0.971948 2.47068 1.50908 0.761987 0.840978 -1.35895 -0.387347 -0.146238 2.99091 2.51763 0.728826 -0.520412 -3.05932 2.45372 -0.0169807 -0.0435083 -0.217663 -3.06513 -2.92155 3.18862 0.698183 
-1.11655 -2.30157 -2.5785 -1.50648 1.42711 -1.40399 1.02798 -1.49398 0.656003 -0.972719 2.4813 1.50696 0.743897 0.872353 -1.34803 -0.397589 -0.158621 2.9825 2.53324 0.721757 -0.532092 -3.05895 2.44723 0.00742391 -0.0696943 -0.174728 -3.07374 -2.89452 3.16608 0.691466 
-1.10306 -2.30187 -2.54322 -1.53889 1.4568 -1.41905 1.04493 -1.49143 0.661643 -0.979478 2.50421 1.49928 0.769472 0.899073 -1.35964 -0.40622 -0.160309 2.96537 2.53289 0.715707 -0.536586 -3.0568 2.44117 0.0346177 -0.0785169 -0.118448 -3.07383 -2.86371 3.16774 0.700784 
-1.08266 -2.30086 -2.52179 -1.55631 1.48398 -1.44351 1.03464 -1.48637 0.668925 -0.989381 2.52291 1.49141 0.787625 0.930541 -1.37171 -0.419231 -0.169552 2.95584 2.54818 0.710569 -0.535248 -3.04658 2.44433 0.0501459 -0.0963632 -0.0738216 -3.06574 -2.84776 3.16306 0.717699 
-1.07528 -2.26072 -2.51442 -1.55479 1.49763 -1.42894 1.04236 -1.49539 0.693919 -0.968109 2.53984 1.46572 0.80909 0.959073 -1.3834 -0.405398 -0.15954 2.97484 2.56714 0.70806 -0.541292 -3.06079 2.46045 0.0777905 -0.119721 -0.0459631 -2.98548 -2.84088 3.18048 0.74017 
-1.07074 -2.20093 -2.51709 -1.55241 1.50932 -1.40926 1.04384 -1.50948 0.719446 -0.939994 2.58338 1.4375 0.8101 0.980612 -1.39346 -0.382171 -0.147931 2.99063 2.57924 0.704122 -0.534907 -3.0831 2.45789 0.097577 -0.147305 -0.00599877 -2.91662 -2.82128 3.19252 0.770615 
-1.0651 -2.14103 -2.52342 -1.54655 1.52524 -1.39606 1.01442 -1.50959 0.726491 -0.920978 2.61721 1.43649 0.811979 1.02456 -1.38765 -0.372648 -0.136805 2.99721 2.58875 0.706357 -0.529118 -3.08304 2.44446 0.109073 -0.185424 0.0211862 -2.84806 -2.80119 3.19289 0.796 
-1.04134 -2.07423 -2.53168 -1.52309 1.51179 -1.38155 0.980937 -1.50491 0.74452 -0.881088 2.63391 1.45871 0.832562 1.04944 -1.37571 -0.370401 -0.144779 2.99727 2.58815 0.764719 -0.527342 -3.11178 2.41852 0.113225 -0.201159 0.0476608 -2.773 -2.78628 3.18823 0.830999 
-1.01035 -2.0199 -2.52174 -1.5059 1.514 -1.35916 0.973958 -1.52053 0.776517 -0.855365 2.63825 1.50686 0.851335 1.09059 -1.35011 -0.350994 -0.147994 3.00763 2.60451 0.806026 -0.535855 -3.12 2.38186 0.117082 -0.216614 0.070304 -2.70928 -2.75875 3.18309 0.879531 
-0.976556 -1.99131 -2.54355 -1.49339 1.53487 -1.35109 0.967313 -1.53455 0.803827 -0.849096 2.67189 1.52656 0.843498 1.12828 -1.3176 -0.350162 -0.163927 3.01666 2.63735 0.836098 -0.527116 -3.11236 2.34689 0.114978 -0.23631 0.106953 -2.66564 -2.73258 3.179 0.932205 
-0.945286 -1.99243 -2.57164 -1.46562 1.56139 -1.33982 0.962227 -1.53828 0.794459 -0.831145 2.68577 1.53526 0.779643 1.17644 -1.26628 -0.339159 -0.190158 3.00631 2.66263 0.848263 -0.488409 -3.08395 2.30318 0.0992631 -0.272902 0.127021 -2.60411 -2.72007 3.17269 0.974857 
