Mean 0 Mean 1 Mean 2 Mean 3 Mean 4 Mean 5 Mean 6 Mean 7 Mean 8 Mean 9 Mean 10 Mean 11 Mean 12 Mean 13 Mean 14 Mean 15 Mean 16 Mean 17 Mean 18 Mean 19 Mean 20 Mean 21 Mean 22 Mean 23 Mean 24 Mean 25 Mean 26 Mean 27 Mean 28 Mean 29 
-1.23401 0.970327 -2.08388 -1.58636 2.14101 -1.63126 0.929024 1.12515 -2.20513 -2.53702 2.68048 2.66541 0.950029 0.953181 -1.60358 2.62757 0.367677 2.09113 0.816283 -2.80023 2.31551 -1.88062 -0.677105 2.48902 2.57886 1.62501 -0.184119 -1.93544 -2.74752 2.47945 
-1.2179 0.959645 -2.08442 -1.5837 2.1435 -1.61765 0.922796 1.12523 -2.21541 -2.547 2.67009 2.66781 0.953294 0.953456 -1.60283 2.62998 0.371671 2.09595 0.814535 -2.80366 2.3149 -1.87358 -0.681659 2.48916 2.58715 2.41673 -0.189793 -1.93448 -2.74386 2.4821 
-1.21402 0.96041 -2.08802 -1.58581 2.15044 -1.61054 0.925173 1.12623 -2.22026 -2.54845 2.66939 2.6671 0.955334 0.950584 -1.60184 2.62799 0.373468 2.09096 0.816589 -2.79813 2.31247 -1.87763 -0.691818 2.49652 2.58917 2.6812 -0.192989 -1.93612 -2.74182 2.48602 
-1.2059 0.957507 -2.09844 -1.58631 2.15987 -1.59843 0.930701 1.1301 -2.22917 -2.5533 2.66272 2.66466 0.961497 0.941995 -1.59408 2.63176 0.377018 2.08753 0.814437 -2.79925 2.30969 -1.8778 -0.699789 2.51132 2.58707 2.81505 -0.192033 -1.93662 -2.74402 2.49643 
-1.20403 0.961175 -2.10639 -1.58473 2.16725 -1.58924 0.932021 1.12302 -2.22944 -2.55801 2.66442 2.65309 0.96239 0.938125 -1.58888 2.63499 0.3832 2.08378 0.813654 -2.78787 2.30838 -1.87888 -0.707711 2.52708 2.58317 2.89503 -0.201691 -1.94269 -2.74691 2.50375 
-1.21117 0.968776 -2.11646 -1.5863 2.17163 -1.59294 0.931521 1.11444 -2.22281 -2.56307 2.66919 2.63872 0.962551 0.941243 -1.58379 2.6341 0.38342 2.08454 0.807928 -2.77492 2.30891 -1.88306 -0.713492 2.54322 2.58395 2.95148 -0.218002 -1.95165 -2.7455 2.51323 
-1.20925 0.973213 -2.10871 -1.57135 2.18296 -1.56669 0.933011 1.09725 -2.22353 -2.57956 2.66665 2.61309 0.968661 0.945409 -1.57075 2.67072 0.389597 2.07191 0.790751 -2.76557 2.3027 -1.85863 -0.711407 2.56305 2.59031 3.00273 -0.244163 -1.94091 -2.74095 2.514 
-1.21146 0.976787 -2.10084 -1.56022 2.19834 -1.54372 0.932335 1.08579 -2.23358 -2.58818 2.65694 2.58573 0.971861 0.949773 -1.56666 2.71431 0.383949 2.05813 0.789733 -2.77403 2.3038 -1.82444 -0.702645 2.58038 2.5977 3.043 -0.265444 -1.92677 -2.74041 2.51008 
-1.2153 0.985219 -2.11467 -1.55522 2.20844 -1.53332 0.934462 1.08447 -2.23564 -2.57559 2.65912 2.55362 0.973633 0.944582 -1.57338 2.72997 0.369314 2.04817 0.791466 -2.78087 2.30074 -1.82157 -0.710451 2.60685 2.60042 3.06828 -0.252541 -1.93654 -2.73163 2.4988 
-1.21743 0.987075 -2.11871 -1.55986 2.2131 -1.53048 0.93215 1.08749 -2.24248 -2.5641 2.66963 2.53476 0.976202 0.942423 -1.57017 2.72928 0.366321 2.05919 0.787215 -2.77235 2.29596 -1.84366 -0.722745 2.61271 2.60931 3.06955 -0.246675 -1.94549 -2.72164 2.49562 
-1.22035 0.987275 -2.12272 -1.56484 2.21158 -1.5308 0.932604 1.10029 -2.23793 -2.54386 2.66743 2.52624 0.983635 0.936916 -1.57873 2.72569 0.360048 2.0804 0.771761 -2.76632 2.29658 -1.87549 -0.731605 2.61508 2.61889 3.07234 -0.237823 -1.95627 -2.70377 2.49873 
-1.19806 0.968146 -2.11949 -1.58309 2.20479 -1.47236 0.931412 1.19891 -2.2245 -2.53874 2.66406 2.49749 0.965057 0.927419 -1.59792 2.68991 0.374047 2.1391 0.687009 -2.81571 2.26205 -1.92592 -0.717739 2.59573 2.6312 3.05042 -0.203471 -2.02522 -2.64858 2.55157 
-1.17914 0.949866 -2.11691 -1.59745 2.20269 -1.42677 0.926176 1.28215 -2.2166 -2.52949 2.65287 2.47549 0.939888 0.927062 -1.61911 2.65636 0.383637 2.18376 0.618553 -2.8593 2.23984 -1.96341 -0.696844 2.57784 2.64056 3.02873 -0.169978 -2.08203 -2.5938 2.59528 
-1.17297 0.938432 -2.11893 -1.59652 2.19456 -1.4155 0.916523 1.30646 -2.21609 -2.5132 2.63674 2.47442 0.92805 0.919382 -1.63329 2.64176 0.378137 2.2041 0.594767 -2.87043 2.239 -1.98297 -0.701592 2.57046 2.6401 3.01661 -0.134562 -2.10511 -2.55962 2.60509 
-1.17858 0.937388 -2.12264 -1.58051 2.19405 -1.43545 0.910957 1.26934 -2.22144 -2.50712 2.62624 2.48404 0.925792 0.914726 -1.63854 2.65673 0.365637 2.20707 0.617714 -2.84745 2.25047 -1.99288 -0.741049 2.57019 2.6419 3.03558 -0.12287 -2.08486 -2.55824 2.5857 
-1.17961 0.926796 -2.12433 -1.56207 2.19305 -1.45134 0.900416 1.2389 -2.21637 -2.49386 2.616 2.48768 0.921311 0.910532 -1.64225 2.66315 0.346923 2.22317 0.631015 -2.82493 2.2627 -2.00687 -0.780577 2.57107 2.64783 3.05292 -0.109309 -2.07024 -2.54402 2.57589 
-1.18263 0.912667 -2.11246 -1.53809 2.19375 -1.47309 0.891712 1.20183 -2.21619 -2.47775 2.61613 2.49875 0.917892 0.906606 -1.64674 2.68358 0.326917 2.22554 0.662588 -2.80264 2.28312 -2.00962 -0.817582 2.57045 2.63932 3.07105 -0.107933 -2.04933 -2.53683 2.55639 
-1.19081 0.892123 -2.09507 -1.51426 2.20132 -1.49423 0.88288 1.17339 -2.21196 -2.46471 2.60339 2.51154 0.916908 0.907097 -1.66473 2.72708 0.291708 2.23479 0.691879 -2.78996 2.30483 -2.00154 -0.853464 2.57204 2.62797 3.08724 -0.109843 -2.03317 -2.53731 2.52781 
-1.1997 0.866002 -2.08179 -1.49928 2.20143 -1.51155 0.864711 1.13404 -2.21822 -2.44454 2.59768 2.53215 0.918721 0.9121 -1.68336 2.75636 0.259163 2.23609 0.713621 -2.76962 2.32454 -1.98802 -0.878621 2.56851 2.60753 3.08412 -0.119462 -2.02004 -2.54328 2.50211 
-1.2084 0.847887 -2.07309 -1.49458 2.18279 -1.52781 0.8384 1.11095 -2.21345 -2.42495 2.59044 2.55445 0.911778 0.916645 -1.70176 2.76208 0.231892 2.23039 0.713779 -2.74477 2.33217 -1.98901 -0.895532 2.56996 2.59043 3.0701 -0.135869 -2.00791 -2.54088 2.48632 
-1.207 0.835125 -2.04849 -1.49319 2.16609 -1.53633 0.818147 1.08579 -2.20072 -2.40818 2.58837 2.57902 0.902089 0.931821 -1.71757 2.76625 0.211954 2.22188 0.716677 -2.72378 2.32363 -1.98906 -0.910039 2.58256 2.5698 3.05168 -0.157583 -1.99945 -2.53444 2.47235 
-1.20884 0.81919 -2.02029 -1.49735 2.1378 -1.55182 0.794287 1.06015 -2.1951 -2.38357 2.58351 2.62095 0.885147 0.940022 -1.72877 2.76357 0.193631 2.19962 0.719439 -2.70004 2.31951 -1.99664 -0.92355 2.58927 2.53793 3.02196 -0.179992 -1.9912 -2.53409 2.45482 
-1.2138 0.797997 -1.99193 -1.50489 2.10432 -1.56625 0.758454 1.03198 -2.17866 -2.35429 2.57867 2.66333 0.872127 0.932036 -1.75404 2.76187 0.160016 2.17499 0.729671 -2.66782 2.31029 -2.00548 -0.937792 2.59449 2.51399 3.00285 -0.210529 -1.97229 -2.54741 2.42466 
-1.21046 0.766134 -1.96404 -1.51343 2.08531 -1.57547 0.72856 1.02446 -2.17111 -2.32866 2.57632 2.70144 0.839992 0.91961 -1.77412 2.76354 0.125148 2.15508 0.736734 -2.64913 2.30269 -2.01054 -0.946407 2.59902 2.48346 2.9722 -0.232482 -1.96604 -2.55077 2.40077 
-1.22704 0.743834 -1.9269 -1.51945 2.05919 -1.57477 0.68431 0.968839 -2.16151 -2.28864 2.5371 2.75019 0.822238 0.911862 -1.82338 2.75443 0.0713043 2.13625 0.737518 -2.6257 2.29645 -2.0135 -0.961527 2.58725 2.44506 2.93494 -0.278685 -1.93454 -2.5727 2.34656 
-1.22145 0.748429 -1.91418 -1.53029 2.05851 -1.58239 0.689255 0.939454 -2.14529 -2.2689 2.56297 2.75761 0.819891 0.940081 -1.81735 2.76929 0.0515335 2.1416 0.743083 -2.60933 2.28431 -1.9792 -0.983996 2.59336 2.47414 2.96268 -0.311821 -1.91035 -2.58184 2.33404 
-1.21362 0.769691 -1.91415 -1.55244 2.05148 -1.58536 0.703957 0.908301 -2.1313 -2.24864 2.60784 2.76882 0.814017 0.976356 -1.81842 2.78303 0.0462583 2.14692 0.760784 -2.59973 2.27374 -1.95392 -0.995427 2.60789 2.50592 3.00396 -0.346644 -1.88365 -2.59644 2.33126 
-1.20788 0.786206 -1.92184 -1.56974 2.03803 -1.59593 0.714144 0.872687 -2.11618 -2.22057 2.65216 2.78028 0.809706 1.01043 -1.82075 2.79494 0.0367805 2.15201 0.771919 -2.57485 2.27123 -1.93705 -0.999697 2.62268 2.53451 3.03107 -0.373162 -1.86035 -2.6169 2.34181 
-1.19623 0.79508 -1.91407 -1.58558 2.03456 -1.60492 0.724043 0.827702 -2.08331 -2.19579 2.68776 2.77873 0.80087 1.05607 -1.8147 2.8082 0.0241879 2.18167 0.785303 -2.53802 2.25871 -1.92104 -1.02823 2.62565 2.5667 3.08166 -0.392458 -1.82314 -2.63068 2.3536 
-1.18031 0.776303 -1.88807 -1.6084 2.04282 -1.61973 0.735106 0.787725 -2.05607 -2.17781 2.69878 2.7829 0.783986 1.10027 -1.81098 2.8451 0.011462 2.2287 0.790968 -2.49803 2.25048 -1.9224 -1.07861 2.60983 2.58955 3.12195 -0.41058 -1.78281 -2.64327 2.36855 
-1.16796 0.775388 -1.86981 -1.64034 2.04546 -1.64256 0.749784 0.754543 -2.04519 -2.16182 2.69101 2.78726 0.775425 1.12814 -1.80874 2.87475 0.00808818 2.24912 0.798531 -2.47549 2.24586 -1.93518 -1.11699 2.60769 2.59499 3.15782 -0.427628 -1.74766 -2.65688 2.37972 
-1.16346 0.787055 -1.85241 -1.66761 2.04131 -1.65945 0.746977 0.716429 -2.05462 -2.13349 2.66769 2.80069 0.77728 1.13718 -1.82101 2.8879 -0.00276378 2.24735 0.798191 -2.4745 2.24024 -1.95162 -1.14523 2.59313 2.58687 3.15593 -0.437046 -1.71816 -2.66928 2.37288 
-1.18491 0.822311 -1.84976 -1.68066 2.03501 -1.66624 0.74328 0.681152 -2.08235 -2.12174 2.62274 2.82117 0.784401 1.13089 -1.83636 2.86835 -0.0285141 2.21294 0.821642 -2.5039 2.23086 -1.96271 -1.15036 2.55046 2.5309 3.13752 -0.448066 -1.68417 -2.67412 2.35288 
-1.2225 0.87767 -1.85016 -1.67877 2.03569 -1.67183 0.743231 0.646754 -2.12987 -2.11994 2.59363 2.82377 0.799444 1.11842 -1.83699 2.84085 -0.0429875 2.17885 0.834412 -2.53937 2.21277 -1.97341 -1.13452 2.50876 2.48495 3.13166 -0.453513 -1.64707 -2.66047 2.34598 
-1.27809 0.916543 -1.85215 -1.66058 2.03769 -1.68112 0.720668 0.622147 -2.20664 -2.13082 2.54335 2.82286 0.815118 1.10196 -1.84034 2.79888 -0.0733827 2.12964 0.8334 -2.56934 2.19929 -1.96643 -1.11057 2.4396 2.44124 3.12627 -0.453566 -1.60609 -2.62462 2.32627 
-1.31088 0.94335 -1.87164 -1.62246 2.02933 -1.69604 0.71327 0.609381 -2.28075 -2.14245 2.50439 2.80233 0.862925 1.07773 -1.80249 2.77944 -0.0934988 2.11588 0.779542 -2.58789 2.18816 -1.97279 -1.07008 2.37813 2.43193 3.14058 -0.430014 -1.5859 -2.59533 2.34051 
-1.35578 0.985882 -1.88771 -1.58484 2.01338 -1.70755 0.70315 0.594275 -2.35549 -2.15777 2.44858 2.78322 0.915299 1.05718 -1.77021 2.76949 -0.111515 2.10005 0.738547 -2.60626 2.17977 -1.97152 -1.02941 2.31144 2.41973 3.14168 -0.398805 -1.55073 -2.56107 2.3521 
-1.35524 1.03537 -1.87803 -1.56659 2.00238 -1.71175 0.671846 0.553018 -2.38193 -2.11049 2.39589 2.78173 0.968461 1.01972 -1.76728 2.78811 -0.143284 2.08072 0.682839 -2.62341 2.18342 -1.96708 -1.00554 2.24815 2.36649 3.11001 -0.336567 -1.52555 -2.58846 2.30581 
-1.36857 1.06397 -1.88611 -1.57229 2.00848 -1.70606 0.628211 0.52222 -2.41465 -2.06927 2.33896 2.80076 0.97679 0.982399 -1.77646 2.80201 -0.196635 2.03396 0.637964 -2.63761 2.16889 -1.9417 -0.995803 2.20167 2.33574 3.0748 -0.295983 -1.51211 -2.62197 2.23213 
-1.3606 1.07579 -1.91056 -1.5566 2.03598 -1.72375 0.589641 0.505494 -2.44701 -2.05016 2.27235 2.8024 0.982069 0.952373 -1.75361 2.81155 -0.243752 2.01985 0.604585 -2.64985 2.16943 -1.92919 -1.00191 2.16678 2.31285 3.06549 -0.2631 -1.51473 -2.66223 2.17062 
