Mean 0 Mean 1 Mean 2 Mean 3 Mean 4 Mean 5 Mean 6 Mean 7 Mean 8 Mean 9 Mean 10 Mean 11 Mean 12 Mean 13 Mean 14 Mean 15 Mean 16 Mean 17 Mean 18 Mean 19 Mean 20 Mean 21 Mean 22 Mean 23 Mean 24 Mean 25 Mean 26 Mean 27 Mean 28 Mean 29 
-1.3535 -2.53142 -1.42073 -1.31581 2.24868 1.08667 0.992882 -1.16388 -1.21796 -1.98676 1.22398 1.40975 0.775801 0.907945 -1.10407 -0.306629 2.25133 0.145307 2.9233 2.94172 1.07553 -0.300196 2.75059 -0.575372 2.7622 -2.55314 -2.86227 -2.02899 2.8182 2.69882 
-1.34081 -2.52795 -1.4095 -1.32591 2.25392 1.09806 0.983298 -1.18143 -1.23664 -2.00536 1.21345 1.40857 0.774267 0.913962 -1.11761 -0.317588 2.22795 0.148279 2.90895 2.93741 1.06539 -1.7551 2.74462 -0.549227 2.7556 -2.5569 -2.84897 -2.02788 2.9044 2.69615 
-1.34684 -2.53618 -1.40948 -1.332 2.24932 1.09499 0.987849 -1.1691 -1.24553 -1.9946 1.21851 1.41494 0.778347 0.913195 -1.109 -0.314125 2.2405 0.144502 2.91579 2.93363 1.0767 -2.25206 2.74651 -0.55335 2.75734 -2.55634 -2.85124 -2.01991 2.93455 2.69007 
-1.34918 -2.53843 -1.41038 -1.3462 2.23931 1.09381 0.981073 -1.18047 -1.26015 -1.98962 1.22294 1.41961 0.795229 0.913258 -1.11325 -0.314912 2.2338 0.144753 2.91799 2.93495 1.08098 -2.49741 2.75648 -0.555022 2.76545 -2.5706 -2.87225 -2.01356 2.96571 2.68444 
-1.36048 -2.5541 -1.41114 -1.34497 2.2288 1.0779 0.981782 -1.1708 -1.26428 -1.98323 1.24403 1.42232 0.794245 0.922529 -1.11719 -0.312255 2.25261 0.13405 2.91921 2.94698 1.08922 -2.65634 2.76512 -0.553414 2.77625 -2.56878 -2.8889 -2.00733 2.97765 2.68174 
-1.36288 -2.55755 -1.4113 -1.36207 2.22125 1.06204 0.984951 -1.1658 -1.27171 -1.96919 1.25583 1.4253 0.796247 0.924455 -1.1147 -0.316457 2.25203 0.131146 2.92483 2.94753 1.08922 -2.7628 2.76276 -0.547188 2.78485 -2.5691 -2.90269 -2.00668 2.99812 2.67272 
-1.3503 -2.55786 -1.41389 -1.3729 2.2145 1.05829 0.983921 -1.18574 -1.27614 -1.9512 1.26564 1.43752 0.79895 0.921918 -1.11588 -0.320697 2.23935 0.134659 2.93028 2.93926 1.08303 -2.82605 2.75977 -0.550138 2.78522 -2.5735 -2.89447 -2.00036 3.01204 2.6671 
-1.34367 -2.55916 -1.4254 -1.38269 2.20211 1.05869 0.97828 -1.20958 -1.28195 -1.92752 1.28299 1.4526 0.798131 0.921093 -1.10875 -0.324666 2.23259 0.132834 2.93503 2.93222 1.08146 -2.87137 2.75111 -0.555588 2.7865 -2.57964 -2.87305 -1.99019 3.0276 2.66544 
-1.34137 -2.55931 -1.43118 -1.39486 2.18891 1.05867 0.98314 -1.22241 -1.29306 -1.91224 1.29273 1.45842 0.799501 0.920275 -1.10645 -0.325317 2.22437 0.13251 2.93375 2.92609 1.08575 -2.91579 2.74761 -0.563407 2.78538 -2.58222 -2.867 -1.98667 3.03479 2.66016 
-1.34894 -2.55723 -1.43482 -1.40096 2.18403 1.06202 0.979054 -1.22747 -1.3007 -1.91401 1.29746 1.45337 0.797255 0.915038 -1.11073 -0.319469 2.22313 0.130363 2.91883 2.91301 1.08886 -2.94727 2.74912 -0.565015 2.7847 -2.59203 -2.86318 -1.9775 3.04989 2.66782 
-1.36048 -2.55374 -1.43337 -1.40782 2.16889 1.06242 0.977167 -1.22384 -1.3093 -1.90555 1.30018 1.45304 0.791343 0.911198 -1.11516 -0.320696 2.22415 0.132047 2.90292 2.91102 1.08951 -2.97427 2.75336 -0.566582 2.78854 -2.59089 -2.85793 -1.97586 3.07238 2.66439 
-1.3794 -2.55142 -1.44309 -1.42068 2.15214 1.05745 0.969827 -1.21817 -1.32283 -1.89478 1.294 1.45674 0.787763 0.907978 -1.11715 -0.320069 2.21657 0.137271 2.88087 2.92737 1.09954 -3.00025 2.76259 -0.570514 2.79335 -2.57845 -2.85595 -1.97375 3.10548 2.65428 
-1.40789 -2.55427 -1.46832 -1.45957 2.13662 1.03925 0.962107 -1.18378 -1.33966 -1.86425 1.28024 1.45611 0.788063 0.898971 -1.11164 -0.320373 2.20179 0.14065 2.83097 2.95318 1.12158 -3.02801 2.77738 -0.573345 2.79493 -2.57652 -2.86393 -1.97586 3.13833 2.64913 
-1.45164 -2.56086 -1.50935 -1.51809 2.12856 1.0119 0.950605 -1.09451 -1.35645 -1.80295 1.26385 1.42989 0.803811 0.874136 -1.14073 -0.316356 2.18595 0.15065 2.73757 2.96666 1.16948 -3.04657 2.80239 -0.581463 2.81102 -2.59634 -2.8813 -1.98169 3.18293 2.65948 
-1.53471 -2.57705 -1.57576 -1.60411 2.09132 0.963718 0.914548 -0.990362 -1.37798 -1.78752 1.23905 1.43581 0.811692 0.863374 -1.13192 -0.32524 2.1305 0.176378 2.6471 3.09815 1.22779 -3.10131 2.87562 -0.579164 2.80329 -2.546 -2.93353 -1.98717 3.28084 2.64261 
-1.58056 -2.59052 -1.60876 -1.65731 2.0745 0.935605 0.88874 -0.927519 -1.40041 -1.79225 1.23267 1.44215 0.810155 0.856626 -1.12307 -0.320171 2.08937 0.184638 2.5792 3.17699 1.25977 -3.13443 2.92019 -0.587787 2.79314 -2.51852 -2.97265 -1.99362 3.35123 2.63311 
-1.56969 -2.57265 -1.6266 -1.66604 2.09475 0.937612 0.900745 -0.93282 -1.41447 -1.77595 1.25281 1.45128 0.80585 0.855551 -1.14168 -0.301852 2.08017 0.182496 2.55428 3.12133 1.27888 -3.11011 2.90715 -0.618437 2.79719 -2.57484 -2.9589 -1.98911 3.36421 2.62302 
-1.56084 -2.56243 -1.61174 -1.64796 2.11374 0.931389 0.906068 -0.939604 -1.41917 -1.75426 1.24865 1.44091 0.798999 0.835745 -1.1353 -0.279097 2.10397 0.184601 2.53514 3.07993 1.26932 -3.11546 2.88048 -0.62285 2.79238 -2.60654 -2.96544 -1.99456 3.3408 2.62225 
-1.53606 -2.55846 -1.59383 -1.62446 2.1253 0.915729 0.906682 -0.943096 -1.40309 -1.72943 1.24505 1.43925 0.807732 0.818024 -1.12645 -0.265983 2.10539 0.185512 2.5179 3.05155 1.24716 -3.12843 2.8458 -0.633358 2.80246 -2.62611 -2.97821 -2.00309 3.32328 2.61734 
-1.53486 -2.53574 -1.58213 -1.61765 2.13474 0.921345 0.91286 -0.950285 -1.40161 -1.71416 1.25212 1.45203 0.812411 0.81484 -1.11347 -0.261285 2.12513 0.17351 2.50458 3.00352 1.2422 -3.14132 2.82863 -0.632579 2.791 -2.6509 -2.99349 -2.00255 3.31121 2.6052 
-1.54854 -2.51175 -1.57594 -1.61754 2.1354 0.919201 0.907799 -0.955776 -1.41536 -1.70004 1.2678 1.45616 0.815541 0.818869 -1.11098 -0.263784 2.14887 0.167303 2.49698 2.94233 1.24839 -3.16012 2.80261 -0.642359 2.77762 -2.67916 -3.00028 -2.00013 3.31941 2.57871 
-1.54265 -2.50056 -1.53987 -1.57811 2.14504 0.898323 0.903469 -0.985215 -1.41325 -1.68535 1.29138 1.47539 0.824215 0.830809 -1.14549 -0.244835 2.13391 0.189194 2.50479 2.90372 1.27321 -3.18883 2.80695 -0.643439 2.73613 -2.70257 -3.00833 -1.99479 3.33154 2.5746 
-1.53493 -2.50525 -1.52893 -1.56904 2.16791 0.879368 0.911405 -1.00397 -1.42214 -1.66909 1.33827 1.476 0.821271 0.835741 -1.14596 -0.233727 2.1215 0.19245 2.51763 2.87498 1.2867 -3.2072 2.79181 -0.651395 2.73628 -2.70515 -3.01498 -1.99617 3.31652 2.55989 
-1.52166 -2.5268 -1.52462 -1.54492 2.18175 0.855573 0.905224 -1.02185 -1.43064 -1.66238 1.3956 1.46803 0.818522 0.821958 -1.14825 -0.234045 2.08945 0.1977 2.55334 2.86522 1.28908 -3.19677 2.77895 -0.651878 2.74647 -2.70671 -3.00831 -2.00381 3.3187 2.55514 
-1.49596 -2.52259 -1.54498 -1.51272 2.21509 0.817621 0.914569 -1.03595 -1.42383 -1.66383 1.41388 1.4727 0.826262 0.797838 -1.15377 -0.239572 2.04431 0.193701 2.58225 2.87397 1.28523 -3.17868 2.77682 -0.657622 2.74122 -2.71204 -3.02343 -2.00634 3.30961 2.53537 
-1.47771 -2.49161 -1.58071 -1.50385 2.25715 0.791575 0.929929 -1.027 -1.41598 -1.65885 1.42437 1.48887 0.827988 0.768039 -1.13001 -0.239911 2.03067 0.167945 2.58364 2.85057 1.28471 -3.17441 2.76323 -0.664825 2.72997 -2.71923 -3.04337 -2.00755 3.28576 2.49461 
-1.50004 -2.44043 -1.63608 -1.53442 2.29582 0.797361 0.954682 -1.01416 -1.43467 -1.65399 1.38758 1.48306 0.80437 0.718871 -1.08088 -0.220895 2.06625 0.15248 2.54521 2.82598 1.30553 -3.20801 2.72926 -0.665301 2.70708 -2.70296 -3.08262 -2.01698 3.25024 2.44322 
-1.55682 -2.40683 -1.70491 -1.55468 2.32374 0.796214 0.992214 -1.00255 -1.43638 -1.66657 1.32128 1.45569 0.753415 0.667294 -1.07375 -0.189922 2.0912 0.125546 2.51925 2.82684 1.34865 -3.22612 2.72154 -0.656448 2.65503 -2.64214 -3.10704 -2.02858 3.20881 2.4459 
-1.63878 -2.3674 -1.7736 -1.57357 2.34649 0.798144 1.0412 -0.978262 -1.41765 -1.66788 1.24096 1.42793 0.696005 0.625806 -1.08201 -0.168712 2.10161 0.0817793 2.50703 2.82673 1.40665 -3.25162 2.73392 -0.640752 2.58042 -2.55128 -3.11617 -2.03355 3.16415 2.47464 
-1.65921 -2.3291 -1.78498 -1.59711 2.35941 0.837846 1.03049 -0.97538 -1.39938 -1.64662 1.22926 1.4441 0.683663 0.614769 -1.04726 -0.182606 2.14295 0.0460379 2.47221 2.78568 1.40563 -3.29975 2.70987 -0.643168 2.53312 -2.52139 -3.11676 -2.03589 3.15452 2.44083 
-1.64579 -2.29323 -1.79493 -1.61507 2.37432 0.869526 1.01738 -0.979319 -1.39157 -1.62857 1.21833 1.46554 0.667852 0.61332 -1.00642 -0.189451 2.17977 0.0104809 2.4258 2.73818 1.39576 -3.33903 2.68673 -0.651739 2.48338 -2.52104 -3.11952 -2.0395 3.15232 2.41202 
-1.62215 -2.2702 -1.79844 -1.61613 2.39032 0.890899 0.999583 -0.992488 -1.37466 -1.60573 1.21534 1.47701 0.652629 0.620346 -0.96997 -0.1947 2.20123 -0.0052996 2.3961 2.71541 1.37906 -3.37122 2.67659 -0.665397 2.44322 -2.55499 -3.10719 -2.02612 3.15607 2.40467 
-1.57129 -2.29108 -1.77848 -1.61929 2.37715 0.915305 0.964555 -0.995554 -1.36661 -1.59295 1.23707 1.4926 0.653347 0.597601 -0.930053 -0.203099 2.21191 -0.0137896 2.37496 2.7101 1.33148 -3.41245 2.68211 -0.665374 2.41939 -2.57521 -3.00811 -2.02063 3.16776 2.40448 
-1.55347 -2.32992 -1.77198 -1.64061 2.35686 0.934952 0.943125 -0.998856 -1.39331 -1.59889 1.24567 1.5002 0.674756 0.55394 -0.878866 -0.203655 2.23593 -0.024335 2.33857 2.65527 1.31288 -3.44475 2.69869 -0.670156 2.36209 -2.5894 -2.95867 -2.03194 3.14697 2.3968 
-1.54921 -2.40279 -1.77229 -1.6918 2.34066 0.952301 0.920394 -0.982357 -1.43149 -1.60619 1.25603 1.50167 0.692596 0.507339 -0.83325 -0.202462 2.25246 -0.044113 2.28334 2.58021 1.31712 -3.4666 2.72578 -0.667073 2.28175 -2.58109 -2.9301 -2.02876 3.09867 2.38634 
-1.59864 -2.57969 -1.82048 -1.81634 2.30313 0.985964 0.902161 -0.90441 -1.50847 -1.62788 1.27499 1.4611 0.672187 0.459088 -0.765793 -0.189028 2.20235 -0.0822726 2.18065 2.4825 1.37289 -3.45201 2.81997 -0.623807 2.13858 -2.49236 -2.87917 -1.9934 2.97392 2.37667 
-1.62632 -2.73998 -1.83511 -1.91364 2.26745 1.02044 0.875232 -0.86758 -1.58123 -1.63307 1.30599 1.43617 0.686907 0.407151 -0.734441 -0.184341 2.14843 -0.093099 2.08251 2.43709 1.40754 -3.44041 2.87992 -0.604491 2.00558 -2.43115 -2.8297 -1.97534 2.90616 2.37618 
-1.58474 -2.82714 -1.80655 -1.93333 2.25673 1.03212 0.851361 -0.875495 -1.66918 -1.63488 1.34927 1.42086 0.703814 0.346813 -0.736364 -0.173036 2.10117 -0.0875898 1.98704 2.42051 1.42495 -3.42146 2.89092 -0.604902 1.91733 -2.39889 -2.77334 -1.94973 2.86892 2.39434 
-1.55773 -2.88709 -1.75864 -1.94175 2.24553 1.04186 0.852321 -0.903573 -1.75036 -1.64108 1.39299 1.40701 0.74947 0.30918 -0.7556 -0.155091 2.05263 -0.0887551 1.9085 2.41121 1.45022 -3.39496 2.90975 -0.613772 1.83888 -2.38779 -2.72027 -1.92366 2.84865 2.40563 
-1.55822 -2.94648 -1.70711 -1.97587 2.21315 1.03711 0.845362 -0.921676 -1.81348 -1.63918 1.43908 1.37279 0.78486 0.27659 -0.76978 -0.140543 1.99431 -0.0875667 1.82852 2.40217 1.46878 -3.37813 2.9381 -0.614206 1.77225 -2.36735 -2.66931 -1.89818 2.84385 2.41473 
