Mean 0 Mean 1 Mean 2 Mean 3 Mean 4 Mean 5 Mean 6 Mean 7 Mean 8 Mean 9 Mean 10 Mean 11 Mean 12 Mean 13 Mean 14 Mean 15 Mean 16 Mean 17 Mean 18 Mean 19 Mean 20 Mean 21 Mean 22 Mean 23 Mean 24 Mean 25 Mean 26 Mean 27 Mean 28 Mean 29 
1.00871 -2.39007 -2.44828 -2.26821 1.19156 -1.25786 0.8182 1.08253 -1.46986 -1.18915 -0.830356 1.39407 1.04695 0.814177 0.951709 0.169866 0.403685 0.386752 2.68348 0.542462 -0.179686 0.919423 0.167492 2.91868 -0.737852 -0.914697 -2.63846 1.75468 1.00578 0.237347 
1.00569 -2.38742 -2.45227 -2.26847 1.19354 -1.26453 0.821633 1.08488 -1.47389 -1.18482 -0.82796 1.38419 1.05265 0.82345 0.954425 0.173369 0.406999 1.81937 2.68353 0.543709 -0.180868 0.920671 0.160002 2.91767 -0.742423 -0.918033 -2.64175 2.44269 1.004 0.243656 
0.997906 -2.38402 -2.43363 -2.271 1.18868 -1.27074 0.829065 1.08461 -1.47786 -1.18575 -0.830823 1.37826 1.04936 0.820855 0.957313 0.167087 0.400833 2.2943 2.69116 0.540866 -0.187697 0.907952 0.15998 2.92266 -0.728551 -0.910838 -2.64386 2.67508 0.997346 0.237451 
0.996811 -2.37785 -2.42758 -2.27168 1.19219 -1.2727 0.81997 1.07739 -1.4847 -1.19368 -0.832947 1.37237 1.04587 0.823249 0.955696 0.163515 0.406436 2.52981 2.69544 0.539952 -0.195864 0.909239 0.15988 2.92621 -0.727598 -0.911184 -2.65065 2.78095 1.00172 0.239064 
1.00102 -2.37217 -2.42736 -2.28199 1.19581 -1.27838 0.809724 1.07794 -1.49194 -1.19075 -0.83256 1.36585 1.04593 0.837221 0.961367 0.172653 0.402511 2.66973 2.69234 0.537641 -0.198076 0.91099 0.15164 2.92647 -0.725218 -0.913684 -2.65489 2.84668 0.997632 0.240184 
1.00425 -2.36691 -2.42424 -2.29369 1.20188 -1.28156 0.802173 1.07789 -1.4915 -1.18866 -0.830569 1.36067 1.04698 0.847288 0.963775 0.173162 0.403633 2.76674 2.68967 0.534294 -0.198557 0.915824 0.144338 2.92762 -0.725 -0.919661 -2.66808 2.8787 0.99784 0.245832 
1.00887 -2.35912 -2.43466 -2.30546 1.20515 -1.2817 0.783005 1.07668 -1.49603 -1.1879 -0.823439 1.35456 1.05062 0.861025 0.966561 0.185124 0.393766 2.83287 2.68182 0.526625 -0.198211 0.934486 0.133084 2.92136 -0.721686 -0.929877 -2.67382 2.90323 0.997083 0.243419 
1.01316 -2.35214 -2.43557 -2.31659 1.20207 -1.2805 0.770057 1.07583 -1.50161 -1.18814 -0.81437 1.34984 1.05458 0.870689 0.970927 0.194548 0.378465 2.88771 2.67299 0.511781 -0.204003 0.938772 0.123174 2.92594 -0.710335 -0.93999 -2.6768 2.92609 0.994945 0.243943 
0.99594 -2.35475 -2.43684 -2.32779 1.18824 -1.27996 0.673133 1.07763 -1.54651 -1.19248 -0.789257 1.32044 1.04997 0.886021 0.945107 0.208353 0.376044 2.93725 2.64743 0.498849 -0.20442 0.922389 0.0904171 2.90817 -0.694394 -0.965763 -2.64086 2.97033 1.05288 0.28723 
0.997082 -2.35015 -2.42723 -2.32707 1.18954 -1.28525 0.700117 1.07491 -1.55508 -1.17157 -0.772658 1.31189 1.05271 0.88438 0.937966 0.211376 0.36887 2.96554 2.64515 0.499303 -0.19986 0.914597 0.0885408 2.90797 -0.70469 -0.976481 -2.66009 2.9824 1.062 0.286329 
0.989478 -2.35748 -2.42349 -2.32812 1.18788 -1.29054 0.700573 1.07621 -1.57179 -1.15327 -0.755857 1.30583 1.04776 0.886312 0.924159 0.217684 0.36233 2.99006 2.63679 0.497752 -0.19407 0.91585 0.0877595 2.90188 -0.710468 -0.990021 -2.66428 2.99897 1.08062 0.284671 
0.997092 -2.37025 -2.42533 -2.3287 1.19753 -1.28728 0.703315 1.0788 -1.59068 -1.12054 -0.741958 1.32855 1.04512 0.902658 0.917093 0.214181 0.325436 2.99753 2.62147 0.483443 -0.204847 0.955799 0.0841936 2.88826 -0.707543 -1.00295 -2.65698 3.00751 1.07588 0.271876 
0.988431 -2.37977 -2.42908 -2.33354 1.20383 -1.29221 0.711654 1.08516 -1.60552 -1.09311 -0.729349 1.33135 1.04628 0.910122 0.904684 0.217036 0.303184 3.01161 2.6106 0.494155 -0.198444 0.972622 0.0817758 2.87521 -0.706363 -1.00978 -2.6781 3.00646 1.07469 0.244644 
0.971656 -2.3932 -2.42775 -2.3266 1.21648 -1.30112 0.701131 1.09443 -1.61068 -1.05272 -0.722969 1.3463 1.04418 0.919637 0.889926 0.219071 0.269626 3.0127 2.59533 0.486824 -0.199946 1.00045 0.0759732 2.86705 -0.71132 -1.02142 -2.67887 3.00848 1.07836 0.226942 
0.947338 -2.40265 -2.42146 -2.33094 1.22081 -1.31366 0.690639 1.11091 -1.62336 -1.023 -0.718153 1.34619 1.02598 0.926261 0.877657 0.225536 0.261255 3.01532 2.57355 0.48002 -0.19041 1.01744 0.0799947 2.85612 -0.727602 -1.03867 -2.68237 3.00504 1.07915 0.22538 
0.929658 -2.41111 -2.41226 -2.33594 1.21453 -1.33419 0.674833 1.1437 -1.62887 -0.996238 -0.718302 1.3443 1.00758 0.91518 0.865902 0.235453 0.26803 3.02421 2.54792 0.485589 -0.172104 1.00525 0.0966226 2.85333 -0.761902 -1.05858 -2.68371 2.99156 1.1021 0.231599 
0.931187 -2.42585 -2.3625 -2.2715 1.19793 -1.36175 0.633345 1.14285 -1.62073 -0.960432 -0.702012 1.40721 1.00134 0.932798 0.816803 0.236957 0.255369 3.07607 2.53741 0.492209 -0.125091 0.948543 0.149171 2.85176 -0.830549 -1.11334 -2.70188 2.99618 1.17915 0.270788 
0.918693 -2.44051 -2.37138 -2.28044 1.194 -1.39466 0.632872 1.16572 -1.62394 -0.963384 -0.692859 1.3944 0.996502 0.920126 0.834932 0.239948 0.281339 3.0824 2.50532 0.494027 -0.131591 0.947741 0.156175 2.85028 -0.846498 -1.14042 -2.72182 2.99345 1.21608 0.283015 
0.903229 -2.44552 -2.38247 -2.28792 1.1797 -1.41981 0.638224 1.17817 -1.64061 -0.960324 -0.681753 1.35967 0.995301 0.896769 0.83954 0.240263 0.314172 3.10734 2.47158 0.483466 -0.12406 0.940841 0.15113 2.84291 -0.847209 -1.15684 -2.73659 3.00113 1.25113 0.303519 
0.886639 -2.44788 -2.39502 -2.29735 1.15808 -1.43996 0.665235 1.20969 -1.65072 -0.933737 -0.680552 1.33308 1.01725 0.862709 0.829254 0.24933 0.346793 3.12115 2.44666 0.462128 -0.0892385 0.928311 0.138625 2.83869 -0.843326 -1.1566 -2.76684 2.99569 1.26884 0.329741 
0.908915 -2.45202 -2.39046 -2.36973 1.10374 -1.44311 0.704895 1.20599 -1.76191 -0.927122 -0.736128 1.389 1.08934 0.754565 0.918247 0.290056 0.484845 3.14908 2.4096 0.369228 -0.0617088 0.954489 0.101436 2.83424 -0.754408 -1.09863 -2.89558 3.00255 1.20563 0.367517 
0.923456 -2.45083 -2.39632 -2.39873 1.08368 -1.4464 0.728489 1.20033 -1.82 -0.92073 -0.753301 1.39857 1.12351 0.69166 0.945937 0.311988 0.566369 3.174 2.38959 0.329133 -0.040906 0.957294 0.0779584 2.82752 -0.714077 -1.06607 -2.96551 3.00622 1.18143 0.389988 
0.926307 -2.43834 -2.42571 -2.40718 1.11949 -1.47416 0.736905 1.18038 -1.80357 -0.92176 -0.763167 1.36464 1.11705 0.691001 0.928245 0.32691 0.558512 3.20392 2.39435 0.353674 -0.0581963 0.959019 0.0553844 2.81773 -0.69728 -1.02728 -2.97627 2.99526 1.1781 0.409721 
0.938933 -2.44035 -2.45843 -2.41645 1.15614 -1.50456 0.741858 1.15974 -1.80447 -0.931186 -0.769825 1.3389 1.11569 0.680591 0.924325 0.351193 0.56525 3.23854 2.39288 0.37382 -0.0781738 0.969315 0.033816 2.8065 -0.673924 -0.984639 -3.00108 2.98055 1.16543 0.429269 
0.945373 -2.43657 -2.47043 -2.41682 1.19349 -1.53074 0.72971 1.13923 -1.7949 -0.936602 -0.771279 1.31995 1.09957 0.679662 0.919398 0.366567 0.546611 3.27151 2.40552 0.400168 -0.093017 0.986957 0.0144179 2.79434 -0.664197 -0.948978 -3.00098 2.97016 1.16675 0.439095 
0.956229 -2.44493 -2.47774 -2.39968 1.21861 -1.5379 0.729511 1.12431 -1.77155 -0.933165 -0.747976 1.33027 1.11692 0.676449 0.912226 0.393258 0.519019 3.26093 2.42755 0.395602 -0.0964051 0.986712 0.0142289 2.80659 -0.684599 -0.949971 -2.98404 2.96236 1.16911 0.442145 
0.955428 -2.44744 -2.47322 -2.37922 1.24704 -1.54174 0.728074 1.11473 -1.75419 -0.92074 -0.720652 1.35166 1.1408 0.665468 0.913501 0.439721 0.483358 3.24764 2.4573 0.384866 -0.0888172 0.985925 -0.00214835 2.81897 -0.697646 -0.957578 -2.95022 2.95797 1.17618 0.441271 
0.963041 -2.45079 -2.48156 -2.36664 1.26498 -1.53763 0.724919 1.10766 -1.74557 -0.89902 -0.708179 1.369 1.16151 0.644001 0.921655 0.485936 0.44392 3.23991 2.47573 0.375525 -0.0737183 0.974764 -0.023364 2.82043 -0.716708 -0.977555 -2.91908 2.94473 1.17756 0.443434 
0.954321 -2.4441 -2.49757 -2.37328 1.26059 -1.53334 0.722657 1.10847 -1.75015 -0.875527 -0.709125 1.37528 1.19089 0.624902 0.934265 0.514221 0.416477 3.24015 2.47424 0.383659 -0.052142 0.961863 -0.0259956 2.80566 -0.733797 -1.00366 -2.90939 2.92376 1.18192 0.439032 
0.944776 -2.41072 -2.50729 -2.36309 1.27046 -1.53888 0.746566 1.10857 -1.72041 -0.822317 -0.672843 1.35594 1.20341 0.5951 0.905407 0.553962 0.400242 3.24655 2.47439 0.386113 -0.02087 0.944408 -0.0480063 2.79829 -0.762005 -1.06101 -2.90832 2.9227 1.20162 0.444179 
0.94232 -2.37367 -2.50961 -2.34132 1.27549 -1.55373 0.782608 1.09096 -1.66738 -0.771753 -0.600457 1.31218 1.19825 0.560442 0.85272 0.598617 0.413732 3.25986 2.47393 0.373362 0.015168 0.922038 -0.0744976 2.7802 -0.788792 -1.12274 -2.93707 2.94373 1.23277 0.463889 
0.933285 -2.30386 -2.54133 -2.31138 1.27427 -1.55372 0.830151 1.07267 -1.62037 -0.717838 -0.524304 1.26938 1.20186 0.536827 0.796669 0.636945 0.433832 3.26326 2.47008 0.339638 0.0693062 0.897577 -0.0961693 2.75222 -0.833569 -1.19987 -2.96288 2.95548 1.26555 0.49181 
0.931445 -2.21644 -2.55312 -2.28989 1.26405 -1.55409 0.896825 1.03662 -1.57186 -0.69573 -0.440883 1.26229 1.19831 0.524255 0.742714 0.645018 0.439194 3.23595 2.51799 0.291604 0.109 0.875488 -0.127789 2.72602 -0.905418 -1.23911 -2.98297 3.03929 1.29639 0.523347 
0.926122 -2.13354 -2.56073 -2.26699 1.25044 -1.54563 0.967282 0.980598 -1.51835 -0.667969 -0.341868 1.25325 1.18758 0.501592 0.68148 0.669444 0.446972 3.2089 2.57401 0.243794 0.14513 0.842235 -0.162695 2.70489 -1.00094 -1.28304 -3.01316 3.10362 1.32623 0.565662 
0.928292 -2.07641 -2.57493 -2.24359 1.24122 -1.54247 1.00175 0.945964 -1.47988 -0.660781 -0.246677 1.24728 1.19317 0.484445 0.664465 0.676123 0.424537 3.20188 2.61818 0.218494 0.16829 0.818828 -0.17891 2.68979 -1.07473 -1.31062 -3.0158 3.14062 1.33172 0.599877 
0.916162 -2.04099 -2.61737 -2.22766 1.23836 -1.52833 1.00402 0.90918 -1.48673 -0.650558 -0.177173 1.25155 1.22182 0.498075 0.66607 0.664208 0.350048 3.19157 2.64845 0.192972 0.180938 0.802072 -0.19454 2.67769 -1.13796 -1.27293 -2.99126 3.1805 1.34231 0.636886 
0.884871 -2.02279 -2.68381 -2.20164 1.23302 -1.52568 0.97958 0.870534 -1.4878 -0.614667 -0.13353 1.22411 1.28885 0.494825 0.666163 0.657207 0.239646 3.21301 2.63487 0.195579 0.227806 0.779841 -0.19143 2.65012 -1.17057 -1.22103 -2.96589 3.23108 1.32648 0.690088 
0.840324 -1.99445 -2.74793 -2.19545 1.25193 -1.52785 0.948536 0.820385 -1.48381 -0.57686 -0.11929 1.19198 1.38661 0.477791 0.665302 0.634314 0.145616 3.26026 2.59344 0.208448 0.286866 0.766861 -0.168361 2.62513 -1.16403 -1.18312 -2.93378 3.29023 1.3195 0.740598 
0.782793 -1.96601 -2.85656 -2.18666 1.25345 -1.51943 0.907743 0.777108 -1.50371 -0.579433 -0.10416 1.17919 1.4845 0.470866 0.706724 0.624916 0.0871337 3.29923 2.56375 0.237802 0.34853 0.78863 -0.13374 2.59199 -1.10287 -1.15845 -2.88989 3.31257 1.34822 0.762922 
0.712036 -1.94273 -2.94868 -2.19348 1.26646 -1.52474 0.892338 0.740807 -1.50876 -0.571141 -0.10246 1.16996 1.56937 0.449512 0.750282 0.601442 0.0546937 3.31852 2.49908 0.263571 0.426429 0.780567 -0.102601 2.57361 -1.06346 -1.11294 -2.86332 3.35034 1.35803 0.804847 
