Mean 0 Mean 1 Mean 2 Mean 3 Mean 4 Mean 5 Mean 6 Mean 7 Mean 8 Mean 9 Mean 10 Mean 11 Mean 12 Mean 13 Mean 14 Mean 15 Mean 16 Mean 17 Mean 18 Mean 19 Mean 20 Mean 21 Mean 22 Mean 23 Mean 24 Mean 25 Mean 26 Mean 27 Mean 28 Mean 29 
-1.92076 1.27714 -2.11655 -2.55422 2.23987 -2.17138 1.17696 -1.97634 1.08092 -2.52381 -0.975875 2.50877 -1.14905 0.775423 -1.70566 0.284166 0.655748 2.80472 2.52542 0.128652 2.94774 -2.96679 -2.79882 -1.1488 -0.0225015 -0.546321 0.0163185 -0.341593 -2.37273 0.203611 
-1.91831 1.27045 -2.10432 -2.55809 2.24638 -2.16505 1.17266 -1.97158 1.07932 -2.52897 -0.976999 2.49951 -1.13707 0.781985 -1.69295 0.291047 0.651007 2.80589 2.53154 0.12618 2.97721 -2.95919 -2.79599 -1.14528 -0.0174779 -0.541411 0.0122619 -0.348058 -2.37828 0.196885 
-1.90497 1.2712 -2.10557 -2.54606 2.24385 -2.16076 1.16276 -1.9624 1.08295 -2.53096 -0.965507 2.48612 -1.14193 0.786129 -1.67206 0.291842 0.652693 2.78072 2.53131 0.121491 2.99076 -2.95739 -2.80268 -1.12731 -0.0163708 -0.539852 0.0134352 -0.331948 -2.40033 0.18632 
-1.89225 1.26484 -2.12174 -2.53847 2.24106 -2.15773 1.15967 -1.96197 1.09389 -2.52622 -0.963257 2.47816 -1.15524 0.785622 -1.67235 0.29175 0.669008 2.7611 2.52696 0.117557 2.98925 -2.96474 -2.81876 -1.10791 -0.0206036 -0.535313 0.0113666 -0.310441 -2.41652 0.185807 
-1.88759 1.27144 -2.12645 -2.53248 2.23833 -2.16049 1.15638 -1.9543 1.09421 -2.52221 -0.945457 2.4721 -1.16153 0.799267 -1.66333 0.282009 0.661495 2.74899 2.52101 0.116328 2.98691 -2.97605 -2.82284 -1.0891 -0.0200635 -0.538803 0.00746677 -0.3006 -2.4166 0.176632 
-1.88184 1.27719 -2.12545 -2.53206 2.23585 -2.16317 1.15628 -1.95347 1.0893 -2.52309 -0.933155 2.47303 -1.16397 0.811417 -1.65967 0.278418 0.656299 2.7446 2.51416 0.110855 2.98376 -2.99482 -2.82616 -1.07422 -0.0119219 -0.546783 -0.000671429 -0.29095 -2.41826 0.180407 
-1.88144 1.28789 -2.12448 -2.5396 2.23772 -2.16629 1.15871 -1.95303 1.08303 -2.52382 -0.92871 2.47011 -1.17244 0.82502 -1.66558 0.275642 0.652492 2.74154 2.50413 0.104399 2.97613 -3.01259 -2.82805 -1.06117 -0.00521315 -0.554668 -0.0122332 -0.284743 -2.40948 0.186069 
-1.89116 1.29739 -2.12008 -2.55972 2.24467 -2.17189 1.15893 -1.94268 1.06966 -2.51883 -0.922448 2.4563 -1.19195 0.834736 -1.67554 0.27543 0.650848 2.73065 2.48459 0.100106 2.96064 -3.01885 -2.83179 -1.06057 -0.00868265 -0.567922 -0.0216245 -0.281418 -2.38948 0.187946 
-1.90233 1.3041 -2.12456 -2.57214 2.24234 -2.17549 1.1498 -1.94143 1.0524 -2.51042 -0.909727 2.44236 -1.2097 0.839413 -1.68169 0.279615 0.635146 2.72781 2.46971 0.102836 2.95924 -3.02544 -2.83674 -1.06059 -0.0123335 -0.581712 -0.0138163 -0.276214 -2.36011 0.191659 
-1.92084 1.31083 -2.12122 -2.58311 2.23338 -2.18359 1.11856 -1.94148 1.02808 -2.50681 -0.889438 2.42625 -1.2324 0.847969 -1.6936 0.281532 0.627888 2.73116 2.4636 0.103277 2.96244 -3.0331 -2.84535 -1.06178 -0.0076739 -0.608285 -0.00389341 -0.260153 -2.32039 0.19852 
-1.93378 1.31175 -2.11426 -2.58576 2.21627 -2.19197 1.07911 -1.93984 1.00411 -2.50706 -0.853529 2.40641 -1.25912 0.846579 -1.7096 0.273433 0.634024 2.73638 2.46252 0.0957066 2.96653 -3.03955 -2.85174 -1.07378 -0.00191795 -0.638588 0.010936 -0.243221 -2.27951 0.213081 
-1.94306 1.31716 -2.10711 -2.58771 2.20396 -2.18675 1.05074 -1.93424 0.982046 -2.5103 -0.825347 2.38773 -1.27798 0.839373 -1.71936 0.266176 0.647889 2.74294 2.46091 0.0757358 2.96206 -3.02929 -2.84911 -1.09936 -0.000136009 -0.651597 0.0238393 -0.235358 -2.25697 0.227703 
-1.95891 1.31505 -2.09563 -2.58681 2.19664 -2.18714 1.02251 -1.93143 0.960602 -2.51191 -0.802772 2.37047 -1.2981 0.836965 -1.72867 0.262369 0.659815 2.75274 2.45837 0.0576506 2.95664 -3.02329 -2.85081 -1.12108 -0.00232222 -0.664817 0.0321464 -0.224762 -2.2296 0.235133 
-1.9749 1.31981 -2.09831 -2.58332 2.20281 -2.18446 1.01726 -1.93313 0.948538 -2.5227 -0.807666 2.3587 -1.3182 0.825801 -1.72774 0.268003 0.6819 2.75486 2.43666 0.0497246 2.93576 -3.02867 -2.84458 -1.12346 -0.011304 -0.66701 0.013801 -0.217471 -2.22366 0.226701 
-1.97476 1.32284 -2.09369 -2.57784 2.21411 -2.19118 1.01869 -1.93967 0.936838 -2.51698 -0.814809 2.35423 -1.33972 0.819384 -1.72247 0.268343 0.70094 2.76541 2.42126 0.040729 2.92905 -3.02072 -2.84654 -1.13987 -0.0251402 -0.686439 -0.00448768 -0.219999 -2.21003 0.229806 
-1.97401 1.31956 -2.08428 -2.57483 2.22264 -2.19359 1.01517 -1.94472 0.928853 -2.51207 -0.827512 2.35272 -1.36003 0.814312 -1.71925 0.2815 0.711582 2.77091 2.40299 0.0336355 2.92062 -3.01436 -2.85228 -1.15496 -0.0358689 -0.709267 -0.01804 -0.216069 -2.19841 0.239122 
-1.9764 1.30904 -2.07143 -2.56878 2.21787 -2.18402 1.00254 -1.94793 0.923185 -2.49686 -0.839331 2.35757 -1.37947 0.813695 -1.7331 0.296307 0.711465 2.7827 2.39516 0.0223648 2.92731 -3.00562 -2.86307 -1.17288 -0.0514493 -0.731353 -0.0155714 -0.221913 -2.17906 0.244811 
-1.97912 1.30186 -2.0687 -2.56482 2.20357 -2.19168 0.989361 -1.93667 0.925109 -2.48392 -0.853407 2.3613 -1.38672 0.818699 -1.74731 0.297907 0.718265 2.79701 2.38632 0.00571984 2.93297 -3.00745 -2.87162 -1.18356 -0.0594493 -0.7459 -0.0311749 -0.233768 -2.15499 0.244847 
-1.97837 1.29041 -2.06545 -2.56418 2.19178 -2.19483 0.971816 -1.92387 0.932925 -2.46344 -0.857432 2.36607 -1.38824 0.822672 -1.76313 0.304741 0.71076 2.80654 2.38789 -0.00690854 2.93929 -3.00515 -2.88491 -1.19569 -0.0633418 -0.746063 -0.0394014 -0.248871 -2.13793 0.248083 
-1.97998 1.26881 -2.05544 -2.55479 2.18877 -2.20921 0.941573 -1.92047 0.94195 -2.44881 -0.856683 2.36997 -1.38885 0.826846 -1.80056 0.30082 0.693393 2.80376 2.37551 -0.0211304 2.93549 -2.99207 -2.90103 -1.21086 -0.0606293 -0.741433 -0.0469286 -0.264405 -2.11047 0.241287 
-1.98319 1.23983 -2.03564 -2.55063 2.19082 -2.22324 0.907369 -1.92174 0.949429 -2.43882 -0.862443 2.38083 -1.39122 0.83 -1.84112 0.297852 0.665013 2.7883 2.36128 -0.0349607 2.9315 -2.97613 -2.91238 -1.22232 -0.063187 -0.728001 -0.0553929 -0.282892 -2.08737 0.244531 
-1.96399 1.21098 -2.05014 -2.54587 2.19218 -2.27927 0.878778 -1.90267 0.972926 -2.41447 -0.866144 2.38834 -1.38141 0.83616 -1.85965 0.283192 0.630979 2.79011 2.33432 -0.0446907 2.91963 -2.9612 -2.92051 -1.22695 -0.0510927 -0.723009 -0.0441987 -0.31118 -2.04477 0.227466 
-1.92908 1.1731 -2.113 -2.54675 2.19886 -2.33971 0.856507 -1.85568 1.00781 -2.37298 -0.857809 2.39556 -1.37462 0.840158 -1.85595 0.254848 0.594267 2.80782 2.29527 -0.0602211 2.89531 -2.95083 -2.91861 -1.22438 -0.0226523 -0.726952 -0.00685112 -0.353368 -1.98449 0.202405 
-1.89255 1.14406 -2.18167 -2.53803 2.21252 -2.42099 0.830414 -1.83085 1.05824 -2.32745 -0.842572 2.40635 -1.34331 0.828006 -1.85207 0.240689 0.546862 2.81267 2.26254 -0.0584944 2.86787 -2.92798 -2.93789 -1.23705 0.0295946 -0.706565 0.0100492 -0.385986 -1.94574 0.139787 
-1.88933 1.12583 -2.22665 -2.56526 2.23124 -2.46334 0.821566 -1.81694 1.05962 -2.31878 -0.850984 2.42271 -1.35515 0.822057 -1.85002 0.261847 0.541532 2.79977 2.24743 -0.0733027 2.8613 -2.92992 -2.94137 -1.24468 0.0241407 -0.715198 0.0151126 -0.394111 -1.92924 0.145503 
-1.88635 1.11325 -2.26331 -2.58602 2.25343 -2.52364 0.813343 -1.83488 1.06934 -2.31869 -0.86106 2.43954 -1.34737 0.813097 -1.86309 0.304235 0.532748 2.77787 2.24302 -0.0726543 2.859 -2.92767 -2.95696 -1.27021 0.0280863 -0.712366 -0.0069067 -0.39278 -1.93814 0.195566 
-1.86436 1.1138 -2.28409 -2.57343 2.26258 -2.58368 0.805016 -1.84476 1.06552 -2.32525 -0.86446 2.4334 -1.30993 0.79998 -1.86772 0.334041 0.519998 2.79497 2.24736 -0.0720616 2.86357 -2.94713 -2.95896 -1.29369 0.0549223 -0.712069 -0.0186434 -0.384406 -1.92326 0.236761 
-1.84154 1.10951 -2.33332 -2.55601 2.29555 -2.6498 0.790367 -1.8605 1.06731 -2.34929 -0.865728 2.43886 -1.25176 0.787579 -1.88453 0.357273 0.513787 2.7924 2.24794 -0.0661101 2.86293 -2.94384 -2.93171 -1.30495 0.0535721 -0.71445 -0.0325819 -0.379751 -1.92999 0.274239 
-1.83041 1.10034 -2.37706 -2.53057 2.34245 -2.73445 0.776593 -1.88022 1.03648 -2.38176 -0.86125 2.42603 -1.23366 0.761467 -1.92367 0.374484 0.526231 2.80425 2.23009 -0.0723134 2.87302 -2.94442 -2.90483 -1.31251 -0.00582377 -0.739131 -0.040329 -0.365672 -1.95991 0.260029 
-1.81854 1.05683 -2.42394 -2.4947 2.39721 -2.84022 0.743154 -1.89508 1.01546 -2.41282 -0.855344 2.39787 -1.20622 0.725111 -1.97432 0.375975 0.530219 2.82676 2.21226 -0.067346 2.87514 -2.93924 -2.8781 -1.30849 -0.093884 -0.749379 -0.0500672 -0.370174 -2.00907 0.238334 
-1.82396 1.0302 -2.4518 -2.45405 2.43159 -2.93974 0.708922 -1.89692 0.984622 -2.44346 -0.84744 2.37775 -1.1711 0.69556 -1.99994 0.367765 0.530806 2.84368 2.19847 -0.064372 2.88346 -2.93702 -2.84985 -1.30334 -0.181955 -0.75197 -0.0527625 -0.372739 -2.04039 0.231225 
-1.80796 0.994632 -2.48509 -2.42482 2.47197 -3.03692 0.686129 -1.9038 0.967108 -2.44214 -0.83372 2.33937 -1.16944 0.670975 -2.05059 0.356734 0.528372 2.87084 2.15534 -0.0607461 2.85388 -2.93434 -2.83118 -1.3035 -0.271675 -0.761809 -0.028258 -0.365213 -2.06932 0.205261 
-1.79759 0.981215 -2.50447 -2.4052 2.50179 -3.09976 0.665822 -1.90284 0.962685 -2.42425 -0.82697 2.31136 -1.20346 0.651194 -2.08015 0.342897 0.533321 2.89496 2.09628 -0.0382105 2.81269 -2.9449 -2.83323 -1.30642 -0.351153 -0.775729 0.00478609 -0.348277 -2.09129 0.181597 
-1.76865 0.948564 -2.53568 -2.38351 2.53046 -3.17813 0.65824 -1.91173 0.960322 -2.40363 -0.815362 2.2778 -1.24641 0.623357 -2.13199 0.327115 0.542557 2.91411 2.03746 -0.0239126 2.75599 -2.95504 -2.83347 -1.31006 -0.436074 -0.805724 0.0359556 -0.333543 -2.11426 0.142953 
-1.78905 0.931857 -2.52564 -2.39946 2.49687 -3.19761 0.643968 -1.919 0.926661 -2.39811 -0.811109 2.26298 -1.24864 0.606233 -2.10819 0.303289 0.528525 2.88282 2.02245 -0.0481362 2.77008 -2.97763 -2.83679 -1.30353 -0.495902 -0.782571 0.0361638 -0.329201 -2.14904 0.143881 
-1.7997 0.910755 -2.5111 -2.45543 2.45075 -3.20181 0.638876 -1.92562 0.880494 -2.39849 -0.797234 2.25042 -1.23096 0.585324 -2.06334 0.288827 0.523229 2.83392 2.01767 -0.104158 2.79431 -2.99824 -2.84006 -1.29804 -0.537691 -0.737917 0.0364865 -0.333168 -2.18966 0.1686 
-1.80833 0.91085 -2.49003 -2.53613 2.41648 -3.16874 0.634911 -1.94816 0.836889 -2.38323 -0.732897 2.23802 -1.20743 0.582312 -2.01846 0.262385 0.530451 2.79094 1.99595 -0.161946 2.81445 -3.01755 -2.84513 -1.30442 -0.559777 -0.694079 0.0173097 -0.333418 -2.2227 0.204168 
-1.81564 0.917061 -2.4614 -2.62962 2.38706 -3.06288 0.647667 -1.96686 0.818302 -2.3475 -0.665631 2.24054 -1.19851 0.574761 -1.96067 0.241022 0.544937 2.7338 1.96706 -0.216182 2.81201 -3.04432 -2.85664 -1.319 -0.571515 -0.677622 0.00265559 -0.332347 -2.23762 0.284706 
-1.82441 0.932248 -2.42363 -2.72316 2.38273 -2.99969 0.673184 -1.9772 0.793459 -2.30866 -0.572606 2.24541 -1.18769 0.578126 -1.92192 0.215039 0.567444 2.70166 1.90417 -0.253125 2.80616 -3.06231 -2.87923 -1.34618 -0.587875 -0.666398 0.00012534 -0.325105 -2.24095 0.363874 
-1.84048 0.925605 -2.4073 -2.821 2.40463 -2.99138 0.657387 -1.98633 0.780755 -2.27236 -0.497552 2.23589 -1.18035 0.575851 -1.90651 0.178823 0.591323 2.68093 1.82872 -0.268509 2.80107 -3.0705 -2.91735 -1.34926 -0.623304 -0.656883 0.01711 -0.323559 -2.25777 0.424709 
