Mean 0 Mean 1 Mean 2 Mean 3 Mean 4 Mean 5 Mean 6 Mean 7 Mean 8 Mean 9 Mean 10 Mean 11 Mean 12 Mean 13 Mean 14 Mean 15 Mean 16 Mean 17 Mean 18 Mean 19 Mean 20 Mean 21 Mean 22 Mean 23 Mean 24 Mean 25 Mean 26 Mean 27 Mean 28 Mean 29 
-2.74876 -1.42999 -2.06879 -1.39197 2.36233 -1.30555 0.99465 -1.38107 0.89969 -2.41698 2.69264 1.22081 -1.78499 0.978145 -1.24167 2.60886 -0.73653 2.98971 2.7442 -2.77144 -2.77003 0.873211 2.66789 -2.49758 1.08002 -2.26597 0.323389 0.693108 2.95151 2.68186 
-2.75107 -1.40019 -2.06573 -1.37432 2.3618 -1.29822 0.997002 -1.36446 0.905243 -2.4336 2.7074 1.21136 -1.77558 0.971026 -1.23092 2.59852 -0.761636 2.9599 2.73817 -2.78215 -2.91872 0.845472 2.67553 -2.50094 2.15523 -2.25492 0.309131 0.70854 2.95995 2.68401 
-2.75187 -1.38703 -2.07007 -1.36606 2.35642 -1.31032 0.990905 -1.36191 0.905004 -2.44336 2.71761 1.20471 -1.77394 0.973019 -1.22939 2.59309 -0.769986 2.93292 2.73748 -2.79215 -2.97061 0.827957 2.68497 -2.49645 2.50348 -2.2524 0.304185 0.717603 2.9582 2.68377 
-2.75522 -1.37332 -2.0599 -1.3589 2.3751 -1.29985 0.98449 -1.36533 0.909877 -2.45329 2.72315 1.19391 -1.79138 0.968779 -1.22919 2.59768 -0.77681 2.93478 2.7224 -2.80094 -3.01931 0.79987 2.68109 -2.51113 2.67093 -2.2467 0.288682 0.732259 2.96507 2.68292 
-2.75376 -1.37688 -2.05371 -1.35967 2.37159 -1.2962 0.984141 -1.36585 0.906399 -2.45589 2.7242 1.18375 -1.79687 0.97569 -1.2331 2.60839 -0.778612 2.9299 2.71696 -2.80933 -3.04198 0.785877 2.67852 -2.51213 2.77134 -2.24062 0.296891 0.736256 2.97046 2.68411 
-2.74956 -1.37756 -2.04965 -1.36454 2.36358 -1.29851 0.981798 -1.37041 0.902195 -2.46253 2.72024 1.17847 -1.80377 0.98706 -1.24281 2.61306 -0.781286 2.93168 2.71313 -2.82149 -3.06036 0.77803 2.67531 -2.50565 2.83786 -2.23801 0.29752 0.733069 2.97361 2.68393 
-2.74748 -1.3759 -2.0556 -1.3703 2.34101 -1.31183 0.98069 -1.36527 0.903379 -2.4611 2.72348 1.16564 -1.81556 1.00247 -1.26779 2.61984 -0.787049 2.91997 2.7174 -2.81854 -3.07029 0.766641 2.67054 -2.50088 2.87514 -2.21931 0.3208 0.735015 2.98978 2.67778 
-2.74013 -1.37515 -2.05176 -1.39177 2.32638 -1.31439 0.978854 -1.36679 0.895971 -2.45263 2.70969 1.16563 -1.82307 1.01781 -1.27011 2.63581 -0.784502 2.92912 2.71288 -2.81527 -3.07088 0.758468 2.66364 -2.49536 2.91014 -2.22473 0.323669 0.726355 2.99709 2.68119 
-2.74182 -1.36851 -2.04716 -1.40494 2.31986 -1.32054 0.977078 -1.36383 0.891209 -2.44487 2.7065 1.16477 -1.83288 1.02544 -1.27302 2.63495 -0.790885 2.94018 2.69508 -2.813 -3.0757 0.745886 2.65962 -2.49359 2.94872 -2.23041 0.321022 0.715264 3.01375 2.681 
-2.75218 -1.36192 -2.05151 -1.41994 2.31757 -1.32669 0.977341 -1.37304 0.875724 -2.4423 2.70498 1.1566 -1.83588 1.03158 -1.28425 2.64343 -0.789431 2.93678 2.68974 -2.81445 -3.08796 0.739373 2.64951 -2.48449 2.96458 -2.24281 0.332591 0.713581 3.02879 2.68435 
-2.76094 -1.3615 -2.05396 -1.4356 2.31925 -1.3293 0.976821 -1.38305 0.871764 -2.44023 2.71397 1.15622 -1.83976 1.03717 -1.28223 2.64551 -0.787424 2.94486 2.66911 -2.82369 -3.10552 0.738794 2.65352 -2.48779 2.98469 -2.24876 0.318708 0.715903 3.04336 2.68081 
-2.7618 -1.36291 -2.05147 -1.44535 2.31652 -1.32704 0.971708 -1.39329 0.862098 -2.43161 2.71303 1.16118 -1.83825 1.04137 -1.28078 2.64351 -0.790716 2.94832 2.66204 -2.83006 -3.1175 0.738925 2.6515 -2.48721 3.0031 -2.25327 0.309899 0.714208 3.05088 2.6759 
-2.75375 -1.3713 -2.05201 -1.46094 2.29408 -1.32538 0.969233 -1.40048 0.84487 -2.39204 2.71275 1.15792 -1.82373 1.02238 -1.26351 2.64624 -0.797876 2.95634 2.64766 -2.82052 -3.12966 0.722563 2.63919 -2.49242 3.02965 -2.25143 0.323314 0.714323 3.06173 2.65875 
-2.73465 -1.37101 -2.05022 -1.48283 2.28951 -1.33262 0.972205 -1.42607 0.841721 -2.35293 2.71462 1.1559 -1.81179 1.03657 -1.2595 2.63443 -0.787494 2.98449 2.63592 -2.83004 -3.15077 0.715417 2.64821 -2.49957 3.05831 -2.24589 0.294638 0.704471 3.07552 2.62906 
-2.73252 -1.3751 -2.04985 -1.48632 2.28481 -1.34262 0.966375 -1.42981 0.842702 -2.3304 2.72028 1.1587 -1.81364 1.03397 -1.25466 2.61988 -0.805166 2.97991 2.61685 -2.8276 -3.15859 0.724508 2.64674 -2.50132 3.07308 -2.23047 0.28501 0.697924 3.08961 2.60526 
-2.73081 -1.3745 -2.04415 -1.48784 2.28696 -1.3422 0.954478 -1.43311 0.843393 -2.31185 2.71886 1.15819 -1.8125 1.03311 -1.25581 2.61972 -0.795394 2.9855 2.60017 -2.83522 -3.17146 0.729007 2.65144 -2.5024 3.08373 -2.24328 0.257507 0.700769 3.10423 2.59069 
-2.70853 -1.37526 -2.04527 -1.50054 2.28314 -1.34381 0.946267 -1.44831 0.847205 -2.27862 2.70844 1.15639 -1.80612 1.04958 -1.25827 2.61875 -0.774652 3.01305 2.58594 -2.84687 -3.18302 0.718673 2.65867 -2.50809 3.10204 -2.25818 0.239167 0.70002 3.12149 2.58901 
-2.70196 -1.37671 -2.04251 -1.49644 2.28604 -1.35072 0.933568 -1.45836 0.845637 -2.26333 2.70146 1.15617 -1.8113 1.057 -1.2683 2.6206 -0.767112 3.03787 2.5683 -2.84549 -3.18012 0.714514 2.65677 -2.51683 3.10232 -2.28619 0.228183 0.703153 3.14575 2.59304 
-2.70715 -1.36853 -2.04601 -1.51945 2.26961 -1.36154 0.926237 -1.43478 0.837312 -2.24507 2.67735 1.16814 -1.82154 1.07812 -1.28146 2.61443 -0.729736 3.05353 2.56191 -2.85044 -3.18341 0.706505 2.65827 -2.51331 3.08784 -2.32249 0.213447 0.699695 3.18983 2.59484 
-2.70452 -1.36252 -2.04766 -1.51796 2.26522 -1.36833 0.920052 -1.41941 0.836767 -2.24738 2.67078 1.16825 -1.84375 1.08145 -1.28728 2.62105 -0.707056 3.05072 2.55625 -2.85178 -3.18726 0.6925 2.65447 -2.49629 3.06469 -2.34872 0.206096 0.701885 3.21499 2.60656 
-2.71467 -1.34798 -2.05368 -1.51843 2.25721 -1.37939 0.913069 -1.421 0.84678 -2.25244 2.6595 1.17378 -1.85637 1.08722 -1.28736 2.63233 -0.700096 3.04224 2.54579 -2.83878 -3.18803 0.673033 2.64216 -2.47472 3.05103 -2.36325 0.184052 0.710265 3.21987 2.60355 
-2.71357 -1.34592 -2.05202 -1.52237 2.2492 -1.39368 0.906579 -1.43439 0.844535 -2.24236 2.66674 1.18518 -1.87856 1.09343 -1.30118 2.641 -0.711897 3.03663 2.54942 -2.81497 -3.18274 0.678232 2.62393 -2.45817 3.04584 -2.38083 0.160013 0.708227 3.21283 2.60574 
-2.70645 -1.35129 -2.03329 -1.54887 2.21197 -1.39831 0.907869 -1.45836 0.848736 -2.21664 2.71088 1.21057 -1.88942 1.1073 -1.30975 2.65545 -0.738659 3.01573 2.55953 -2.77532 -3.16999 0.675588 2.60214 -2.42809 3.05672 -2.39493 0.103624 0.712262 3.18535 2.60557 
-2.70574 -1.36049 -2.02861 -1.55817 2.18436 -1.39664 0.899318 -1.49872 0.843402 -2.18162 2.74337 1.22537 -1.88643 1.10715 -1.31546 2.66665 -0.766426 3.00862 2.57269 -2.73191 -3.15702 0.675364 2.58934 -2.42364 3.07942 -2.40034 0.0670284 0.730501 3.16764 2.60428 
-2.69783 -1.3546 -2.03415 -1.56007 2.16787 -1.39052 0.89084 -1.5468 0.853691 -2.13666 2.78398 1.21883 -1.89466 1.11986 -1.32009 2.6646 -0.797756 3.01202 2.5867 -2.68363 -3.16405 0.676883 2.57499 -2.41509 3.11316 -2.39113 0.0581201 0.753936 3.16782 2.6217 
-2.68918 -1.34767 -2.03654 -1.55646 2.15638 -1.37331 0.891073 -1.60122 0.867002 -2.08165 2.83248 1.20992 -1.89411 1.14532 -1.32432 2.65871 -0.836029 3.01831 2.5993 -2.64072 -3.16846 0.684761 2.56025 -2.40702 3.15159 -2.37716 0.0503991 0.778576 3.16844 2.63518 
-2.68168 -1.3277 -2.02965 -1.57143 2.15159 -1.36517 0.868196 -1.63898 0.884523 -2.05918 2.82507 1.24095 -1.87796 1.15203 -1.34132 2.65334 -0.84494 3.01793 2.6021 -2.62324 -3.1683 0.65628 2.56157 -2.42158 3.12956 -2.38537 0.036456 0.793565 3.15279 2.59947 
-2.68313 -1.31655 -2.02036 -1.58372 2.15725 -1.34626 0.861501 -1.65979 0.889143 -2.04292 2.79003 1.26932 -1.85256 1.15071 -1.35487 2.65433 -0.864129 3.01307 2.61306 -2.61854 -3.17149 0.623261 2.55537 -2.43746 3.09985 -2.39159 0.0279489 0.810542 3.14481 2.58793 
-2.68895 -1.32293 -2.00477 -1.57936 2.16805 -1.34156 0.882281 -1.66488 0.893065 -2.04287 2.76663 1.2732 -1.8326 1.14398 -1.35463 2.66583 -0.89576 3.00682 2.60649 -2.62634 -3.1667 0.60576 2.54294 -2.43995 3.07653 -2.38417 0.0330964 0.817658 3.14148 2.60639 
-2.6881 -1.28742 -1.96843 -1.54649 2.16848 -1.30311 0.9093 -1.69192 0.902967 -2.0528 2.75357 1.27457 -1.8045 1.13301 -1.36625 2.64539 -0.896563 2.99986 2.56405 -2.6298 -3.19349 0.59374 2.54525 -2.41701 3.06607 -2.38699 0.0588382 0.840083 3.13975 2.60302 
-2.69757 -1.28134 -1.92099 -1.50944 2.17069 -1.29941 0.920641 -1.72808 0.895955 -2.0426 2.74812 1.26071 -1.76377 1.11979 -1.39079 2.65127 -0.922261 3.00918 2.52436 -2.65934 -3.20097 0.561858 2.5455 -2.41241 3.01208 -2.41765 0.0955375 0.860104 3.1444 2.59804 
-2.70786 -1.27642 -1.88884 -1.4773 2.1847 -1.29899 0.927885 -1.76024 0.881384 -2.02151 2.76055 1.22869 -1.73968 1.11285 -1.39548 2.65459 -0.963509 3.02677 2.4809 -2.6861 -3.22178 0.535776 2.52672 -2.4111 2.98206 -2.42801 0.1433 0.881887 3.16641 2.60231 
-2.73456 -1.26711 -1.89169 -1.4509 2.19397 -1.28316 0.92494 -1.77675 0.854097 -2.01155 2.74861 1.21264 -1.72927 1.09897 -1.37911 2.66771 -0.975245 3.049 2.45648 -2.71835 -3.22524 0.507071 2.53179 -2.42186 2.99288 -2.41933 0.175607 0.897765 3.18209 2.57432 
-2.73345 -1.24693 -1.90522 -1.43211 2.23043 -1.26632 0.926889 -1.78224 0.855206 -2.00877 2.75472 1.20806 -1.73292 1.10396 -1.32747 2.67897 -0.986373 3.04959 2.43714 -2.75247 -3.22046 0.474089 2.51878 -2.42757 2.99648 -2.4131 0.188226 0.908046 3.1985 2.58878 
-2.71841 -1.2462 -1.93942 -1.3922 2.25674 -1.25139 0.916211 -1.80316 0.84934 -1.99759 2.76714 1.21326 -1.72663 1.10498 -1.24932 2.68256 -1.01393 3.06065 2.43467 -2.79651 -3.21664 0.44794 2.51838 -2.44136 3.00133 -2.4132 0.197068 0.918367 3.1915 2.61372 
-2.69311 -1.28131 -1.95594 -1.36873 2.27373 -1.25025 0.909564 -1.81849 0.801875 -1.99871 2.73947 1.22343 -1.70445 1.09138 -1.15269 2.68413 -1.07388 3.0861 2.39958 -2.78293 -3.18758 0.438922 2.52197 -2.49106 3.01073 -2.32888 0.177968 0.90275 3.14275 2.63171 
-2.66384 -1.31108 -1.95988 -1.34189 2.29714 -1.25907 0.895815 -1.82915 0.760826 -2.00478 2.67433 1.23146 -1.67607 1.07512 -1.06333 2.69392 -1.15264 3.10569 2.377 -2.77005 -3.15332 0.42864 2.52465 -2.56058 3.00329 -2.26151 0.164774 0.892364 3.08974 2.62726 
-2.64011 -1.34563 -1.92827 -1.31186 2.29358 -1.28797 0.884088 -1.85235 0.739565 -2.00262 2.65642 1.20951 -1.61136 1.03766 -1.04015 2.70671 -1.20453 3.11293 2.36414 -2.80276 -3.11784 0.392808 2.52658 -2.59138 2.94594 -2.2629 0.208257 0.893781 3.0721 2.61199 
-2.61607 -1.36942 -1.87966 -1.27818 2.28737 -1.34028 0.873391 -1.89508 0.734906 -1.98436 2.63612 1.16115 -1.52163 1.01394 -1.04836 2.73382 -1.25374 3.11797 2.33942 -2.85288 -3.09144 0.350486 2.53152 -2.61547 2.84481 -2.28579 0.262504 0.915174 3.05024 2.57948 
-2.61701 -1.40834 -1.87315 -1.24812 2.28574 -1.37585 0.870939 -1.95313 0.751112 -1.96783 2.59163 1.10261 -1.47958 1.01361 -1.03718 2.74064 -1.27222 3.10962 2.33009 -2.90322 -3.09867 0.324422 2.56208 -2.60616 2.78449 -2.29826 0.278133 0.938345 3.0349 2.55914 
