Mean 0 Mean 1 Mean 2 Mean 3 Mean 4 Mean 5 Mean 6 Mean 7 Mean 8 Mean 9 Mean 10 Mean 11 Mean 12 Mean 13 Mean 14 Mean 15 Mean 16 Mean 17 Mean 18 Mean 19 Mean 20 Mean 21 Mean 22 Mean 23 Mean 24 Mean 25 Mean 26 Mean 27 Mean 28 Mean 29 
-2.67888 0.973935 -1.92831 -2.71296 2.09693 -2.18701 0.933102 -2.70074 -2.70686 -1.8626 1.55831 2.43455 -1.99189 1.0586 1.22049 -1.4059 -1.54321 -0.0941796 2.87633 -0.326107 -0.562744 0.368616 1.98537 2.6049 2.72377 0.999987 -2.67909 2.88714 -2.91387 2.77776 
-2.67164 0.965101 -1.91842 -2.71209 2.09115 -2.18097 0.945839 -2.69181 -2.71418 -1.87371 1.55344 2.433 -1.98943 1.07226 1.2263 -2.28115 -1.54541 -0.0945237 2.87723 -0.327947 -0.568736 0.35567 1.98888 2.61648 2.72372 0.999807 -2.67636 2.8855 -2.92139 2.77521 
-2.6745 0.959614 -1.90289 -2.71424 2.08907 -2.18285 0.953171 -2.68976 -2.70685 -1.86946 1.55366 2.42892 -1.98264 1.0789 1.22789 -2.58177 -1.54827 -0.0986529 2.88295 -0.326316 -0.576654 0.345079 1.98903 2.6201 2.72297 0.995076 -2.67787 2.88163 -2.92831 2.76414 
-2.67819 0.950477 -1.90544 -2.71432 2.09487 -2.18255 0.954855 -2.68984 -2.70536 -1.86798 1.55729 2.42394 -1.98154 1.07825 1.22429 -2.72958 -1.54373 -0.0980793 2.89113 -0.321518 -0.583271 0.34288 1.98899 2.62221 2.72083 0.981776 -2.68255 2.87743 -2.9264 2.75438 
-2.68897 0.946593 -1.90733 -2.70776 2.09277 -2.19444 0.95058 -2.69211 -2.70043 -1.85007 1.56744 2.41979 -1.98735 1.0679 1.21846 -2.82648 -1.53678 -0.103473 2.90596 -0.307925 -0.586484 0.348255 1.98045 2.62182 2.72007 0.962431 -2.6855 2.87223 -2.91933 2.74439 
-2.69409 0.951061 -1.90643 -2.70689 2.0867 -2.20564 0.942288 -2.69887 -2.70254 -1.84775 1.57218 2.4196 -1.98575 1.06774 1.21413 -2.89162 -1.53901 -0.0996486 2.90596 -0.314082 -0.585216 0.339842 1.97828 2.62745 2.72408 0.960619 -2.69084 2.86977 -2.91605 2.75382 
-2.69795 0.952631 -1.89083 -2.69702 2.08984 -2.2314 0.91992 -2.69663 -2.68498 -1.83511 1.59426 2.41341 -1.97693 1.06994 1.20816 -2.95254 -1.57167 -0.0951468 2.89668 -0.307373 -0.590919 0.350433 1.96901 2.63919 2.72496 0.952032 -2.68575 2.86884 -2.88562 2.7448 
-2.7035 0.958776 -1.88755 -2.70351 2.08489 -2.24372 0.916873 -2.6977 -2.68785 -1.82601 1.59802 2.40481 -1.97557 1.07382 1.20205 -2.98323 -1.58527 -0.0937142 2.88809 -0.311974 -0.585901 0.343233 1.96479 2.64928 2.72871 0.949652 -2.67521 2.86723 -2.86818 2.747 
-2.70545 0.967167 -1.88532 -2.70427 2.08105 -2.25492 0.910215 -2.69154 -2.68272 -1.80451 1.61315 2.38997 -1.96596 1.07555 1.19634 -3.01166 -1.60767 -0.095329 2.87163 -0.3165 -0.583421 0.339084 1.95991 2.65989 2.73772 0.949702 -2.66239 2.86392 -2.84013 2.74045 
-2.70847 0.970874 -1.88459 -2.71274 2.06256 -2.24819 0.903847 -2.69146 -2.69491 -1.79843 1.61947 2.3798 -1.95552 1.07948 1.19009 -3.02897 -1.61201 -0.0929395 2.86477 -0.328477 -0.581291 0.327398 1.95498 2.65596 2.74378 0.944383 -2.6519 2.86692 -2.8274 2.73695 
-2.70412 0.98131 -1.89161 -2.72518 2.04905 -2.23315 0.904792 -2.69245 -2.71321 -1.7989 1.62715 2.36679 -1.94943 1.07744 1.16934 -3.03233 -1.60534 -0.101392 2.86327 -0.334007 -0.582257 0.313664 1.94812 2.65555 2.74484 0.950349 -2.62816 2.86903 -2.81274 2.71711 
-2.70134 0.983594 -1.87853 -2.74026 2.03292 -2.22839 0.908059 -2.68149 -2.73031 -1.78773 1.62998 2.36332 -1.95341 1.07312 1.1616 -3.03296 -1.60414 -0.111549 2.85319 -0.339948 -0.583572 0.305479 1.9536 2.65721 2.74275 0.957978 -2.62949 2.86898 -2.79778 2.71798 
-2.70685 0.986642 -1.8658 -2.74873 2.00998 -2.22658 0.912071 -2.67246 -2.74252 -1.76904 1.6177 2.36274 -1.95404 1.06632 1.1487 -3.02509 -1.59298 -0.117101 2.84515 -0.345546 -0.572636 0.290167 1.95843 2.65979 2.73583 0.95972 -2.63609 2.87096 -2.77865 2.72623 
-2.70786 0.987984 -1.8509 -2.74978 1.98796 -2.22247 0.909066 -2.66293 -2.74465 -1.75026 1.61002 2.36145 -1.96004 1.05442 1.1351 -3.01822 -1.58462 -0.130075 2.84284 -0.346066 -0.56409 0.275473 1.95517 2.66891 2.72118 0.95973 -2.64083 2.86878 -2.76059 2.7309 
-2.7039 0.985321 -1.83717 -2.75718 1.97071 -2.22735 0.908413 -2.65594 -2.74371 -1.73471 1.59944 2.35718 -1.96238 1.05225 1.12849 -3.00597 -1.57749 -0.130715 2.83642 -0.341866 -0.550507 0.259958 1.9397 2.674 2.71475 0.957544 -2.64298 2.86759 -2.74395 2.74277 
-2.70066 0.981818 -1.82965 -2.76541 1.9503 -2.23154 0.908345 -2.65424 -2.73833 -1.72525 1.59772 2.34692 -1.96345 1.05373 1.12956 -2.99713 -1.57313 -0.133061 2.83897 -0.338416 -0.541219 0.253764 1.91844 2.68189 2.70647 0.958738 -2.64951 2.86847 -2.73494 2.75339 
-2.69893 0.979051 -1.82519 -2.77682 1.93191 -2.23078 0.916564 -2.65632 -2.73579 -1.71489 1.60829 2.32926 -1.96742 1.06491 1.12952 -2.99148 -1.56473 -0.126197 2.84657 -0.343654 -0.53518 0.249648 1.89761 2.68472 2.70269 0.960622 -2.65442 2.86746 -2.72161 2.76823 
-2.69684 0.978793 -1.8243 -2.7775 1.91165 -2.23587 0.917242 -2.65804 -2.73533 -1.70954 1.60809 2.32827 -1.97181 1.07987 1.11306 -2.98228 -1.55487 -0.119079 2.84466 -0.356351 -0.518307 0.242615 1.88516 2.68062 2.68435 0.937601 -2.65761 2.86829 -2.69439 2.77203 
-2.69441 0.983913 -1.82628 -2.75867 1.89671 -2.24679 0.919101 -2.65984 -2.73414 -1.70055 1.60252 2.33041 -1.97134 1.08475 1.08475 -2.96532 -1.54389 -0.109827 2.83915 -0.372712 -0.48911 0.221383 1.87054 2.67481 2.65324 0.901157 -2.66472 2.87086 -2.65878 2.77138 
-2.6932 0.985551 -1.83404 -2.75037 1.87913 -2.25462 0.923405 -2.66305 -2.74457 -1.68852 1.58144 2.33426 -1.97304 1.08562 1.07387 -2.94734 -1.53973 -0.101239 2.83708 -0.364867 -0.457394 0.202814 1.84831 2.66143 2.61838 0.864439 -2.66608 2.8653 -2.63889 2.76509 
-2.70169 0.980456 -1.82649 -2.74751 1.86809 -2.27871 0.916521 -2.65778 -2.74862 -1.66773 1.55853 2.35749 -1.96735 1.09901 1.04868 -2.93618 -1.54361 -0.0778339 2.83687 -0.357075 -0.428174 0.189268 1.83468 2.64662 2.5809 0.831763 -2.67249 2.85702 -2.6119 2.75255 
-2.71969 0.963217 -1.82391 -2.73888 1.8398 -2.2975 0.903813 -2.66417 -2.75962 -1.64968 1.56513 2.36788 -1.95916 1.11336 1.03295 -2.94948 -1.55969 -0.0577955 2.83118 -0.334129 -0.402829 0.177625 1.83923 2.63307 2.5455 0.810334 -2.67862 2.8492 -2.59294 2.75672 
-2.72519 0.930028 -1.82655 -2.71494 1.80151 -2.30232 0.915061 -2.70324 -2.78521 -1.62583 1.58802 2.37014 -1.95467 1.12914 1.04451 -2.95893 -1.58533 -0.0381494 2.83266 -0.286266 -0.367067 0.1729 1.85122 2.61248 2.51015 0.800307 -2.68674 2.83473 -2.601 2.76023 
-2.72711 0.91029 -1.82574 -2.69315 1.77369 -2.31251 0.913948 -2.73335 -2.8027 -1.60321 1.61045 2.37406 -1.93607 1.1283 1.04142 -2.95022 -1.6047 -0.0172241 2.83061 -0.265743 -0.333185 0.16297 1.86739 2.60144 2.48347 0.776849 -2.69924 2.82398 -2.60488 2.77241 
-2.72474 0.895555 -1.83041 -2.68557 1.77645 -2.32466 0.915624 -2.752 -2.83107 -1.59285 1.62296 2.38338 -1.90488 1.11243 1.04771 -2.92668 -1.59777 -0.00458141 2.81121 -0.269544 -0.304609 0.15936 1.87143 2.59313 2.47677 0.762507 -2.73711 2.81316 -2.62106 2.78982 
-2.7378 0.89641 -1.8598 -2.68111 1.79087 -2.33286 0.923144 -2.76416 -2.83222 -1.58086 1.62176 2.37842 -1.87134 1.11144 1.06262 -2.90556 -1.61235 -0.0122534 2.78065 -0.259553 -0.289677 0.155076 1.86921 2.59527 2.48657 0.761838 -2.74938 2.80495 -2.63189 2.79986 
-2.76054 0.897992 -1.89199 -2.6847 1.80903 -2.33352 0.919274 -2.76021 -2.83534 -1.57005 1.60536 2.36964 -1.84439 1.11713 1.08726 -2.89547 -1.616 -0.0188096 2.75683 -0.254392 -0.278086 0.146099 1.86266 2.59916 2.50341 0.760908 -2.75995 2.79292 -2.63781 2.80754 
-2.77178 0.905943 -1.92308 -2.7013 1.8374 -2.34247 0.915882 -2.74573 -2.84077 -1.5637 1.58623 2.36625 -1.82539 1.12466 1.10211 -2.87475 -1.61035 -0.0253226 2.71658 -0.272747 -0.261612 0.136438 1.85189 2.59451 2.52644 0.761973 -2.7738 2.78351 -2.63827 2.82485 
-2.77473 0.900731 -1.9283 -2.73305 1.85987 -2.35959 0.89305 -2.74228 -2.86061 -1.57909 1.57056 2.35969 -1.81648 1.13636 1.10625 -2.86983 -1.58603 -0.0161774 2.67967 -0.303878 -0.268074 0.115368 1.85374 2.58636 2.54306 0.760689 -2.78657 2.77647 -2.63292 2.82886 
-2.77615 0.879959 -1.92284 -2.78103 1.89103 -2.36974 0.86223 -2.73874 -2.87465 -1.59285 1.57443 2.3545 -1.80203 1.16009 1.13042 -2.86485 -1.56265 -0.00818923 2.65033 -0.335709 -0.281469 0.0840391 1.85417 2.57668 2.5633 0.754738 -2.80106 2.7613 -2.64179 2.83542 
-2.77834 0.862927 -1.92796 -2.8388 1.92242 -2.39541 0.827152 -2.74251 -2.87982 -1.60419 1.59015 2.37099 -1.79135 1.15011 1.16861 -2.86478 -1.52663 -0.0113961 2.62826 -0.370388 -0.310775 0.0653673 1.86566 2.56789 2.56129 0.733954 -2.83211 2.75511 -2.63702 2.84033 
-2.78044 0.859868 -1.93603 -2.87037 1.95747 -2.42002 0.792747 -2.74273 -2.86951 -1.59617 1.59924 2.38636 -1.79204 1.12687 1.19946 -2.86024 -1.51424 -0.0168478 2.62172 -0.393271 -0.340412 0.0413639 1.86104 2.57666 2.52912 0.718057 -2.84021 2.76299 -2.62936 2.85078 
-2.77996 0.865995 -1.94023 -2.89672 1.98675 -2.44651 0.779384 -2.75337 -2.86827 -1.5919 1.59928 2.40643 -1.80155 1.09795 1.23288 -2.85034 -1.4927 -0.0250601 2.61769 -0.41 -0.366185 0.0296585 1.86076 2.58608 2.50216 0.701984 -2.80837 2.77256 -2.6263 2.86158 
-2.7805 0.890332 -1.94304 -2.92773 2.02791 -2.48452 0.77579 -2.77082 -2.85169 -1.58438 1.59273 2.42301 -1.81998 1.06566 1.25997 -2.83852 -1.46988 -0.03018 2.62083 -0.427803 -0.381996 0.0226229 1.85247 2.58978 2.47016 0.688137 -2.78986 2.78553 -2.63981 2.86579 
-2.76414 0.914055 -1.93385 -2.93403 2.06997 -2.52388 0.778219 -2.79821 -2.82223 -1.57292 1.55465 2.42705 -1.82467 1.05627 1.25879 -2.83193 -1.47448 -0.0179643 2.65338 -0.428671 -0.392721 0.0249344 1.83753 2.59394 2.45226 0.680132 -2.7897 2.8073 -2.64899 2.89453 
-2.73131 0.952534 -1.93993 -2.92792 2.10474 -2.52188 0.795808 -2.83816 -2.80617 -1.58184 1.49815 2.43538 -1.81312 1.05852 1.25678 -2.81747 -1.48312 -0.00354499 2.68557 -0.423936 -0.383844 0.0280355 1.82789 2.59674 2.45311 0.67538 -2.80763 2.82753 -2.63754 2.92269 
-2.69585 1.00106 -1.94611 -2.87938 2.12948 -2.50973 0.825264 -2.87031 -2.80172 -1.57802 1.43597 2.42341 -1.82879 1.08167 1.2532 -2.80416 -1.506 0.0130557 2.70052 -0.405961 -0.380322 0.032498 1.8115 2.58807 2.45758 0.71928 -2.81999 2.8668 -2.635 2.97211 
-2.66125 1.0586 -1.9606 -2.84177 2.13482 -2.49069 0.836268 -2.89184 -2.80287 -1.56892 1.36897 2.41327 -1.84132 1.09361 1.24816 -2.80173 -1.52097 0.0236279 2.69044 -0.387701 -0.383142 0.0389645 1.79998 2.57341 2.44828 0.75901 -2.79991 2.91301 -2.63092 2.9936 
-2.63113 1.11133 -1.96303 -2.81559 2.1465 -2.51411 0.823975 -2.91178 -2.8 -1.54624 1.313 2.38664 -1.87312 1.08203 1.28821 -2.82109 -1.53199 0.0319445 2.64936 -0.390624 -0.395078 0.042028 1.76475 2.53739 2.42124 0.798661 -2.77003 2.95509 -2.63409 2.99546 
-2.61349 1.13075 -1.99861 -2.80712 2.17266 -2.62652 0.723089 -2.89642 -2.70398 -1.57034 1.31404 2.3341 -1.87522 1.02799 1.28998 -2.89719 -1.52098 0.0578164 2.58049 -0.410402 -0.406509 0.0486796 1.70861 2.49615 2.35748 0.858325 -2.74654 2.95326 -2.66577 3.00981 
