Mean 0 Mean 1 Mean 2 Mean 3 Mean 4 Mean 5 Mean 6 Mean 7 Mean 8 Mean 9 Mean 10 Mean 11 Mean 12 Mean 13 Mean 14 Mean 15 Mean 16 Mean 17 Mean 18 Mean 19 Mean 20 Mean 21 Mean 22 Mean 23 Mean 24 Mean 25 Mean 26 Mean 27 Mean 28 Mean 29 
-1.19789 0.799651 -1.87008 -2.44247 2.31174 -1.18527 0.999303 0.898352 0.765314 -1.52696 -0.950222 2.75387 0.967328 -1.45489 -1.16568 2.90801 1.14994 0.730134 2.70271 -2.6872 2.27438 -1.56797 -2.74072 0.75667 2.73585 -0.268481 -2.73229 -2.62318 -0.145892 2.5356 
-1.20688 0.794968 -1.86891 -2.44419 2.31984 -1.1853 1.00259 0.89493 0.763698 -1.52829 -0.954078 2.74727 0.96378 -1.44986 -1.16021 2.90372 1.15415 0.731335 2.70324 -2.6864 2.26683 -1.56629 -2.74175 0.762401 2.73074 -0.270577 -2.73479 -2.62468 -0.145278 2.53403 
-1.20979 0.798913 -1.86378 -2.44868 2.31421 -1.18301 1.00557 0.892886 0.76833 -1.52548 -0.955925 2.74206 0.971983 -1.44951 -1.16335 2.8932 1.15649 0.724027 2.71445 -2.69114 2.26162 -1.56846 -2.74799 0.769621 2.73368 -0.278621 -2.73999 -2.63209 -0.145107 2.53448 
-1.20698 0.799771 -1.85675 -2.44513 2.31107 -1.18203 1.00278 0.892721 0.776727 -1.51528 -0.960631 2.73506 0.977169 -1.44951 -1.17469 2.88606 1.15033 0.711578 2.7288 -2.69115 2.2566 -1.56736 -2.74706 0.770839 2.7334 -0.286179 -2.74498 -2.64026 -0.145903 2.53047 
-1.21509 0.802695 -1.85119 -2.44445 2.30346 -1.18393 1.00209 0.8923 0.781495 -1.50653 -0.963375 2.72861 0.986208 -1.44856 -1.18204 2.88414 1.14463 0.698314 2.72914 -2.6931 2.25196 -1.57437 -2.74749 0.77617 2.72674 -0.288888 -2.74595 -2.64345 -0.138795 2.52746 
-1.21924 0.807289 -1.84873 -2.44343 2.29875 -1.18126 1.00516 0.891232 0.782741 -1.50146 -0.95151 2.71673 0.993777 -1.45006 -1.1788 2.88515 1.13107 0.694815 2.72996 -2.69852 2.24571 -1.58323 -2.75172 0.778961 2.73094 -0.288839 -2.73833 -2.63577 -0.13383 2.52217 
-1.22014 0.815193 -1.84986 -2.44668 2.29126 -1.1778 1.00406 0.890907 0.793404 -1.50124 -0.942855 2.70557 0.996386 -1.44112 -1.17765 2.88378 1.11504 0.691217 2.73441 -2.70777 2.24644 -1.58857 -2.75211 0.786592 2.73616 -0.289008 -2.7337 -2.62707 -0.129027 2.52408 
-1.23965 0.8223 -1.85165 -2.44353 2.28174 -1.16863 1.00645 0.887209 0.798639 -1.50096 -0.942021 2.69554 1.00501 -1.44359 -1.16745 2.88142 1.10528 0.689905 2.74264 -2.71719 2.23033 -1.5953 -2.75538 0.790222 2.74005 -0.289648 -2.72825 -2.61368 -0.124127 2.50927 
-1.26172 0.834648 -1.85133 -2.44589 2.2773 -1.15841 1.00503 0.882884 0.788468 -1.49952 -0.947006 2.68442 1.01336 -1.46246 -1.16484 2.90075 1.09982 0.680963 2.7322 -2.72261 2.21325 -1.60823 -2.74571 0.816708 2.74308 -0.261637 -2.73077 -2.60388 -0.106298 2.48735 
-1.2734 0.841628 -1.85377 -2.45557 2.26775 -1.15137 0.99588 0.879668 0.78107 -1.50824 -0.9521 2.68514 1.01915 -1.47551 -1.16286 2.90967 1.09876 0.677296 2.71945 -2.72609 2.19294 -1.62799 -2.73198 0.846036 2.74891 -0.239713 -2.74064 -2.59279 -0.0984923 2.4721 
-1.28859 0.845561 -1.86215 -2.46282 2.25397 -1.14858 0.984325 0.882781 0.77183 -1.51606 -0.960187 2.68759 1.01921 -1.49282 -1.17364 2.91789 1.09748 0.673112 2.69906 -2.72272 2.17497 -1.64218 -2.7142 0.865084 2.7472 -0.221045 -2.74731 -2.58063 -0.0851525 2.45997 
-1.30978 0.856227 -1.88754 -2.48436 2.23284 -1.14119 0.963486 0.855738 0.782618 -1.52965 -0.975908 2.69941 1.05557 -1.49259 -1.18385 2.91703 1.09545 0.663519 2.67458 -2.72461 2.14946 -1.65791 -2.71163 0.869749 2.75204 -0.190168 -2.75583 -2.55209 -0.0686554 2.43933 
-1.32552 0.859534 -1.90633 -2.48391 2.21867 -1.13584 0.955216 0.849776 0.78284 -1.54015 -0.971951 2.69136 1.05334 -1.51334 -1.18386 2.91849 1.10156 0.654241 2.65938 -2.71777 2.1311 -1.68738 -2.70416 0.894173 2.75199 -0.165329 -2.76468 -2.5338 -0.05764 2.43329 
-1.33118 0.866664 -1.9059 -2.47806 2.21341 -1.12778 0.949221 0.863359 0.777911 -1.55257 -0.962095 2.68005 1.03298 -1.53453 -1.18807 2.92805 1.10631 0.637421 2.64337 -2.71654 2.12222 -1.70034 -2.69243 0.899527 2.75848 -0.157529 -2.77229 -2.526 -0.0477247 2.42563 
-1.33784 0.864701 -1.91505 -2.47557 2.1922 -1.13042 0.941718 0.874613 0.788997 -1.57177 -0.973568 2.67473 1.02002 -1.5581 -1.18373 2.9465 1.1108 0.633876 2.61971 -2.70884 2.11424 -1.73302 -2.68885 0.909432 2.75855 -0.14728 -2.78851 -2.51654 -0.0439974 2.41626 
-1.34765 0.862262 -1.92306 -2.46759 2.17975 -1.14129 0.942448 0.88623 0.802941 -1.58748 -0.978503 2.66194 1.0048 -1.57853 -1.18274 2.96129 1.12259 0.623483 2.58147 -2.70365 2.09961 -1.76696 -2.68809 0.921309 2.75335 -0.12985 -2.81423 -2.5031 -0.0364277 2.41236 
-1.36632 0.854417 -1.92857 -2.4597 2.1671 -1.14768 0.936215 0.886671 0.808942 -1.60825 -0.980219 2.6441 0.987731 -1.58946 -1.18126 2.96983 1.14258 0.60678 2.54193 -2.69642 2.06596 -1.8002 -2.68377 0.93148 2.74857 -0.104264 -2.83848 -2.48357 -0.031419 2.41937 
-1.36915 0.84049 -1.91825 -2.45246 2.16206 -1.16974 0.930716 0.877563 0.819318 -1.61134 -0.977115 2.64785 0.969724 -1.57459 -1.17175 2.97343 1.14482 0.601619 2.52654 -2.68783 2.06061 -1.80652 -2.69819 0.914473 2.75153 -0.0946602 -2.83915 -2.48808 -0.0106129 2.42546 
-1.35748 0.823408 -1.8956 -2.44346 2.16114 -1.18546 0.92955 0.871313 0.82807 -1.59996 -0.963213 2.65081 0.959979 -1.55304 -1.16692 2.98362 1.13735 0.620309 2.54127 -2.67674 2.07452 -1.79785 -2.72395 0.882979 2.76173 -0.108637 -2.8348 -2.49389 0.0148793 2.44182 
-1.31417 0.817338 -1.86807 -2.43175 2.17348 -1.19756 0.932833 0.861167 0.854266 -1.58677 -0.954786 2.65357 0.949839 -1.52579 -1.14023 3.00291 1.13266 0.629738 2.57366 -2.64184 2.10302 -1.79854 -2.77491 0.863833 2.7675 -0.12806 -2.83508 -2.51427 0.0119388 2.47101 
-1.34269 0.796105 -1.85326 -2.40714 2.14314 -1.21767 0.897911 0.793587 0.853459 -1.54733 -0.989474 2.72119 0.946623 -1.48918 -1.14929 3.00464 1.09357 0.590277 2.5929 -2.61465 2.14196 -1.78629 -2.78891 0.833294 2.7118 -0.1503 -2.80145 -2.52931 0.0198338 2.45422 
-1.38155 0.77135 -1.83311 -2.38393 2.1021 -1.22723 0.848218 0.714379 0.847376 -1.49472 -1.04584 2.7983 0.945067 -1.46363 -1.17911 2.99915 1.03859 0.538665 2.60955 -2.5797 2.1772 -1.77851 -2.79779 0.803921 2.63821 -0.188951 -2.77586 -2.53555 0.01681 2.42282 
-1.42274 0.750729 -1.82557 -2.36785 2.06804 -1.23739 0.809024 0.644698 0.830489 -1.4481 -1.07455 2.84588 0.944841 -1.44077 -1.20365 2.98902 0.989598 0.504426 2.61893 -2.53736 2.20389 -1.77211 -2.79791 0.780006 2.59036 -0.223207 -2.75772 -2.53537 0.0336935 2.40186 
-1.4535 0.738248 -1.8308 -2.36608 2.05149 -1.25249 0.807513 0.606553 0.807199 -1.42165 -1.05646 2.85259 0.948184 -1.41463 -1.20223 2.98258 0.962499 0.494092 2.61046 -2.49229 2.21784 -1.75713 -2.80073 0.770751 2.58242 -0.2264 -2.74471 -2.54224 0.0635039 2.40794 
-1.49296 0.7015 -1.85206 -2.39959 2.03348 -1.26938 0.801005 0.607241 0.769185 -1.41614 -1.04298 2.87194 0.947364 -1.41151 -1.1946 2.99925 0.915921 0.490787 2.57579 -2.4093 2.24111 -1.74967 -2.78583 0.761548 2.54839 -0.214437 -2.74901 -2.54608 0.109476 2.40604 
-1.54059 0.655513 -1.88117 -2.44868 2.02103 -1.2868 0.804781 0.621841 0.721145 -1.41691 -1.00863 2.87006 0.948103 -1.41059 -1.17855 3.02833 0.866341 0.501483 2.5262 -2.30516 2.26722 -1.74882 -2.77062 0.760188 2.51443 -0.175488 -2.74818 -2.54582 0.177322 2.41153 
-1.58003 0.593853 -1.90373 -2.50582 2.01036 -1.29858 0.810737 0.647788 0.676951 -1.42364 -0.970349 2.86672 0.93911 -1.41198 -1.15759 3.06186 0.810232 0.508706 2.44543 -2.17793 2.28807 -1.75077 -2.76011 0.768692 2.46767 -0.130738 -2.74768 -2.542 0.249312 2.42216 
-1.61759 0.543645 -1.92961 -2.54778 1.99161 -1.31163 0.810408 0.663415 0.631453 -1.43271 -0.936826 2.86714 0.937081 -1.41264 -1.13477 3.09517 0.766649 0.506887 2.37079 -2.06365 2.31635 -1.74775 -2.73443 0.767015 2.42085 -0.0917634 -2.74298 -2.54453 0.311962 2.43609 
-1.64357 0.505666 -1.94879 -2.57513 1.97399 -1.32268 0.803948 0.666579 0.591737 -1.44247 -0.906928 2.87011 0.942592 -1.40892 -1.11971 3.12072 0.738851 0.504142 2.30626 -1.98055 2.34182 -1.73703 -2.70045 0.755988 2.38016 -0.064093 -2.73784 -2.54727 0.363508 2.45163 
-1.64807 0.470154 -1.94432 -2.59818 1.96629 -1.33077 0.7949 0.674409 0.560393 -1.44822 -0.869697 2.85302 0.94256 -1.42817 -1.11727 3.12968 0.71317 0.523195 2.24169 -1.94282 2.35635 -1.732 -2.67658 0.751611 2.34858 -0.0446079 -2.74911 -2.53808 0.416075 2.47032 
-1.65694 0.422408 -1.9663 -2.62857 1.97027 -1.3362 0.798085 0.691973 0.531906 -1.45206 -0.841563 2.83294 0.939906 -1.43668 -1.10689 3.14595 0.688761 0.530423 2.18615 -1.88795 2.36695 -1.71895 -2.64397 0.75253 2.29391 -0.0198497 -2.75205 -2.52884 0.468911 2.4795 
-1.67519 0.363827 -1.99132 -2.67691 1.98435 -1.33418 0.807659 0.725359 0.495893 -1.45237 -0.803823 2.80314 0.941825 -1.4538 -1.08544 3.15369 0.65719 0.531428 2.12144 -1.81781 2.37787 -1.69782 -2.60274 0.773799 2.22948 0.0235431 -2.73648 -2.5049 0.541638 2.50116 
-1.68694 0.301924 -1.99181 -2.72377 1.99401 -1.32648 0.807563 0.743254 0.446594 -1.42563 -0.77694 2.78896 0.936391 -1.48084 -1.07523 3.15583 0.59903 0.532184 2.05684 -1.77324 2.39645 -1.6795 -2.57172 0.790595 2.18103 0.0503223 -2.73057 -2.47641 0.629202 2.51959 
-1.70251 0.238259 -1.99925 -2.76014 2.00755 -1.32168 0.803935 0.768896 0.407871 -1.40378 -0.755185 2.75593 0.921393 -1.50508 -1.06635 3.14668 0.559031 0.538754 1.99008 -1.71756 2.41108 -1.66718 -2.54191 0.808413 2.12848 0.0870107 -2.71844 -2.44239 0.715952 2.54134 
-1.66201 0.224882 -1.95344 -2.75719 2.01371 -1.30538 0.77342 0.739294 0.408681 -1.3458 -0.778121 2.76358 0.934572 -1.51168 -1.10018 3.12831 0.538732 0.559162 1.982 -1.77223 2.39074 -1.6875 -2.5597 0.772953 2.17372 0.0469397 -2.70173 -2.42282 0.68371 2.56409 
-1.60817 0.241228 -1.91287 -2.74941 2.02177 -1.28647 0.751785 0.715561 0.419234 -1.30012 -0.780112 2.76588 0.947819 -1.52578 -1.117 3.12598 0.536556 0.590982 1.97806 -1.84477 2.34816 -1.71377 -2.56874 0.738942 2.23771 0.0079839 -2.66182 -2.41245 0.621448 2.60721 
-1.59236 0.271295 -1.86192 -2.71843 2.02337 -1.25784 0.700633 0.663544 0.419573 -1.2336 -0.810107 2.78811 0.954784 -1.52819 -1.17651 3.10196 0.477311 0.591726 1.97895 -1.94311 2.31286 -1.70132 -2.5892 0.687547 2.29555 -0.0562061 -2.64122 -2.38015 0.575321 2.74367 
-1.55666 0.309841 -1.83188 -2.69078 2.02693 -1.22603 0.655791 0.599167 0.42361 -1.20285 -0.85376 2.82389 0.980202 -1.5179 -1.19929 3.08183 0.448232 0.596838 1.99331 -2.04786 2.30488 -1.67703 -2.60208 0.646418 2.33596 -0.100134 -2.63035 -2.37543 0.532499 2.86029 
-1.50402 0.341059 -1.81561 -2.66915 2.0427 -1.20458 0.624254 0.541639 0.438462 -1.20075 -0.834081 2.86151 1.00676 -1.52111 -1.21221 3.06794 0.433146 0.614676 1.98668 -2.14536 2.30768 -1.66695 -2.57766 0.625494 2.40145 -0.130545 -2.62682 -2.37883 0.499037 2.93932 
-1.46604 0.347721 -1.80667 -2.64453 2.05867 -1.20423 0.593333 0.481797 0.43644 -1.17872 -0.847907 2.8969 1.00626 -1.53105 -1.22878 3.05954 0.389102 0.58738 1.9974 -2.23763 2.30001 -1.6478 -2.59603 0.578287 2.43537 -0.186864 -2.6074 -2.35874 0.46986 3.0036 
