Mean 0 Mean 1 Mean 2 Mean 3 Mean 4 Mean 5 Mean 6 Mean 7 Mean 8 Mean 9 Mean 10 Mean 11 Mean 12 Mean 13 Mean 14 Mean 15 Mean 16 Mean 17 Mean 18 Mean 19 Mean 20 Mean 21 Mean 22 Mean 23 Mean 24 Mean 25 Mean 26 Mean 27 Mean 28 Mean 29 
-1.22627 -1.50585 -2.62644 -2.48768 2.42938 -1.48998 1.00796 1.0181 1.03116 -2.08509 -0.873599 1.88949 0.876003 -1.3872 1.04373 -0.451108 -0.631125 -0.119619 -2.32405 -0.537083 -0.169759 0.183303 2.14207 -0.0709523 2.9019 -0.871336 -2.64723 0.311927 0.181138 0.572717 
-1.22511 -1.51117 -2.62303 -2.48934 2.43109 -1.48774 1.0178 1.01974 1.03466 -2.0937 -0.874472 1.88082 0.8859 -1.38492 1.04339 -0.448153 -0.62613 -0.119813 -2.67974 -0.53838 -0.179535 0.17586 2.5858 -0.0677062 2.90154 -0.86763 -2.65197 0.31133 0.181906 0.569402 
-1.23353 -1.51039 -2.61709 -2.49191 2.42709 -1.48189 1.03195 1.02318 1.03919 -2.09701 -0.878513 1.86523 0.899715 -1.37775 1.04443 -0.446932 -0.621791 -0.122299 -2.79577 -0.539422 -0.188492 0.166046 2.72821 -0.0755644 2.90561 -0.860113 -2.66541 0.306149 0.183073 0.560466 
-1.23553 -1.51101 -2.61495 -2.49345 2.42281 -1.4825 1.0301 1.02465 1.03882 -2.09846 -0.875579 1.85955 0.905502 -1.36959 1.03997 -0.449541 -0.62157 -0.123648 -2.8567 -0.5388 -0.188604 0.165935 2.7973 -0.0742387 2.90355 -0.859517 -2.66778 0.310272 0.18902 0.553631 
-1.23584 -1.51093 -2.62252 -2.49089 2.40793 -1.48506 1.01333 1.0267 1.03456 -2.08682 -0.861775 1.85416 0.906612 -1.36425 1.02766 -0.463419 -0.632058 -0.136763 -2.88444 -0.53128 -0.182819 0.17983 2.84016 -0.0756753 2.89067 -0.868068 -2.65073 0.313809 0.200079 0.551356 
-1.23612 -1.51391 -2.61188 -2.49511 2.40021 -1.49004 1.00748 1.02718 1.02322 -2.06642 -0.841628 1.84372 0.909384 -1.36816 1.01552 -0.47943 -0.64248 -0.145185 -2.90101 -0.525 -0.178444 0.188822 2.86887 -0.072566 2.88721 -0.875161 -2.64265 0.31632 0.208567 0.54696 
-1.24458 -1.51132 -2.60145 -2.50195 2.39878 -1.49453 1.00743 1.03298 1.01567 -2.05949 -0.830587 1.83711 0.912436 -1.36136 1.01501 -0.483733 -0.647773 -0.14436 -2.91151 -0.524327 -0.179221 0.188571 2.88711 -0.0662583 2.89079 -0.882778 -2.64788 0.318556 0.212233 0.545798 
-1.24821 -1.50419 -2.591 -2.50739 2.39812 -1.49656 1.00887 1.03018 1.01327 -2.06349 -0.823719 1.83351 0.913789 -1.3597 1.02042 -0.47596 -0.648021 -0.14307 -2.92218 -0.533916 -0.187593 0.17919 2.89608 -0.0573481 2.89958 -0.886702 -2.66246 0.316129 0.207981 0.532468 
-1.25469 -1.50063 -2.58053 -2.51339 2.39649 -1.50114 1.00705 1.02738 1.0052 -2.05153 -0.810483 1.82714 0.9195 -1.36195 1.02889 -0.469708 -0.646865 -0.145926 -2.94388 -0.550576 -0.195519 0.16856 2.89452 -0.0487781 2.90891 -0.899179 -2.66436 0.323997 0.203831 0.52134 
-1.254 -1.49613 -2.57402 -2.52734 2.37844 -1.49312 0.999647 1.02097 0.985235 -2.04717 -0.797125 1.83263 0.914435 -1.35473 1.03603 -0.472256 -0.655036 -0.14128 -2.95882 -0.570531 -0.213446 0.175803 2.90557 -0.0481487 2.92355 -0.900883 -2.66646 0.324502 0.215049 0.510215 
-1.25884 -1.49239 -2.56758 -2.53578 2.36175 -1.48819 0.999168 1.01786 0.965886 -2.0478 -0.783892 1.84001 0.913161 -1.35095 1.04702 -0.483878 -0.666055 -0.13856 -2.97347 -0.588974 -0.230105 0.184866 2.91743 -0.0484146 2.93209 -0.901423 -2.6772 0.32621 0.231562 0.501245 
-1.26404 -1.4862 -2.5569 -2.54479 2.34754 -1.48181 0.993729 1.01987 0.946871 -2.04489 -0.769803 1.84461 0.911577 -1.34667 1.04764 -0.494575 -0.66642 -0.13102 -2.97757 -0.611681 -0.244124 0.197414 2.9305 -0.0589579 2.94428 -0.899181 -2.68892 0.322135 0.24942 0.495723 
-1.27041 -1.4793 -2.5382 -2.55847 2.33627 -1.48302 0.992998 1.03241 0.92807 -2.03512 -0.753327 1.84953 0.905255 -1.33481 1.04118 -0.51099 -0.665148 -0.123389 -2.96914 -0.629626 -0.257879 0.201389 2.93827 -0.0565297 2.95637 -0.892444 -2.70203 0.319014 0.269773 0.509459 
-1.28694 -1.47935 -2.51204 -2.56618 2.31916 -1.48984 0.984 1.04551 0.9044 -2.01894 -0.731962 1.8473 0.887761 -1.33039 1.03958 -0.523056 -0.66254 -0.118697 -2.96164 -0.641885 -0.268894 0.205013 2.95 -0.0642416 2.96502 -0.883076 -2.70715 0.317177 0.293568 0.522602 
-1.28707 -1.48823 -2.48919 -2.58223 2.29666 -1.49187 0.980368 1.0554 0.875326 -2.00599 -0.723229 1.84789 0.872422 -1.35175 1.04991 -0.524333 -0.64632 -0.121133 -2.96792 -0.643683 -0.273113 0.195413 2.95088 -0.0672595 2.96519 -0.856382 -2.73481 0.312089 0.30788 0.525422 
-1.28943 -1.49767 -2.48 -2.59352 2.29685 -1.49895 0.976699 1.07043 0.854644 -2.00428 -0.710083 1.81716 0.847609 -1.3676 1.03861 -0.525959 -0.632962 -0.117426 -2.9782 -0.618231 -0.278528 0.179851 2.95237 -0.0796209 2.96375 -0.829866 -2.76151 0.297937 0.327626 0.513556 
-1.2992 -1.50825 -2.4773 -2.60085 2.29635 -1.51363 0.971394 1.0766 0.84677 -1.99806 -0.70482 1.80374 0.842747 -1.35728 1.03702 -0.524291 -0.632708 -0.102228 -2.98068 -0.614607 -0.283181 0.175784 2.95176 -0.0945771 2.96949 -0.805294 -2.7765 0.292159 0.347568 0.527813 
-1.31417 -1.52265 -2.47085 -2.60019 2.29704 -1.53393 0.967618 1.07586 0.835163 -1.98855 -0.698876 1.80291 0.841293 -1.35006 1.03893 -0.514021 -0.622564 -0.0904902 -2.98066 -0.636715 -0.282177 0.18808 2.95141 -0.113512 2.97926 -0.786153 -2.78607 0.293016 0.368907 0.543396 
-1.33093 -1.55 -2.46729 -2.59117 2.28512 -1.55567 0.942311 1.07806 0.825244 -1.98182 -0.668519 1.78534 0.835985 -1.33724 1.02866 -0.515189 -0.624623 -0.0782898 -2.98002 -0.660524 -0.283995 0.191164 2.95113 -0.138123 2.99 -0.777932 -2.77182 0.296789 0.415069 0.568817 
-1.34366 -1.56855 -2.46025 -2.57846 2.30369 -1.57574 0.940928 1.08325 0.833596 -1.9676 -0.64791 1.78849 0.833587 -1.32399 1.01382 -0.500026 -0.636145 -0.0718438 -2.97274 -0.661328 -0.27492 0.203867 2.95437 -0.153534 2.9819 -0.778008 -2.77775 0.293836 0.432653 0.575629 
-1.35264 -1.59234 -2.45619 -2.55366 2.31504 -1.60267 0.932926 1.08946 0.844543 -1.95008 -0.629183 1.78524 0.834848 -1.3253 1.00031 -0.482851 -0.645869 -0.0588185 -2.96907 -0.673363 -0.259301 0.205937 2.94923 -0.179293 2.97515 -0.781905 -2.7713 0.295454 0.459083 0.583239 
-1.36835 -1.60946 -2.45079 -2.53874 2.32282 -1.63289 0.923125 1.09375 0.859845 -1.93333 -0.601063 1.78467 0.844598 -1.31671 0.992778 -0.47393 -0.659013 -0.0468311 -2.95885 -0.684139 -0.243243 0.215049 2.94606 -0.192134 2.96878 -0.780198 -2.76648 0.289418 0.48127 0.595541 
-1.38421 -1.62243 -2.4516 -2.51609 2.35254 -1.65863 0.918648 1.08994 0.880777 -1.92287 -0.568949 1.78769 0.867539 -1.32761 0.981035 -0.460277 -0.677551 -0.0376159 -2.94517 -0.67405 -0.22138 0.232378 2.96103 -0.19943 2.95667 -0.792473 -2.7641 0.281592 0.492731 0.589325 
-1.38853 -1.62558 -2.46433 -2.50906 2.38879 -1.68535 0.920528 1.09052 0.913431 -1.90771 -0.527409 1.7808 0.884569 -1.3473 0.964608 -0.444792 -0.68582 -0.0332399 -2.93909 -0.672886 -0.19366 0.23647 2.96297 -0.195109 2.93473 -0.804433 -2.77292 0.285096 0.502774 0.583153 
-1.36495 -1.62139 -2.46256 -2.50936 2.43628 -1.70153 0.930635 1.07852 0.957245 -1.89476 -0.483349 1.78794 0.90397 -1.3533 0.933514 -0.41257 -0.711794 -0.0325788 -2.92042 -0.673471 -0.164072 0.251411 2.94789 -0.184905 2.92403 -0.803664 -2.77265 0.286449 0.493349 0.609753 
-1.36055 -1.6137 -2.45159 -2.50554 2.4685 -1.69744 0.938149 1.06153 0.981167 -1.88284 -0.452018 1.7871 0.90854 -1.36488 0.903053 -0.378002 -0.732993 -0.0211004 -2.90671 -0.677656 -0.144674 0.25024 2.92367 -0.179578 2.89866 -0.809795 -2.76842 0.298041 0.494254 0.607559 
-1.35019 -1.60017 -2.44879 -2.50397 2.49264 -1.68855 0.946043 1.03628 1.01544 -1.87722 -0.434435 1.78744 0.915488 -1.35861 0.88354 -0.346045 -0.738429 -0.00506861 -2.89822 -0.678784 -0.123615 0.244607 2.89512 -0.189311 2.88348 -0.801435 -2.76928 0.316821 0.490643 0.598413 
-1.35188 -1.56644 -2.44998 -2.50812 2.49692 -1.67446 0.964119 1.01537 1.02523 -1.87785 -0.407264 1.78383 0.911765 -1.35248 0.875087 -0.337651 -0.728628 -0.016129 -2.88202 -0.698681 -0.115898 0.221368 2.88547 -0.179849 2.85962 -0.793055 -2.76666 0.334079 0.490814 0.592795 
-1.35532 -1.51477 -2.45142 -2.49775 2.49234 -1.6673 0.993744 0.984653 1.04252 -1.86887 -0.369336 1.77799 0.893381 -1.3624 0.856037 -0.316603 -0.702577 -0.0336914 -2.84259 -0.722682 -0.0957079 0.19372 2.86635 -0.188635 2.83043 -0.809108 -2.77935 0.366327 0.506884 0.593822 
-1.34417 -1.47927 -2.44684 -2.48769 2.49615 -1.6438 1.0074 0.967303 1.04899 -1.86747 -0.359764 1.78181 0.880455 -1.35839 0.862263 -0.304127 -0.702393 -0.0431666 -2.81041 -0.735255 -0.0914994 0.174216 2.84556 -0.181678 2.81512 -0.798413 -2.776 0.375424 0.496812 0.57928 
-1.3389 -1.44152 -2.45138 -2.47664 2.50361 -1.63098 1.02822 0.943524 1.05017 -1.8454 -0.333025 1.78437 0.877988 -1.37872 0.83934 -0.280371 -0.692866 -0.0456615 -2.77679 -0.768086 -0.0742672 0.15871 2.83114 -0.185606 2.79731 -0.813631 -2.77171 0.393684 0.490832 0.577845 
-1.33476 -1.38708 -2.45721 -2.45582 2.49018 -1.63664 1.07597 0.899484 1.09405 -1.79052 -0.244598 1.7347 0.859753 -1.43927 0.762147 -0.233081 -0.637575 -0.0361567 -2.78949 -0.810987 -0.0411268 0.127118 2.81852 -0.202239 2.75387 -0.919707 -2.79413 0.442614 0.511097 0.626891 
-1.34608 -1.34405 -2.46589 -2.43685 2.47954 -1.64052 1.09259 0.864977 1.12419 -1.75542 -0.152197 1.69367 0.836547 -1.50525 0.691746 -0.202062 -0.592851 -0.0165198 -2.81627 -0.84008 -0.01548 0.101223 2.82355 -0.218241 2.70918 -1.02301 -2.8255 0.488642 0.523555 0.669996 
-1.39534 -1.3276 -2.48115 -2.41766 2.46749 -1.63017 1.05167 0.851247 1.07899 -1.75743 -0.125161 1.6676 0.800284 -1.54456 0.686422 -0.209099 -0.575482 0.0284416 -2.84264 -0.846649 -0.0453899 0.104022 2.8641 -0.234097 2.67447 -1.06448 -2.83891 0.50197 0.491364 0.654396 
-1.40091 -1.32884 -2.48629 -2.44497 2.46164 -1.62994 1.02057 0.854588 1.05225 -1.7622 -0.11715 1.64062 0.803651 -1.53171 0.701049 -0.228401 -0.603348 0.0518221 -2.89996 -0.871204 -0.0678012 0.0860691 2.87647 -0.221398 2.66159 -1.0609 -2.80909 0.484855 0.478976 0.674253 
-1.3868 -1.31889 -2.48375 -2.49961 2.4749 -1.61438 0.987909 0.875895 1.02534 -1.77273 -0.119227 1.62341 0.827318 -1.50975 0.717311 -0.256549 -0.623155 0.0627335 -2.96614 -0.885462 -0.0779445 0.0762739 2.89561 -0.205065 2.63329 -0.995147 -2.78266 0.47974 0.479117 0.683748 
-1.37629 -1.27515 -2.48937 -2.54937 2.46908 -1.60206 0.974924 0.889942 0.999703 -1.76241 -0.114628 1.61789 0.837638 -1.4995 0.754373 -0.260095 -0.642908 0.0642925 -3.01864 -0.897348 -0.0642762 0.0735031 2.90858 -0.180983 2.59734 -0.924473 -2.75212 0.496493 0.460075 0.692126 
-1.39296 -1.2422 -2.51634 -2.60061 2.46804 -1.58782 0.957795 0.910933 0.958885 -1.76479 -0.121955 1.61406 0.835275 -1.51401 0.827809 -0.267469 -0.670027 0.0827986 -3.05797 -0.896785 -0.0462616 0.0874683 2.94109 -0.157511 2.56698 -0.850142 -2.73099 0.506687 0.415489 0.684518 
-1.42355 -1.20683 -2.53723 -2.6215 2.47548 -1.58281 0.948073 0.908645 0.914947 -1.74789 -0.126663 1.60672 0.789198 -1.52798 0.882609 -0.280613 -0.672973 0.102122 -3.09961 -0.874754 -0.0565501 0.108442 2.97499 -0.14765 2.54607 -0.787736 -2.67297 0.539872 0.382759 0.631889 
-1.42195 -1.17636 -2.53688 -2.62431 2.47642 -1.57954 0.943146 0.91978 0.875655 -1.72452 -0.105682 1.59913 0.771526 -1.54184 0.952775 -0.282201 -0.710905 0.109468 -3.12415 -0.88173 -0.0676746 0.120926 3.00777 -0.134005 2.52107 -0.73774 -2.61332 0.545688 0.361618 0.60996 
