Mean 0 Mean 1 Mean 2 Mean 3 Mean 4 Mean 5 Mean 6 Mean 7 Mean 8 Mean 9 Mean 10 Mean 11 Mean 12 Mean 13 Mean 14 Mean 15 Mean 16 Mean 17 Mean 18 Mean 19 Mean 20 Mean 21 Mean 22 Mean 23 Mean 24 Mean 25 Mean 26 Mean 27 Mean 28 Mean 29 
-1.35208 0.912364 -2.38113 -2.5373 2.40747 -2.42111 0.981177 -2.02648 -1.29706 -1.71183 -1.11338 1.22972 -1.41362 1.0335 -1.50815 2.34125 0.395805 2.76222 0.516337 -2.93466 2.56296 -1.68449 1.27556 2.94722 2.28317 -2.66416 0.50153 -0.54159 0.262608 0.833738 
-1.34854 0.904332 -2.37411 -2.54673 2.42006 -2.41843 0.980628 -2.02878 -1.30271 -1.70755 -1.11717 1.22653 -1.41874 1.03167 -1.50086 2.34655 0.402776 2.75986 1.89238 -2.93663 2.55919 -1.68671 1.27015 2.95204 2.28948 -2.66418 0.499718 -0.537275 0.262725 0.833727 
-1.3605 0.89299 -2.37854 -2.55775 2.41935 -2.41105 0.969399 -2.03467 -1.31903 -1.70686 -1.11961 1.22359 -1.40762 1.03303 -1.50192 2.35275 0.417877 2.75925 2.33907 -2.9454 2.55767 -1.69075 1.27047 2.97057 2.29289 -2.66893 0.492573 -0.538114 0.265703 0.822426 
-1.37418 0.886565 -2.37636 -2.56561 2.4137 -2.41385 0.956787 -2.03085 -1.33679 -1.70397 -1.10921 1.22703 -1.39249 1.03671 -1.51257 2.3463 0.43191 2.76295 2.55818 -2.95085 2.56599 -1.70516 1.27847 2.99256 2.30036 -2.67579 0.483612 -0.536724 0.265343 0.816273 
-1.37934 0.890324 -2.38082 -2.56558 2.40826 -2.41338 0.955553 -2.03508 -1.33649 -1.69506 -1.10013 1.21815 -1.38645 1.04239 -1.5143 2.34878 0.429556 2.75586 2.68871 -2.95425 2.57711 -1.70991 1.27705 2.98619 2.30164 -2.67493 0.501796 -0.532701 0.260022 0.808086 
-1.38422 0.897902 -2.36994 -2.56728 2.3889 -2.41438 0.960338 -2.05449 -1.33672 -1.68147 -1.09529 1.20156 -1.38928 1.04371 -1.51819 2.36304 0.425365 2.75464 2.78422 -2.94632 2.58532 -1.70773 1.26805 2.9837 2.30449 -2.67398 0.520264 -0.532132 0.260713 0.805026 
-1.3895 0.897322 -2.36346 -2.57354 2.37433 -2.40776 0.96115 -2.05792 -1.3524 -1.6717 -1.08898 1.18989 -1.38994 1.04692 -1.51593 2.37297 0.412633 2.75342 2.84975 -2.93911 2.58681 -1.70779 1.27078 2.97818 2.30766 -2.67609 0.527012 -0.528582 0.268337 0.803749 
-1.40035 0.89596 -2.3493 -2.57862 2.36335 -2.39208 0.966627 -2.05442 -1.37149 -1.6634 -1.08153 1.17637 -1.38738 1.04837 -1.52412 2.38282 0.398304 2.75138 2.90605 -2.93683 2.59313 -1.69219 1.27225 2.97831 2.2998 -2.68975 0.535569 -0.528544 0.277721 0.813076 
-1.40669 0.892423 -2.33735 -2.5848 2.35866 -2.38498 0.968107 -2.05413 -1.39478 -1.6534 -1.07568 1.17038 -1.3942 1.05214 -1.52935 2.39171 0.392481 2.75208 2.946 -2.93992 2.60231 -1.68236 1.27112 2.98069 2.2995 -2.7077 0.539244 -0.521748 0.289319 0.8222 
-1.41836 0.885043 -2.3318 -2.59357 2.35598 -2.36952 0.949441 -2.05041 -1.41709 -1.64343 -1.07607 1.1713 -1.39532 1.05811 -1.52609 2.40419 0.380505 2.75016 2.97286 -2.94156 2.61013 -1.67715 1.28043 2.97865 2.30485 -2.71855 0.541216 -0.511902 0.307079 0.825041 
-1.43337 0.888541 -2.32975 -2.60264 2.35176 -2.34491 0.933117 -2.04741 -1.43377 -1.63482 -1.07836 1.16966 -1.39295 1.06272 -1.54157 2.42569 0.384455 2.7478 2.99942 -2.94192 2.61927 -1.67901 1.28047 2.97643 2.29428 -2.73395 0.554464 -0.512179 0.329408 0.81377 
-1.44641 0.888426 -2.31816 -2.60811 2.3584 -2.33014 0.9259 -2.04284 -1.45186 -1.62246 -1.07998 1.16427 -1.39413 1.07008 -1.55549 2.44747 0.384656 2.75208 3.01595 -2.93571 2.62513 -1.68179 1.27639 2.97469 2.28333 -2.7479 0.553667 -0.515853 0.351762 0.798605 
-1.47757 0.881053 -2.31101 -2.59993 2.35883 -2.33104 0.909211 -2.05062 -1.47478 -1.61691 -1.06815 1.15165 -1.42828 1.07324 -1.55797 2.47003 0.402307 2.74793 3.05164 -2.93307 2.63014 -1.67321 1.2805 2.96677 2.279 -2.77668 0.53196 -0.520484 0.353726 0.775167 
-1.50808 0.859552 -2.29115 -2.5963 2.33065 -2.34691 0.861318 -2.05006 -1.50386 -1.61661 -1.04307 1.12373 -1.45704 1.07887 -1.57962 2.46099 0.397115 2.75385 3.05852 -2.92307 2.63339 -1.68679 1.2675 2.96492 2.27293 -2.79422 0.534871 -0.523657 0.387374 0.773696 
-1.51443 0.830023 -2.28029 -2.61109 2.28527 -2.37347 0.831143 -2.04871 -1.53208 -1.61431 -1.00106 1.09644 -1.47614 1.09372 -1.5834 2.44799 0.37036 2.76726 3.05328 -2.89523 2.6487 -1.7076 1.24643 2.951 2.27747 -2.80696 0.520361 -0.531569 0.414553 0.774519 
-1.5063 0.804707 -2.27903 -2.62411 2.24148 -2.38378 0.826477 -2.05776 -1.56139 -1.59679 -0.957663 1.09412 -1.47942 1.10601 -1.57513 2.43577 0.330388 2.77955 3.05009 -2.85684 2.67456 -1.70986 1.23132 2.93028 2.28277 -2.82143 0.482342 -0.549039 0.412994 0.754321 
-1.51423 0.783769 -2.26093 -2.631 2.21957 -2.36264 0.830602 -2.05708 -1.57219 -1.59823 -0.956923 1.09421 -1.48311 1.14769 -1.56464 2.42476 0.333644 2.79762 3.05529 -2.82169 2.69828 -1.7261 1.21959 2.93208 2.26369 -2.85954 0.477474 -0.57168 0.413375 0.752442 
-1.51952 0.772355 -2.2452 -2.64371 2.20852 -2.35819 0.819117 -2.04419 -1.57812 -1.60321 -0.953438 1.08909 -1.49491 1.1644 -1.56293 2.4353 0.342074 2.80242 3.03434 -2.78978 2.70782 -1.74682 1.21305 2.9341 2.25015 -2.87866 0.463421 -0.585296 0.425751 0.759943 
-1.51012 0.77394 -2.24887 -2.6475 2.19323 -2.36315 0.812328 -2.03495 -1.5654 -1.60135 -0.941898 1.08015 -1.48229 1.17037 -1.54947 2.44109 0.347818 2.81108 3.01211 -2.75744 2.70847 -1.77744 1.20964 2.95756 2.2468 -2.89764 0.440868 -0.587233 0.443088 0.759814 
-1.50779 0.775684 -2.2393 -2.64913 2.18455 -2.34962 0.795431 -2.03748 -1.5813 -1.60468 -0.93204 1.08123 -1.49838 1.18512 -1.5529 2.44787 0.366669 2.81529 3.01613 -2.73625 2.70889 -1.78677 1.21271 2.96359 2.22768 -2.92547 0.418337 -0.597853 0.439727 0.746815 
-1.50645 0.775321 -2.22643 -2.64987 2.17303 -2.33557 0.7755 -2.04888 -1.5935 -1.59948 -0.923112 1.07992 -1.5029 1.20487 -1.5676 2.43861 0.383836 2.82954 3.03441 -2.73207 2.71396 -1.78725 1.21021 2.96718 2.21295 -2.94805 0.399261 -0.603569 0.434884 0.737489 
-1.46144 0.768991 -2.18064 -2.70516 2.13011 -2.35573 0.777791 -2.07605 -1.56927 -1.58415 -0.867463 1.11245 -1.54318 1.26435 -1.58606 2.44154 0.380543 2.81549 3.06582 -2.69659 2.68092 -1.78943 1.18393 3.05099 2.22208 -2.95915 0.345318 -0.604718 0.408908 0.763515 
-1.38923 0.762682 -2.11739 -2.78839 2.06775 -2.38909 0.796492 -2.11364 -1.51328 -1.54956 -0.787857 1.16794 -1.61316 1.34905 -1.60892 2.45757 0.372697 2.78964 3.12268 -2.63846 2.62306 -1.78899 1.14749 3.18203 2.24495 -2.96865 0.26821 -0.601735 0.349287 0.802622 
-1.34526 0.745561 -2.08169 -2.8348 2.02327 -2.41278 0.809636 -2.13829 -1.47619 -1.52606 -0.730508 1.19592 -1.65288 1.39569 -1.62936 2.47019 0.368639 2.77934 3.15539 -2.60048 2.59666 -1.78608 1.12064 3.25969 2.25076 -2.98235 0.224134 -0.599929 0.316886 0.831585 
-1.30809 0.721484 -2.05481 -2.87335 1.97899 -2.43867 0.823748 -2.16598 -1.43909 -1.50263 -0.674096 1.21853 -1.69037 1.43619 -1.63957 2.49099 0.360131 2.76861 3.18364 -2.56278 2.57046 -1.77586 1.09982 3.31702 2.25438 -2.98558 0.196144 -0.604209 0.284503 0.861887 
-1.30873 0.685362 -2.07313 -2.85363 1.97136 -2.45648 0.816516 -2.16692 -1.44237 -1.49872 -0.629761 1.19631 -1.69042 1.41358 -1.6299 2.49069 0.328751 2.7649 3.17259 -2.55477 2.55823 -1.77535 1.09394 3.30299 2.25305 -2.96827 0.222666 -0.613671 0.316884 0.883398 
-1.32093 0.65631 -2.10303 -2.83697 1.9691 -2.46207 0.803249 -2.12621 -1.46388 -1.50365 -0.617713 1.19042 -1.68495 1.35191 -1.60529 2.48727 0.328069 2.74667 3.16449 -2.59932 2.55783 -1.79682 1.10016 3.27636 2.20972 -2.9762 0.273897 -0.635326 0.3555 0.876428 
-1.34195 0.610871 -2.12374 -2.81631 1.94888 -2.46506 0.789266 -2.08592 -1.50332 -1.52399 -0.599412 1.18114 -1.68659 1.26187 -1.57767 2.48048 0.323469 2.72708 3.15567 -2.65563 2.55379 -1.82645 1.11903 3.24828 2.16324 -2.97709 0.330959 -0.664521 0.401461 0.879305 
-1.35806 0.51331 -2.13177 -2.78604 1.8764 -2.47024 0.777806 -2.01833 -1.56118 -1.56261 -0.553203 1.16956 -1.71809 1.11873 -1.52374 2.45618 0.311525 2.68586 3.20101 -2.69599 2.51379 -1.87743 1.17835 3.25431 2.1003 -2.99394 0.424963 -0.710332 0.452246 0.904129 
-1.3811 0.40558 -2.14203 -2.74744 1.79417 -2.47501 0.770955 -1.95629 -1.61988 -1.60707 -0.495397 1.15447 -1.75702 0.964326 -1.47554 2.43268 0.301044 2.6438 3.26144 -2.72532 2.46152 -1.92825 1.24823 3.26877 2.0347 -3.02126 0.524346 -0.758699 0.492681 0.940213 
-1.40794 0.264895 -2.1559 -2.70924 1.6984 -2.48436 0.767631 -1.87957 -1.68633 -1.66359 -0.436574 1.1436 -1.80646 0.780383 -1.43221 2.4207 0.307285 2.58997 3.35436 -2.74699 2.38847 -1.9926 1.33434 3.30949 1.96395 -3.0564 0.639052 -0.820929 0.534504 0.997263 
-1.44376 0.121118 -2.17682 -2.67398 1.6059 -2.48744 0.765422 -1.81367 -1.75278 -1.71558 -0.383527 1.12488 -1.85714 0.596732 -1.39077 2.41236 0.320469 2.53921 3.4493 -2.77834 2.32004 -2.05144 1.41379 3.36045 1.89553 -3.09018 0.7473 -0.884433 0.572219 1.06071 
-1.48319 0.00375304 -2.19776 -2.63978 1.52705 -2.48294 0.767883 -1.77606 -1.81393 -1.75042 -0.339159 1.10079 -1.88593 0.45077 -1.34669 2.40441 0.325203 2.51064 3.5473 -2.81461 2.27292 -2.09582 1.47372 3.41073 1.84605 -3.11484 0.834325 -0.93674 0.603475 1.11457 
-1.51288 -0.0719988 -2.21893 -2.60556 1.48215 -2.46932 0.774026 -1.77508 -1.85349 -1.7616 -0.284815 1.06617 -1.88791 0.348851 -1.31578 2.40662 0.31535 2.50346 3.61034 -2.84875 2.26197 -2.12236 1.49476 3.43848 1.81208 -3.11825 0.883782 -0.954764 0.616305 1.14807 
-1.52938 -0.113609 -2.22934 -2.59197 1.4815 -2.45655 0.767862 -1.77557 -1.87344 -1.76087 -0.257565 1.04064 -1.88477 0.276651 -1.29699 2.40613 0.304581 2.52325 3.6577 -2.87594 2.25137 -2.12846 1.49938 3.45829 1.81177 -3.10671 0.922128 -0.959454 0.629254 1.15433 
-1.53633 -0.130867 -2.22907 -2.57596 1.51301 -2.44999 0.760076 -1.79251 -1.87565 -1.75157 -0.250249 1.02509 -1.86826 0.226214 -1.28444 2.40302 0.294591 2.55541 3.70062 -2.88837 2.25492 -2.11473 1.4815 3.46054 1.83307 -3.08994 0.945835 -0.944742 0.624327 1.14898 
-1.58934 -0.221469 -2.23253 -2.56036 1.45241 -2.46556 0.767895 -1.78296 -1.9269 -1.77826 -0.211923 1.02472 -1.87727 0.115341 -1.25401 2.39822 0.312523 2.55178 3.79667 -2.92579 2.20688 -2.1441 1.51409 3.51358 1.81286 -3.10181 0.99711 -0.990034 0.640808 1.20391 
-1.5917 -0.228028 -2.22952 -2.51083 1.48593 -2.48986 0.767641 -1.81506 -1.96615 -1.76678 -0.153595 1.02057 -1.86188 0.0884908 -1.22896 2.36679 0.304408 2.57338 3.85911 -2.99247 2.21587 -2.10606 1.48156 3.49652 1.80636 -3.06872 1.00028 -0.953986 0.646763 1.21594 
-1.55341 -0.191964 -2.19791 -2.43346 1.53822 -2.52702 0.784274 -1.8372 -1.99998 -1.76144 -0.130852 1.01805 -1.82952 0.100854 -1.21673 2.35339 0.297124 2.60392 3.86098 -3.07766 2.21569 -2.0516 1.43684 3.43134 1.78657 -2.9878 1.02689 -0.906868 0.636355 1.22023 
-1.52797 -0.166858 -2.21265 -2.39291 1.56428 -2.54625 0.821934 -1.8749 -2.03964 -1.75696 -0.105973 0.99209 -1.82066 0.109818 -1.1935 2.32832 0.303814 2.61015 3.88412 -3.14138 2.22502 -2.02262 1.40279 3.39528 1.78273 -2.94241 1.0103 -0.873918 0.626227 1.21532 
