Mean 0 Mean 1 Mean 2 Mean 3 Mean 4 Mean 5 Mean 6 Mean 7 Mean 8 Mean 9 Mean 10 Mean 11 Mean 12 Mean 13 Mean 14 Mean 15 Mean 16 Mean 17 Mean 18 Mean 19 Mean 20 Mean 21 Mean 22 Mean 23 Mean 24 Mean 25 Mean 26 Mean 27 Mean 28 Mean 29 
-1.61922 -2.28828 -2.58302 -1.61638 2.45393 -1.67176 1.05586 -2.48164 -1.36424 -1.77003 -0.896867 1.09454 -2.11648 0.651028 -1.69215 -0.227068 -0.67952 2.64609 2.70586 0.0515249 -0.318297 2.84719 2.91446 -0.456382 -0.0830338 1.86437 0.125449 0.194961 -1.87065 0.30577 
-1.62964 -2.27703 -2.57453 -1.62179 2.44759 -1.66417 1.07276 -2.48074 -1.35783 -1.78433 -0.890698 1.09845 -2.12288 0.638333 -1.68962 -0.216994 -0.694158 2.64609 2.71049 0.0561558 -0.341199 2.8414 2.91205 -0.449893 -0.0759493 1.85522 0.122831 0.195532 -1.8647 0.306356 
-1.62405 -2.29756 -2.57196 -1.63286 2.45917 -1.66259 1.07226 -2.47423 -1.37094 -1.78303 -0.88907 1.08911 -2.10265 0.638608 -1.69115 -0.212022 -0.698994 2.65141 2.7012 0.0643356 -0.346479 2.83556 2.9116 -0.444981 -0.0801209 1.86108 0.119951 0.182363 -1.85832 0.30279 
-1.6318 -2.29719 -2.57225 -1.63833 2.4482 -1.66157 1.06277 -2.46477 -1.37766 -1.78696 -0.893973 1.09174 -2.09074 0.648747 -1.69775 -0.218115 -0.692873 2.6444 2.69851 0.0553296 -0.358385 2.83686 2.91711 -0.437279 -0.0928757 1.85909 0.116485 0.17602 -1.85228 0.313344 
-1.63764 -2.30441 -2.58082 -1.65232 2.42522 -1.66398 1.0609 -2.46412 -1.38013 -1.78177 -0.888038 1.08915 -2.07461 0.661713 -1.70102 -0.221913 -0.69098 2.63776 2.69681 0.0504562 -0.366488 2.83577 2.91227 -0.438618 -0.103172 1.86191 0.117835 0.178598 -1.84161 0.314947 
-1.63864 -2.31067 -2.58003 -1.67145 2.41571 -1.66127 1.06362 -2.4604 -1.38697 -1.77395 -0.879135 1.08873 -2.0756 0.679943 -1.69804 -0.219721 -0.681226 2.64308 2.69618 0.0508348 -0.370808 2.82438 2.90814 -0.435756 -0.104694 1.86199 0.120903 0.179667 -1.82626 0.309705 
-1.64067 -2.31204 -2.56065 -1.66188 2.39619 -1.66292 1.05804 -2.47084 -1.39371 -1.77119 -0.874743 1.08825 -2.09284 0.692999 -1.71429 -0.218263 -0.670908 2.65282 2.69086 0.0390648 -0.353185 2.83078 2.90482 -0.444888 -0.101562 1.84806 0.125006 0.180759 -1.81762 0.315234 
-1.64473 -2.31401 -2.54377 -1.6679 2.38197 -1.65716 1.0582 -2.47604 -1.40696 -1.76073 -0.866742 1.08094 -2.09981 0.703774 -1.72535 -0.214561 -0.67345 2.66214 2.68977 0.0294271 -0.346348 2.83524 2.8984 -0.451306 -0.10548 1.82744 0.124902 0.185488 -1.80888 0.319431 
-1.64854 -2.31704 -2.53948 -1.67878 2.36925 -1.65079 1.05576 -2.47411 -1.41948 -1.75179 -0.85609 1.07868 -2.10398 0.709347 -1.72547 -0.208693 -0.674633 2.66981 2.6834 0.0230229 -0.347181 2.83429 2.89174 -0.452719 -0.110702 1.8068 0.125681 0.187033 -1.79378 0.318728 
-1.65439 -2.32295 -2.5258 -1.6956 2.37028 -1.65148 1.05114 -2.46248 -1.43173 -1.74632 -0.837822 1.07485 -2.10974 0.711795 -1.73286 -0.205356 -0.677716 2.6675 2.66694 0.0210803 -0.359051 2.83893 2.89501 -0.455064 -0.118771 1.79122 0.107005 0.187319 -1.77051 0.320177 
-1.66154 -2.32376 -2.51896 -1.69322 2.3733 -1.67034 1.0486 -2.45763 -1.44271 -1.73931 -0.822383 1.08028 -2.12345 0.715542 -1.73743 -0.207486 -0.675413 2.68214 2.64494 0.0248524 -0.364736 2.83033 2.90932 -0.458798 -0.123178 1.7768 0.0833816 0.183864 -1.73327 0.313146 
-1.6701 -2.32024 -2.50313 -1.70369 2.36685 -1.6869 1.03559 -2.43936 -1.45657 -1.71744 -0.79266 1.08627 -2.12897 0.73322 -1.73522 -0.230436 -0.678506 2.70505 2.63962 -0.000531142 -0.382176 2.82025 2.92402 -0.462099 -0.108348 1.77971 0.0893854 0.185394 -1.70354 0.330952 
-1.67569 -2.29779 -2.46413 -1.74448 2.35471 -1.70696 1.02497 -2.41565 -1.48565 -1.68267 -0.733654 1.08542 -2.12806 0.760543 -1.73981 -0.272555 -0.677632 2.72053 2.68924 -0.0663555 -0.429454 2.82559 2.93604 -0.456315 -0.0750671 1.83361 0.0946831 0.186582 -1.68968 0.395784 
-1.69453 -2.29921 -2.45509 -1.74226 2.3493 -1.71082 1.0066 -2.41339 -1.48766 -1.67341 -0.728079 1.075 -2.13338 0.76364 -1.73938 -0.26974 -0.68618 2.72106 2.66339 -0.0688724 -0.421315 2.81901 2.93953 -0.462794 -0.0766936 1.82048 0.0990756 0.194529 -1.66738 0.374766 
-1.7053 -2.30088 -2.4421 -1.73508 2.35413 -1.72566 0.980714 -2.41214 -1.49118 -1.66274 -0.705628 1.05356 -2.14597 0.765985 -1.74404 -0.259065 -0.696601 2.72341 2.64838 -0.075828 -0.41908 2.81387 2.93866 -0.456181 -0.072172 1.80793 0.10404 0.207692 -1.63461 0.368507 
-1.71653 -2.31169 -2.42204 -1.728 2.35729 -1.73762 0.949944 -2.41584 -1.48983 -1.65681 -0.689712 1.03758 -2.14418 0.769046 -1.74571 -0.243431 -0.703676 2.73423 2.64061 -0.0782359 -0.417439 2.8107 2.9366 -0.468726 -0.0697682 1.79172 0.102908 0.210756 -1.60003 0.359775 
-1.72024 -2.31699 -2.42083 -1.71542 2.34962 -1.74812 0.94001 -2.42035 -1.4734 -1.65308 -0.687913 1.02901 -2.14422 0.769068 -1.74495 -0.237005 -0.717203 2.74792 2.62151 -0.070409 -0.421193 2.80195 2.94004 -0.473486 -0.0778093 1.77507 0.102999 0.20894 -1.57095 0.355399 
-1.73148 -2.31979 -2.41713 -1.69222 2.33489 -1.765 0.929734 -2.42206 -1.45504 -1.63803 -0.695393 1.06403 -2.12255 0.789596 -1.77266 -0.237749 -0.726601 2.75873 2.6148 -0.0616866 -0.413537 2.78462 2.96404 -0.486844 -0.102938 1.7563 0.0697974 0.210903 -1.52078 0.347935 
-1.75854 -2.31006 -2.44003 -1.69045 2.31871 -1.78224 0.945049 -2.39948 -1.44276 -1.62895 -0.706401 1.09268 -2.10429 0.821477 -1.77883 -0.24412 -0.720064 2.73825 2.59471 -0.0590318 -0.422357 2.77229 2.99057 -0.52445 -0.107783 1.76274 0.0266213 0.222225 -1.46318 0.341057 
-1.76789 -2.29984 -2.43709 -1.68347 2.29321 -1.80436 0.942346 -2.39086 -1.43335 -1.62385 -0.758121 1.12753 -2.0894 0.841959 -1.80991 -0.227226 -0.704857 2.75523 2.57949 -0.0471439 -0.400604 2.74646 2.99048 -0.515171 -0.15689 1.72742 -0.0094538 0.219331 -1.42369 0.325528 
-1.78405 -2.28481 -2.44861 -1.68964 2.26888 -1.83726 0.943315 -2.38279 -1.43143 -1.61977 -0.833812 1.14229 -2.0771 0.861794 -1.83865 -0.205381 -0.679777 2.7571 2.5757 -0.0444951 -0.377204 2.73759 2.96445 -0.522759 -0.190669 1.71838 -0.048529 0.210161 -1.40031 0.309648 
-1.79508 -2.27241 -2.46705 -1.67551 2.25655 -1.87294 0.923198 -2.41874 -1.43591 -1.61673 -0.900909 1.14277 -2.06579 0.878986 -1.87037 -0.177091 -0.6688 2.76514 2.59569 -0.0616111 -0.350863 2.74929 2.94323 -0.53318 -0.238153 1.71535 -0.0719752 0.199845 -1.40051 0.301734 
-1.79106 -2.2636 -2.4844 -1.65359 2.24859 -1.89916 0.900538 -2.44883 -1.44042 -1.60652 -0.957761 1.13587 -2.06296 0.885905 -1.89192 -0.145068 -0.665055 2.78135 2.60998 -0.0762896 -0.329761 2.74751 2.9148 -0.550794 -0.268497 1.70375 -0.0869164 0.189664 -1.40187 0.291755 
-1.77943 -2.26765 -2.48855 -1.64464 2.26635 -1.9132 0.890238 -2.4674 -1.42704 -1.59609 -0.968086 1.13205 -2.05745 0.868089 -1.92405 -0.136997 -0.673219 2.79538 2.61846 -0.0638973 -0.320515 2.74789 2.89993 -0.571991 -0.27428 1.69007 -0.0977021 0.185463 -1.41415 0.281359 
-1.79018 -2.28654 -2.48044 -1.6445 2.27503 -1.93513 0.865426 -2.49076 -1.44004 -1.58521 -0.97916 1.12043 -2.0655 0.855649 -1.96132 -0.152056 -0.691774 2.80049 2.59665 -0.0435293 -0.3347 2.74748 2.8853 -0.58443 -0.301628 1.67951 -0.0945504 0.20043 -1.40792 0.258471 
-1.80703 -2.29117 -2.46492 -1.64752 2.26996 -1.93981 0.852225 -2.52157 -1.44823 -1.57156 -1.00405 1.13175 -2.07025 0.846653 -2.00357 -0.169052 -0.724292 2.78696 2.59897 -0.0358501 -0.346851 2.74392 2.87087 -0.590317 -0.341412 1.67664 -0.0995937 0.223675 -1.40605 0.234147 
-1.79261 -2.29465 -2.46365 -1.64603 2.28735 -1.93224 0.873511 -2.54273 -1.44546 -1.58788 -0.964275 1.11007 -2.07002 0.854978 -1.99449 -0.16425 -0.735501 2.77972 2.59545 -0.0361423 -0.37203 2.73429 2.86017 -0.575488 -0.34891 1.69716 -0.0848315 0.227 -1.41574 0.239061 
-1.77015 -2.32544 -2.44927 -1.63453 2.29627 -1.94515 0.87491 -2.559 -1.45941 -1.6047 -0.896882 1.05749 -2.06062 0.832407 -1.99094 -0.175729 -0.762103 2.79127 2.56358 -0.0568349 -0.406585 2.71692 2.85071 -0.554715 -0.346447 1.70705 -0.0641177 0.233721 -1.39277 0.250382 
-1.75719 -2.31558 -2.45272 -1.64098 2.31374 -1.93201 0.899002 -2.56851 -1.46232 -1.58962 -0.860754 1.05665 -2.0567 0.8179 -1.96955 -0.164548 -0.769121 2.77922 2.53644 -0.0911435 -0.412619 2.68403 2.82502 -0.547707 -0.369239 1.70079 -0.0544026 0.243987 -1.3974 0.228508 
-1.76272 -2.29294 -2.44645 -1.65587 2.33469 -1.94302 0.921292 -2.57382 -1.46099 -1.57156 -0.877569 1.08986 -2.0489 0.842996 -2.00017 -0.145466 -0.744784 2.78973 2.53105 -0.112916 -0.412559 2.67896 2.79124 -0.56037 -0.390835 1.68629 -0.0787163 0.258758 -1.38469 0.220537 
-1.75682 -2.27479 -2.4543 -1.66713 2.35625 -1.94158 0.926028 -2.58333 -1.45454 -1.54599 -0.873027 1.11266 -2.04417 0.843598 -2.00461 -0.126161 -0.734201 2.78834 2.51541 -0.133787 -0.413492 2.6603 2.77062 -0.564349 -0.413723 1.66756 -0.0906667 0.271458 -1.37712 0.212252 
-1.73947 -2.26442 -2.47165 -1.67267 2.39164 -1.95081 0.90996 -2.58712 -1.44152 -1.52515 -0.858368 1.12295 -2.05031 0.837143 -1.99597 -0.114207 -0.743396 2.78678 2.47961 -0.133648 -0.437904 2.62371 2.75545 -0.559003 -0.417421 1.67503 -0.08601 0.292789 -1.3706 0.209353 
-1.72926 -2.26048 -2.47839 -1.67393 2.43343 -1.97431 0.894018 -2.58701 -1.44546 -1.49956 -0.840194 1.10709 -2.059 0.822369 -2.00937 -0.114133 -0.744718 2.79933 2.43554 -0.131477 -0.462975 2.62355 2.7423 -0.554221 -0.445996 1.68298 -0.0432394 0.312984 -1.36753 0.204899 
-1.71753 -2.26753 -2.47753 -1.67624 2.48802 -1.99691 0.880873 -2.58478 -1.44442 -1.48033 -0.809734 1.08903 -2.0671 0.808166 -2.03851 -0.108558 -0.764852 2.81235 2.40625 -0.113645 -0.474845 2.63892 2.72403 -0.555038 -0.461442 1.71304 -0.0226078 0.338784 -1.37854 0.211973 
-1.68955 -2.26591 -2.50236 -1.668 2.51347 -2.01898 0.867646 -2.59825 -1.45999 -1.46462 -0.784384 1.07892 -2.06696 0.775644 -2.05647 -0.106578 -0.804893 2.81019 2.37483 -0.108419 -0.48525 2.65112 2.73008 -0.56008 -0.480682 1.71824 0.0124272 0.353377 -1.40127 0.222455 
-1.67251 -2.2447 -2.54234 -1.65702 2.53054 -2.03212 0.861222 -2.63885 -1.47322 -1.45477 -0.784406 1.0627 -2.04316 0.739793 -2.07519 -0.101311 -0.835058 2.80651 2.34022 -0.105707 -0.485501 2.66514 2.76736 -0.589499 -0.487082 1.72657 0.0205198 0.385456 -1.43543 0.217539 
-1.66473 -2.19699 -2.56958 -1.6374 2.53047 -2.01792 0.873867 -2.66398 -1.49489 -1.44337 -0.804223 1.06244 -2.04673 0.693985 -2.07238 -0.0808861 -0.853756 2.79923 2.33797 -0.102716 -0.477246 2.66759 2.80503 -0.629001 -0.470285 1.73759 0.0285498 0.414407 -1.46204 0.233727 
-1.68575 -2.15257 -2.60403 -1.64096 2.54541 -2.00307 0.893277 -2.6985 -1.53811 -1.4369 -0.829491 1.0825 -2.04082 0.659529 -2.05727 -0.0600101 -0.860273 2.80485 2.33361 -0.130553 -0.473083 2.67494 2.85688 -0.672231 -0.438545 1.76142 0.0264999 0.434583 -1.48588 0.256773 
-1.69963 -2.11332 -2.63311 -1.6546 2.54483 -1.96376 0.901883 -2.72532 -1.56562 -1.41911 -0.866692 1.10873 -2.02635 0.62509 -1.99684 -0.0500575 -0.834247 2.80617 2.31319 -0.187693 -0.466192 2.65621 2.89865 -0.696823 -0.422026 1.76623 0.0170914 0.427683 -1.50271 0.260899 
-1.7005 -2.05663 -2.6561 -1.69301 2.52906 -1.8829 0.905438 -2.74059 -1.57572 -1.40782 -0.92388 1.15869 -2.0294 0.58084 -1.9088 -0.0456043 -0.770475 2.78315 2.26409 -0.267217 -0.451299 2.61118 2.91887 -0.725325 -0.435963 1.74972 0.0147467 0.402699 -1.50135 0.214032 
