Mean 0 Mean 1 Mean 2 Mean 3 Mean 4 Mean 5 Mean 6 Mean 7 Mean 8 Mean 9 Mean 10 Mean 11 Mean 12 Mean 13 Mean 14 Mean 15 Mean 16 Mean 17 Mean 18 Mean 19 Mean 20 Mean 21 Mean 22 Mean 23 Mean 24 Mean 25 Mean 26 Mean 27 Mean 28 Mean 29 
-1.22333 0.917369 -1.35489 0.959468 2.73215 -1.73641 0.898539 0.974261 0.898598 -2.82156 -0.871558 1.0658 0.803728 1.01472 1.05135 2.39529 0.170326 -0.303702 0.250576 -2.54907 1.77713 -0.661289 0.222347 0.274583 1.79645 -0.91635 -2.39214 1.29672 0.0274478 -3.02718 
-1.21862 0.904323 -1.35513 0.961384 2.71343 -1.72385 0.914419 0.981252 0.911452 -2.81154 -0.840823 1.06385 0.817034 1.0233 1.04914 2.39304 0.180573 -0.295659 0.276015 -2.55146 1.76948 -0.687179 0.230504 0.267292 1.80545 -0.960211 -2.4088 1.27928 0.0502591 -3.02816 
-1.22734 0.899 -1.36257 0.954469 2.70768 -1.71236 0.916223 0.976388 0.910285 -2.81194 -0.839869 1.06822 0.825329 1.01819 1.04583 2.39663 0.181056 -0.291283 0.283518 -2.56638 1.76942 -0.687126 0.232673 0.272722 1.81048 -0.96066 -2.40524 1.27103 0.0452691 -3.02771 
-1.23125 0.898348 -1.37181 0.946027 2.69351 -1.6867 0.926921 0.95799 0.905654 -2.8059 -0.851895 1.0714 0.830642 1.02326 1.04144 2.40583 0.182298 -0.281592 0.289634 -2.57388 1.76661 -0.692582 0.232141 0.280046 1.79945 -0.960318 -2.39361 1.25879 0.0552657 -3.02046 
-1.23301 0.89708 -1.37554 0.936884 2.67561 -1.66223 0.941428 0.939068 0.898816 -2.79645 -0.845825 1.07368 0.834591 1.0362 1.03963 2.41167 0.183906 -0.275467 0.305874 -2.58081 1.75987 -0.694866 0.230246 0.279308 1.78834 -0.973769 -2.3859 1.24508 0.0664688 -3.01793 
-1.23609 0.897703 -1.37527 0.933753 2.66458 -1.64652 0.950421 0.930221 0.891554 -2.78374 -0.831715 1.07985 0.839177 1.04327 1.04782 2.41875 0.185066 -0.274197 0.31438 -2.59516 1.7468 -0.692236 0.225671 0.272064 1.78259 -0.988559 -2.38624 1.23359 0.0710693 -3.02451 
-1.24378 0.90028 -1.37742 0.92813 2.65411 -1.64239 0.950806 0.928398 0.882258 -2.77433 -0.819788 1.08534 0.83705 1.05052 1.05259 2.42353 0.180698 -0.276164 0.316964 -2.60324 1.7399 -0.699275 0.228886 0.261677 1.78034 -0.997165 -2.39154 1.23063 0.0870027 -3.0254 
-1.25108 0.90727 -1.36933 0.925727 2.64207 -1.64249 0.956134 0.927669 0.871454 -2.76169 -0.797907 1.07473 0.835753 1.04939 1.05262 2.43259 0.181263 -0.277215 0.330993 -2.60359 1.74324 -0.712227 0.231803 0.249234 1.76718 -1.01581 -2.39722 1.22825 0.101455 -3.01919 
-1.2611 0.919558 -1.36771 0.916445 2.63753 -1.63974 0.950466 0.935305 0.865244 -2.75114 -0.787771 1.05534 0.835509 1.04639 1.04539 2.43653 0.181541 -0.285983 0.329649 -2.60599 1.74158 -0.724574 0.233949 0.259894 1.75624 -1.00518 -2.39659 1.2314 0.113661 -3.02318 
-1.27737 0.922563 -1.35561 0.9127 2.61961 -1.62899 0.93474 0.93993 0.855014 -2.74397 -0.776237 1.05541 0.841411 1.04149 1.03947 2.43632 0.182658 -0.290434 0.337146 -2.60455 1.73667 -0.734317 0.245363 0.258411 1.74793 -1.00886 -2.40143 1.23514 0.121167 -3.03409 
-1.29304 0.915954 -1.34643 0.908377 2.60518 -1.61846 0.917886 0.934978 0.845727 -2.73137 -0.770414 1.06954 0.85487 1.04796 1.02579 2.43609 0.166796 -0.296487 0.334145 -2.59763 1.73547 -0.736955 0.255755 0.252807 1.73224 -1.01681 -2.4066 1.2334 0.137124 -3.05134 
-1.32233 0.909715 -1.33742 0.901246 2.5886 -1.60856 0.888044 0.932007 0.8352 -2.72234 -0.7813 1.08858 0.870008 1.05747 1.00751 2.4337 0.144003 -0.299755 0.328209 -2.5718 1.73513 -0.740208 0.273444 0.256289 1.71352 -1.01603 -2.42306 1.22454 0.156751 -3.08576 
-1.35197 0.896209 -1.32395 0.9007 2.57537 -1.60493 0.870543 0.93167 0.822464 -2.70672 -0.793405 1.09756 0.876197 1.06775 0.987126 2.43643 0.126946 -0.298549 0.322572 -2.54733 1.74084 -0.75104 0.280422 0.263228 1.68498 -1.02124 -2.43822 1.21704 0.170685 -3.11016 
-1.36433 0.885379 -1.31919 0.898146 2.57036 -1.61293 0.863126 0.935793 0.809919 -2.69128 -0.787907 1.08901 0.87103 1.07642 0.974744 2.43546 0.116095 -0.293877 0.3046 -2.53441 1.74569 -0.767647 0.283078 0.261503 1.6784 -1.01326 -2.44785 1.22129 0.190021 -3.12202 
-1.37088 0.876853 -1.32159 0.899528 2.57395 -1.62856 0.856087 0.93012 0.805264 -2.6808 -0.776824 1.08329 0.863045 1.08078 0.967361 2.43347 0.108101 -0.289234 0.28537 -2.52528 1.74604 -0.773783 0.284714 0.254401 1.67411 -1.00811 -2.46007 1.23111 0.214175 -3.13144 
-1.37325 0.863104 -1.32571 0.902545 2.56689 -1.65043 0.850967 0.923424 0.806259 -2.66194 -0.748357 1.06581 0.861008 1.08079 0.963442 2.41879 0.0897055 -0.282242 0.264544 -2.506 1.74813 -0.782133 0.280361 0.244328 1.68032 -0.991916 -2.46242 1.2345 0.24578 -3.13495 
-1.38952 0.846982 -1.32898 0.915529 2.54977 -1.67222 0.811462 0.91168 0.800509 -2.65393 -0.732895 1.04645 0.843948 1.08245 0.95134 2.40202 0.0793836 -0.27786 0.243849 -2.50532 1.75217 -0.792487 0.279288 0.234763 1.67405 -0.990774 -2.44015 1.25093 0.289007 -3.12119 
-1.4081 0.818295 -1.32089 0.92978 2.51974 -1.69343 0.761434 0.906915 0.784746 -2.65273 -0.691156 1.01463 0.832875 1.08765 0.932173 2.37945 0.0673703 -0.265064 0.222943 -2.51365 1.7538 -0.808051 0.281997 0.222948 1.67769 -0.996322 -2.41247 1.27063 0.353568 -3.09487 
-1.42079 0.803779 -1.32891 0.932973 2.49611 -1.7063 0.73232 0.890389 0.780287 -2.65316 -0.67044 0.992916 0.82329 1.09157 0.925242 2.36438 0.0578287 -0.261618 0.205406 -2.51662 1.75563 -0.810418 0.279377 0.225299 1.67126 -0.995392 -2.39215 1.2782 0.388945 -3.07708 
-1.42735 0.806168 -1.34104 0.928961 2.4968 -1.71564 0.738064 0.870875 0.786361 -2.64558 -0.66201 0.980048 0.806966 1.10005 0.92287 2.37413 0.0515858 -0.272938 0.185772 -2.51594 1.75996 -0.802274 0.267839 0.235502 1.6525 -0.998233 -2.38438 1.28329 0.393155 -3.06446 
-1.41279 0.806583 -1.34669 0.943629 2.51885 -1.73033 0.74844 0.829846 0.795483 -2.634 -0.66308 0.967844 0.790473 1.11456 0.92931 2.38264 0.0346159 -0.283749 0.173313 -2.48542 1.76929 -0.794908 0.245755 0.228231 1.64193 -0.994943 -2.36541 1.29171 0.389886 -3.06271 
-1.39851 0.797906 -1.33452 0.949824 2.52768 -1.73977 0.754221 0.792633 0.813932 -2.61642 -0.683444 0.986202 0.787472 1.12909 0.922019 2.38972 0.0168501 -0.29944 0.175684 -2.45208 1.78222 -0.79844 0.228768 0.216608 1.61447 -1.00313 -2.36808 1.30199 0.376935 -3.06965 
-1.40501 0.793584 -1.32276 0.950705 2.54135 -1.75993 0.740924 0.763505 0.814224 -2.58645 -0.706312 1.01157 0.787264 1.11949 0.901784 2.39914 0.00280221 -0.309283 0.172256 -2.4436 1.78237 -0.793461 0.209585 0.209088 1.59347 -1.03225 -2.38098 1.31029 0.367729 -3.08567 
-1.41703 0.777094 -1.31872 0.956963 2.55054 -1.77763 0.73465 0.721939 0.810269 -2.55096 -0.697665 1.02633 0.796017 1.11638 0.888747 2.40412 -0.0288337 -0.311559 0.176991 -2.43274 1.7843 -0.792481 0.199586 0.200919 1.59688 -1.04432 -2.39692 1.32414 0.360523 -3.08893 
-1.42828 0.76517 -1.31703 0.959517 2.57355 -1.79174 0.724231 0.687693 0.815502 -2.52127 -0.700339 1.04401 0.805943 1.11741 0.870834 2.41356 -0.0581436 -0.314649 0.185504 -2.43885 1.77649 -0.78751 0.186569 0.199545 1.594 -1.04035 -2.40376 1.34062 0.35734 -3.09617 
-1.43602 0.754985 -1.31289 0.971934 2.59678 -1.79636 0.717403 0.660641 0.829668 -2.49343 -0.698647 1.04449 0.808061 1.12703 0.856104 2.42821 -0.0833599 -0.293675 0.19643 -2.43407 1.77029 -0.787416 0.161793 0.1997 1.60559 -1.01717 -2.41066 1.35858 0.353638 -3.09472 
-1.44175 0.744683 -1.30657 0.986808 2.613 -1.79674 0.716512 0.627124 0.841182 -2.45733 -0.687195 1.0313 0.802117 1.14323 0.840771 2.43527 -0.112758 -0.26451 0.19905 -2.42696 1.75987 -0.795641 0.137389 0.204381 1.6285 -0.987051 -2.42874 1.38155 0.351952 -3.08526 
-1.42876 0.737863 -1.29968 0.974608 2.63356 -1.8012 0.703492 0.61577 0.858371 -2.4386 -0.693884 1.04075 0.80484 1.15559 0.824987 2.44963 -0.130829 -0.240469 0.204867 -2.42631 1.75245 -0.796052 0.111801 0.193952 1.62395 -0.964242 -2.43945 1.38788 0.33552 -3.09747 
-1.40673 0.722003 -1.29444 0.954621 2.64738 -1.80879 0.687473 0.60774 0.862486 -2.43164 -0.702584 1.05299 0.807868 1.15711 0.813713 2.4614 -0.145709 -0.226603 0.20969 -2.43302 1.74326 -0.790573 0.0965466 0.181876 1.61504 -0.953136 -2.45516 1.38221 0.309438 -3.10154 
-1.38697 0.69762 -1.29874 0.935521 2.64027 -1.83509 0.679452 0.631317 0.850208 -2.43927 -0.693728 1.05025 0.799346 1.14101 0.8214 2.4605 -0.146372 -0.22227 0.215338 -2.43816 1.72566 -0.796401 0.10159 0.176406 1.60762 -0.945503 -2.45696 1.36158 0.295137 -3.08552 
-1.37617 0.69121 -1.28761 0.895265 2.6616 -1.86303 0.664266 0.644439 0.837289 -2.44867 -0.689815 1.0315 0.80693 1.1721 0.822826 2.44234 -0.136275 -0.193387 0.192923 -2.44484 1.70838 -0.791634 0.101217 0.166041 1.61449 -0.91711 -2.46482 1.35459 0.280355 -3.0711 
-1.36722 0.671962 -1.28493 0.856565 2.66781 -1.88006 0.64094 0.648558 0.81207 -2.46941 -0.682762 1.02034 0.822642 1.1887 0.834592 2.4358 -0.120887 -0.169534 0.183228 -2.46297 1.70087 -0.787993 0.107456 0.154906 1.62321 -0.893501 -2.46585 1.34129 0.266755 -3.05819 
-1.35379 0.660716 -1.28451 0.815903 2.6699 -1.88554 0.619726 0.650975 0.784523 -2.47689 -0.680423 1.01661 0.849847 1.2046 0.845269 2.44083 -0.103675 -0.150431 0.163114 -2.48658 1.70152 -0.783019 0.114191 0.140425 1.62422 -0.872444 -2.45535 1.32278 0.250878 -3.04673 
-1.32345 0.647382 -1.2855 0.772029 2.68945 -1.86832 0.611929 0.653348 0.760333 -2.47543 -0.675971 1.00611 0.873689 1.20714 0.855576 2.44473 -0.0907958 -0.125704 0.133858 -2.49874 1.69769 -0.78697 0.11834 0.139032 1.63341 -0.84277 -2.45446 1.31486 0.235332 -3.02759 
-1.29783 0.632274 -1.29551 0.73289 2.69423 -1.82765 0.584947 0.66844 0.734355 -2.46799 -0.667123 1.02261 0.906519 1.20364 0.86124 2.4513 -0.0774547 -0.118016 0.126226 -2.53068 1.71172 -0.78435 0.114561 0.128186 1.63489 -0.810721 -2.44533 1.30244 0.209206 -3.01237 
-1.26446 0.618887 -1.31235 0.701576 2.69944 -1.76404 0.575039 0.692084 0.71397 -2.4616 -0.659107 1.0367 0.945865 1.18558 0.904666 2.45696 -0.0567021 -0.0950296 0.117356 -2.56918 1.72078 -0.777241 0.118582 0.108253 1.6316 -0.771532 -2.44364 1.2866 0.184601 -2.99895 
-1.23617 0.589095 -1.34333 0.648299 2.70179 -1.7026 0.565828 0.723257 0.687909 -2.45482 -0.645972 1.04448 0.991437 1.16388 0.994015 2.47408 -0.0391119 -0.0812044 0.0835816 -2.6196 1.74115 -0.763968 0.143508 0.0953949 1.60328 -0.727022 -2.42818 1.28109 0.145352 -2.99474 
-1.20179 0.580591 -1.36287 0.594405 2.69918 -1.64037 0.553789 0.761395 0.658601 -2.43245 -0.613104 1.0709 1.05846 1.1313 1.07066 2.48836 -0.0306104 -0.0770094 0.055622 -2.65199 1.76675 -0.766359 0.165088 0.0839224 1.59707 -0.679171 -2.40894 1.26874 0.119192 -2.97923 
-1.1521 0.572325 -1.39096 0.531281 2.68952 -1.58264 0.549539 0.782737 0.635562 -2.40926 -0.587222 1.11681 1.13572 1.10117 1.13021 2.51039 -0.0263209 -0.0737711 0.0305553 -2.68481 1.79278 -0.760292 0.187338 0.0607554 1.59085 -0.662021 -2.39574 1.25884 0.0853902 -2.97431 
-1.11455 0.587507 -1.42667 0.440804 2.67905 -1.53931 0.566423 0.805117 0.613363 -2.39038 -0.56132 1.14746 1.21017 1.07147 1.17123 2.53457 -0.0185819 -0.0714342 0.0263457 -2.7214 1.82972 -0.749458 0.20585 0.028951 1.62704 -0.637012 -2.39226 1.25288 0.0506069 -2.96409 
