Mean 0 Mean 1 Mean 2 Mean 3 Mean 4 Mean 5 Mean 6 Mean 7 Mean 8 Mean 9 Mean 10 Mean 11 Mean 12 Mean 13 Mean 14 Mean 15 Mean 16 Mean 17 Mean 18 Mean 19 Mean 20 Mean 21 Mean 22 Mean 23 Mean 24 Mean 25 Mean 26 Mean 27 Mean 28 Mean 29 
-1.64939 -1.46663 -2.59546 -2.34694 1.21327 0.851485 1.02205 -1.17876 -1.50019 -2.39311 -0.852161 2.35378 0.877979 0.988743 -1.24519 0.442439 -0.762662 0.260449 2.92614 -2.83765 1.23461 0.733007 2.80229 -0.371078 2.91304 2.80558 -1.30868 0.911371 0.361722 2.23644 
-1.64195 -1.4627 -2.5814 -2.34681 1.2327 0.862553 1.0259 -1.18472 -1.50204 -2.40413 -0.846394 2.3418 0.885116 0.989639 -1.24944 0.444512 -0.766403 0.25778 2.92323 -2.83831 1.22413 0.735859 2.80073 -0.373271 2.9135 2.8102 -1.31098 0.908859 0.362729 2.23013 
-1.65527 -1.44289 -2.55492 -2.35532 1.25637 0.869494 1.02175 -1.20018 -1.49203 -2.42029 -0.854588 2.33745 0.892931 0.994859 -1.25522 0.428014 -0.766207 0.248301 2.92108 -2.84254 1.2135 0.749208 2.79283 -0.372319 2.91004 2.81199 -1.32755 0.890723 0.347697 2.21819 
-1.68171 -1.43701 -2.55104 -2.37125 1.26115 0.872864 1.00517 -1.23161 -1.47523 -2.43581 -0.871405 2.34209 0.892105 0.9954 -1.25724 0.414192 -0.739169 0.246121 2.92815 -2.85669 1.21323 0.770138 2.78625 -0.354482 2.90165 2.81408 -1.35953 0.870225 0.322874 2.22259 
-1.68518 -1.43314 -2.54081 -2.37807 1.26889 0.870826 0.990957 -1.24099 -1.47421 -2.44667 -0.878487 2.3317 0.888191 1.00249 -1.25755 0.421736 -0.737354 0.257312 2.92383 -2.84572 1.21421 0.766239 2.78546 -0.357215 2.89121 2.811 -1.37807 0.85974 0.33292 2.22788 
-1.68208 -1.4532 -2.55382 -2.39463 1.25756 0.879101 0.986725 -1.2672 -1.45269 -2.45222 -0.864282 2.30215 0.878217 1.01419 -1.26203 0.44311 -0.722784 0.294238 2.88966 -2.81299 1.23564 0.757118 2.77395 -0.335594 2.86399 2.8235 -1.39344 0.858224 0.361346 2.24784 
-1.68888 -1.44717 -2.54918 -2.39799 1.25081 0.878833 0.986874 -1.27415 -1.46102 -2.44664 -0.851854 2.28604 0.869007 1.0175 -1.27022 0.461291 -0.72163 0.296246 2.88865 -2.80822 1.23912 0.744257 2.77436 -0.346084 2.84867 2.80908 -1.39236 0.862379 0.377958 2.25943 
-1.70609 -1.44368 -2.55415 -2.39981 1.25252 0.870128 0.992885 -1.27759 -1.48824 -2.4318 -0.834883 2.28976 0.854145 1.01964 -1.27243 0.471104 -0.725735 0.28511 2.89327 -2.82142 1.22991 0.731713 2.78298 -0.36147 2.85013 2.78631 -1.39602 0.867925 0.386134 2.25916 
-1.72252 -1.43788 -2.55788 -2.40246 1.26092 0.854148 1.00457 -1.28113 -1.51566 -2.41578 -0.825235 2.28742 0.840922 1.02314 -1.27125 0.479605 -0.730553 0.283274 2.89598 -2.82692 1.21195 0.711587 2.78503 -0.36404 2.85247 2.76363 -1.42279 0.863636 0.385969 2.23973 
-1.72744 -1.43889 -2.56206 -2.40578 1.26526 0.83522 1.01535 -1.29185 -1.52601 -2.40778 -0.808567 2.29623 0.829859 1.0288 -1.26217 0.47995 -0.723652 0.278394 2.87581 -2.85083 1.19272 0.703621 2.79073 -0.374842 2.86006 2.73329 -1.43822 0.877178 0.401014 2.23308 
-1.71831 -1.44453 -2.5691 -2.38521 1.28079 0.797917 1.002 -1.28104 -1.51988 -2.38379 -0.782682 2.28417 0.844154 1.01973 -1.26618 0.464043 -0.737143 0.284639 2.85575 -2.85062 1.17902 0.705327 2.78294 -0.374614 2.88472 2.71945 -1.45158 0.879653 0.431467 2.20327 
-1.71463 -1.44894 -2.56748 -2.37644 1.26684 0.794198 1.01001 -1.29012 -1.51826 -2.36341 -0.778365 2.2832 0.860853 1.01383 -1.25443 0.461446 -0.733313 0.280686 2.84743 -2.87788 1.16185 0.691237 2.78056 -0.37099 2.90092 2.71749 -1.45902 0.903204 0.419549 2.18322 
-1.72045 -1.44607 -2.56505 -2.37866 1.23943 0.785014 1.01176 -1.29012 -1.5161 -2.32596 -0.773302 2.26997 0.881629 1.00751 -1.2303 0.461225 -0.716898 0.281425 2.8195 -2.9007 1.16788 0.667278 2.77129 -0.353894 2.91131 2.7081 -1.45153 0.931989 0.411919 2.16905 
-1.72826 -1.43735 -2.55578 -2.38758 1.21954 0.78531 1.0246 -1.296 -1.51438 -2.29522 -0.765436 2.25613 0.892828 1.01135 -1.19866 0.456097 -0.698413 0.281051 2.78611 -2.91811 1.15995 0.645633 2.76741 -0.333125 2.91587 2.70883 -1.44986 0.949333 0.412516 2.1555 
-1.73707 -1.43042 -2.55365 -2.39882 1.20489 0.783596 1.03271 -1.29901 -1.52128 -2.26879 -0.759622 2.24313 0.892801 1.01476 -1.18161 0.459863 -0.67677 0.283454 2.75702 -2.93833 1.15402 0.628571 2.76996 -0.331392 2.92777 2.713 -1.45411 0.959574 0.424194 2.14767 
-1.7561 -1.42567 -2.548 -2.40254 1.19023 0.779355 1.03545 -1.29627 -1.53726 -2.24679 -0.754122 2.22922 0.88452 1.01352 -1.16479 0.468165 -0.650034 0.290109 2.73452 -2.95556 1.16082 0.612607 2.77378 -0.333666 2.93837 2.70741 -1.45227 0.964306 0.439409 2.14348 
-1.75839 -1.42492 -2.55924 -2.3978 1.16711 0.770538 1.01951 -1.30059 -1.55102 -2.22021 -0.744019 2.20991 0.883813 1.00532 -1.14696 0.46721 -0.632961 0.309962 2.72623 -2.97542 1.18229 0.575808 2.76147 -0.335216 2.95819 2.71394 -1.45647 0.97592 0.466246 2.14763 
-1.75286 -1.42103 -2.57503 -2.38214 1.14508 0.771352 1.0076 -1.3263 -1.55853 -2.19393 -0.732714 2.18185 0.884835 1.0061 -1.14096 0.471071 -0.622488 0.333473 2.74299 -2.97751 1.207 0.545886 2.74004 -0.328721 2.96873 2.70826 -1.46058 0.984329 0.485915 2.15958 
-1.75356 -1.405 -2.58019 -2.37901 1.13954 0.763766 1.00197 -1.33114 -1.56044 -2.18187 -0.740202 2.18744 0.897672 1.00989 -1.1336 0.491741 -0.592907 0.340771 2.72746 -2.98873 1.22922 0.537045 2.73099 -0.336307 2.9671 2.68052 -1.47595 0.981385 0.500632 2.14979 
-1.75848 -1.38463 -2.5831 -2.37385 1.13568 0.747565 0.994534 -1.34133 -1.55301 -2.17537 -0.735791 2.19217 0.907038 1.00456 -1.1386 0.508301 -0.565173 0.342641 2.72197 -3.00257 1.25609 0.531451 2.72936 -0.356932 2.95678 2.65849 -1.48768 0.982701 0.51708 2.14829 
-1.77063 -1.37866 -2.59368 -2.35708 1.13201 0.722893 0.988234 -1.34149 -1.54235 -2.1717 -0.730949 2.20566 0.915425 1.00045 -1.15938 0.529293 -0.564024 0.337556 2.72212 -3.01654 1.28626 0.538137 2.73176 -0.393801 2.94861 2.65626 -1.48267 0.965919 0.528853 2.15211 
-1.78442 -1.36557 -2.59758 -2.34827 1.11616 0.707329 0.982448 -1.36 -1.5457 -2.17909 -0.718019 2.24153 0.91423 1.01823 -1.1742 0.551976 -0.572563 0.318766 2.74132 -3.02637 1.31584 0.546068 2.73694 -0.429223 2.93525 2.64769 -1.46467 0.950997 0.542421 2.16137 
-1.80633 -1.35422 -2.60175 -2.34732 1.10399 0.686738 0.975154 -1.38184 -1.54014 -2.1865 -0.709696 2.27666 0.911105 1.03747 -1.1837 0.563039 -0.586151 0.291532 2.75337 -3.02824 1.32423 0.560778 2.74673 -0.449239 2.90998 2.65485 -1.45777 0.93672 0.55275 2.16031 
-1.80902 -1.34509 -2.62864 -2.34941 1.11011 0.676951 0.960738 -1.39949 -1.52692 -2.19948 -0.69807 2.30167 0.921435 1.0437 -1.21375 0.589353 -0.601364 0.283226 2.76834 -3.0293 1.34051 0.570358 2.75365 -0.461235 2.89274 2.65745 -1.46172 0.920328 0.549612 2.16473 
-1.80114 -1.33649 -2.65206 -2.34399 1.12524 0.644794 0.953671 -1.42819 -1.50181 -2.19442 -0.688084 2.31163 0.947504 1.04146 -1.23223 0.614648 -0.615869 0.286902 2.76932 -3.04153 1.34035 0.585244 2.76984 -0.468875 2.87469 2.65791 -1.46215 0.911061 0.546886 2.16971 
-1.78867 -1.33752 -2.67817 -2.33713 1.14458 0.616301 0.954154 -1.44027 -1.49529 -2.1853 -0.67843 2.31709 0.949003 1.04232 -1.24786 0.642517 -0.631796 0.277059 2.75675 -3.05818 1.32522 0.584473 2.77329 -0.466188 2.85135 2.64995 -1.45768 0.908134 0.539848 2.17281 
-1.76834 -1.33664 -2.70239 -2.33557 1.17462 0.585794 0.947356 -1.45401 -1.47796 -2.17592 -0.674165 2.31119 0.966975 1.05533 -1.25745 0.661933 -0.653629 0.28267 2.73292 -3.05946 1.31645 0.585528 2.76107 -0.473632 2.83769 2.64778 -1.45587 0.9027 0.532167 2.16629 
-1.74729 -1.35417 -2.72231 -2.3347 1.19887 0.548844 0.947026 -1.45642 -1.48483 -2.16679 -0.657782 2.31691 0.970259 1.06537 -1.27148 0.691442 -0.681915 0.281865 2.70963 -3.07382 1.32029 0.575878 2.74648 -0.48893 2.81798 2.62057 -1.44899 0.894538 0.5296 2.16713 
-1.73253 -1.34875 -2.71621 -2.35037 1.22405 0.53118 0.941603 -1.45778 -1.49403 -2.1528 -0.63897 2.31357 0.965588 1.07877 -1.26452 0.698169 -0.705746 0.299255 2.67091 -3.07799 1.3216 0.558491 2.72923 -0.502653 2.80601 2.59953 -1.45871 0.910958 0.531048 2.16182 
-1.74947 -1.3526 -2.69759 -2.39648 1.25307 0.49674 0.926838 -1.45587 -1.50989 -2.11878 -0.65379 2.3199 0.970884 1.09534 -1.25398 0.692228 -0.711762 0.307864 2.64359 -3.09907 1.31387 0.543779 2.7324 -0.492758 2.79227 2.57913 -1.48411 0.919245 0.53091 2.16065 
-1.75062 -1.35198 -2.68349 -2.41866 1.26862 0.476416 0.912586 -1.45121 -1.51162 -2.09895 -0.656527 2.30282 0.989497 1.09126 -1.2438 0.681039 -0.705159 0.318242 2.60163 -3.09821 1.30196 0.509996 2.74342 -0.493516 2.77246 2.57306 -1.51768 0.928576 0.52307 2.15893 
-1.75949 -1.36685 -2.65768 -2.42088 1.25937 0.449928 0.906038 -1.45747 -1.53062 -2.07605 -0.65001 2.2794 1.01996 1.0981 -1.27155 0.671429 -0.72612 0.338352 2.57658 -3.10306 1.28449 0.483827 2.77453 -0.491302 2.74085 2.5702 -1.50334 0.938017 0.505304 2.16899 
-1.77461 -1.35643 -2.62164 -2.41131 1.24611 0.431935 0.903592 -1.46869 -1.54435 -2.05589 -0.653847 2.24195 1.06769 1.09837 -1.30661 0.659178 -0.747686 0.366521 2.55787 -3.10236 1.27019 0.462516 2.81248 -0.493119 2.70535 2.58105 -1.45186 0.943072 0.487435 2.16117 
-1.80422 -1.35102 -2.58765 -2.41466 1.23482 0.405539 0.889897 -1.48204 -1.56804 -2.0239 -0.663186 2.20533 1.11315 1.08806 -1.35182 0.647594 -0.768672 0.393357 2.51568 -3.10817 1.25954 0.43259 2.84668 -0.500058 2.67251 2.60229 -1.40787 0.958783 0.472972 2.15129 
-1.83151 -1.33716 -2.55709 -2.42783 1.22759 0.392526 0.871903 -1.49194 -1.5941 -1.99204 -0.671176 2.17308 1.16933 1.07896 -1.37779 0.631991 -0.789389 0.413569 2.47341 -3.11865 1.26204 0.404854 2.87655 -0.515646 2.65095 2.63136 -1.36937 0.969685 0.454455 2.12266 
-1.83028 -1.31467 -2.53621 -2.44385 1.20541 0.389982 0.845731 -1.49479 -1.61301 -1.95639 -0.666599 2.17777 1.23144 1.03869 -1.38402 0.634521 -0.816049 0.407052 2.43538 -3.13626 1.26813 0.365452 2.91084 -0.548526 2.62598 2.66968 -1.3183 0.984438 0.453707 2.06663 
-1.83389 -1.28512 -2.52683 -2.46431 1.17534 0.406324 0.803882 -1.49474 -1.62955 -1.9171 -0.648702 2.19527 1.2961 0.995876 -1.36935 0.638897 -0.865342 0.383422 2.41358 -3.13953 1.28236 0.342652 2.96344 -0.58158 2.63184 2.70458 -1.26619 0.989957 0.463414 1.98744 
-1.82869 -1.2625 -2.55998 -2.46918 1.18285 0.402671 0.792542 -1.49766 -1.65456 -1.91565 -0.614696 2.18293 1.35278 0.972038 -1.33407 0.635092 -0.924159 0.383327 2.4347 -3.16073 1.2989 0.354885 2.99286 -0.594856 2.63343 2.73537 -1.28064 0.981278 0.453908 1.96157 
-1.78709 -1.2543 -2.60616 -2.49057 1.19249 0.418664 0.805054 -1.51022 -1.71637 -1.90628 -0.560406 2.20939 1.42079 0.914239 -1.28069 0.64934 -1.00233 0.342209 2.44679 -3.20154 1.28231 0.371668 3.00333 -0.640485 2.6682 2.74908 -1.32026 0.967704 0.444664 1.95137 
-1.76241 -1.2725 -2.64782 -2.49236 1.19711 0.43086 0.827286 -1.52502 -1.77709 -1.90355 -0.484905 2.23714 1.47899 0.863357 -1.2319 0.663541 -1.05261 0.333305 2.4582 -3.24382 1.25819 0.401862 3.01416 -0.686908 2.69739 2.77774 -1.34085 0.984185 0.451952 1.95363 
