Mean 0 Mean 1 Mean 2 Mean 3 Mean 4 Mean 5 Mean 6 Mean 7 Mean 8 Mean 9 Mean 10 Mean 11 Mean 12 Mean 13 Mean 14 Mean 15 Mean 16 Mean 17 Mean 18 Mean 19 Mean 20 Mean 21 Mean 22 Mean 23 Mean 24 Mean 25 Mean 26 Mean 27 Mean 28 Mean 29 
-2.13673 0.808601 -1.55794 -1.52623 1.1404 0.953395 1.06069 0.775875 -1.24367 -1.3109 -0.815919 1.10311 -1.35833 -1.40398 -1.7491 2.89901 -2.56353 0.71046 -0.128097 0.222532 -1.10957 -0.434517 0.884271 2.66801 2.43034 1.92601 0.523164 2.39402 2.49236 -0.323004 
-2.11193 0.819454 -1.56063 -1.42082 1.13311 0.939931 1.01353 0.836689 -1.19363 -1.26705 -0.867317 1.00556 -1.29358 -1.40935 -1.80816 2.81676 -2.54218 0.609251 -0.136597 0.218473 -1.12891 -1.89878 0.838126 2.685 2.50989 1.96312 0.507918 2.38262 2.54027 -0.338905 
-2.12888 0.811017 -1.55345 -1.46565 1.13525 0.935578 1.01967 0.8188 -1.22238 -1.26355 -0.837038 1.02167 -1.29162 -1.40877 -1.79352 2.86071 -2.53427 0.613837 -0.120521 0.226452 -1.13742 -2.39993 0.865087 2.67061 2.49789 1.93647 0.514779 2.40524 2.51545 -0.317658 
-2.12579 0.797116 -1.53938 -1.4642 1.12524 0.922463 1.01287 0.821569 -1.22714 -1.25668 -0.822435 1.00593 -1.28863 -1.40852 -1.79401 2.85579 -2.53482 0.60422 -0.109736 0.23317 -1.14191 -2.63291 0.85341 2.67066 2.50043 1.90799 0.519476 2.41559 2.52049 -0.303748 
-2.12648 0.778751 -1.52434 -1.46761 1.1075 0.913535 1.00282 0.826904 -1.23827 -1.26492 -0.82497 0.981862 -1.28147 -1.39574 -1.79101 2.85066 -2.54749 0.605554 -0.105822 0.260945 -1.15114 -2.77944 0.864994 2.67878 2.50026 1.92212 0.523805 2.41119 2.54174 -0.29785 
-2.13275 0.761505 -1.51641 -1.46949 1.11205 0.909998 0.990914 0.813891 -1.23739 -1.28161 -0.833937 0.97362 -1.28135 -1.38052 -1.7942 2.85178 -2.53582 0.606669 -0.112235 0.274268 -1.16293 -2.88977 0.881424 2.6749 2.48721 1.92603 0.514098 2.39453 2.54846 -0.293732 
-2.15292 0.74937 -1.51399 -1.4826 1.11404 0.923271 0.9919 0.799031 -1.25187 -1.30419 -0.851565 0.972568 -1.2852 -1.36979 -1.78514 2.8715 -2.52727 0.603728 -0.0961348 0.284469 -1.19017 -2.98458 0.906655 2.67916 2.47148 1.93972 0.507783 2.39039 2.54277 -0.301396 
-2.18776 0.781034 -1.53133 -1.48424 1.10072 0.902159 0.977791 0.782299 -1.25951 -1.31991 -0.863986 0.941898 -1.3165 -1.35934 -1.80534 2.86307 -2.52521 0.639701 -0.147897 0.305335 -1.18425 -3.06968 0.895459 2.67319 2.43627 1.9344 0.538188 2.37739 2.55735 -0.277914 
-2.22714 0.825605 -1.5575 -1.48354 1.09088 0.854708 0.949189 0.769903 -1.26664 -1.34409 -0.872115 0.907635 -1.38694 -1.34328 -1.82937 2.84757 -2.51987 0.689998 -0.240299 0.324828 -1.18056 -3.13567 0.889602 2.63852 2.39563 1.90912 0.562692 2.37356 2.57348 -0.255685 
-2.25704 0.860081 -1.58282 -1.48761 1.09052 0.823455 0.918617 0.762834 -1.27446 -1.35647 -0.87197 0.879367 -1.44278 -1.32799 -1.85469 2.83847 -2.51605 0.724847 -0.318026 0.3424 -1.17593 -3.17383 0.897009 2.61282 2.36222 1.88976 0.568569 2.36652 2.59275 -0.24814 
-2.28252 0.853636 -1.58605 -1.506 1.08241 0.829601 0.895581 0.784409 -1.28558 -1.34783 -0.880117 0.881167 -1.42102 -1.33079 -1.87334 2.83294 -2.53698 0.708584 -0.304605 0.415308 -1.1591 -3.19587 0.919738 2.62834 2.37902 1.92651 0.526702 2.35433 2.64372 -0.303517 
-2.30559 0.837491 -1.60852 -1.55279 1.05167 0.828561 0.872605 0.811912 -1.29861 -1.35129 -0.894137 0.90003 -1.40603 -1.31026 -1.87812 2.83459 -2.56701 0.707975 -0.300206 0.496264 -1.14494 -3.21893 0.966949 2.63737 2.3983 1.97713 0.495881 2.35353 2.70684 -0.325921 
-2.31329 0.826515 -1.59613 -1.56574 1.03633 0.832061 0.867564 0.805601 -1.29953 -1.34409 -0.869119 0.911719 -1.38794 -1.31832 -1.88811 2.82878 -2.58384 0.691705 -0.281844 0.496885 -1.13677 -3.21973 0.979298 2.63712 2.4356 1.98731 0.484528 2.36424 2.71877 -0.323884 
-2.29791 0.819799 -1.58506 -1.56101 1.02442 0.833918 0.86201 0.789711 -1.3022 -1.34565 -0.850008 0.899619 -1.38664 -1.32116 -1.90443 2.84427 -2.58229 0.672285 -0.259373 0.467789 -1.1395 -3.2155 0.977897 2.6542 2.43876 1.98027 0.467072 2.36108 2.72093 -0.321561 
-2.27588 0.813055 -1.57909 -1.56198 1.02112 0.819696 0.848013 0.755502 -1.31574 -1.3525 -0.851319 0.875914 -1.40236 -1.30379 -1.91995 2.86165 -2.58174 0.668502 -0.248843 0.447471 -1.14418 -3.20248 0.960301 2.66414 2.40923 1.96214 0.454728 2.34322 2.7188 -0.311614 
-2.25303 0.784542 -1.56067 -1.56183 0.999443 0.813103 0.820645 0.746642 -1.32928 -1.3326 -0.81665 0.840801 -1.41944 -1.30659 -1.93201 2.85008 -2.56842 0.684966 -0.24638 0.438195 -1.15094 -3.22104 0.94638 2.65208 2.41077 1.94853 0.465421 2.33047 2.75198 -0.305418 
-2.24061 0.785031 -1.56124 -1.55085 1.01323 0.799009 0.789946 0.724177 -1.3456 -1.31839 -0.805484 0.796906 -1.45096 -1.31683 -1.94419 2.83508 -2.55185 0.725529 -0.268612 0.438236 -1.15626 -3.22852 0.938538 2.62487 2.39574 1.90739 0.475095 2.32043 2.76537 -0.299921 
-2.22018 0.755467 -1.5159 -1.54505 1.04679 0.787611 0.781997 0.722479 -1.37447 -1.3363 -0.840851 0.809858 -1.52391 -1.30634 -1.94138 2.78577 -2.55406 0.748931 -0.231587 0.436846 -1.18354 -3.21831 0.903405 2.63264 2.371 1.87709 0.416354 2.277 2.7523 -0.274719 
-2.21098 0.7631 -1.57039 -1.56476 1.1586 0.752495 0.828193 0.772313 -1.43946 -1.35338 -0.877367 0.693027 -1.58146 -1.35951 -1.93854 2.77863 -2.49775 0.813711 -0.28254 0.549823 -1.18385 -3.24511 0.855928 2.59185 2.42101 1.94146 0.323518 2.22182 2.73583 -0.367934 
-2.20086 0.771911 -1.61663 -1.5779 1.24178 0.71118 0.859014 0.807587 -1.49124 -1.37227 -0.911472 0.603907 -1.63194 -1.40857 -1.92966 2.77945 -2.45279 0.861949 -0.32184 0.635872 -1.18891 -3.26235 0.819073 2.55731 2.45368 1.99946 0.248671 2.18087 2.72076 -0.440734 
-2.15287 0.70856 -1.57476 -1.56428 1.19454 0.699559 0.831155 0.893856 -1.49043 -1.37119 -0.854936 0.635433 -1.68298 -1.46301 -1.88723 2.77122 -2.44966 0.809157 -0.292832 0.622181 -1.2244 -3.31033 0.850351 2.58442 2.37226 1.96813 0.294251 2.1626 2.74536 -0.405458 
-2.11017 0.640064 -1.53651 -1.54545 1.13235 0.691828 0.802969 0.979371 -1.50131 -1.37077 -0.796071 0.670122 -1.72651 -1.51961 -1.84694 2.7707 -2.45043 0.74928 -0.245457 0.618779 -1.24517 -3.36601 0.876625 2.61118 2.28411 1.94875 0.350892 2.13932 2.76041 -0.373353 
-2.07392 0.572053 -1.51173 -1.52683 1.08444 0.681287 0.786642 1.06475 -1.51059 -1.36866 -0.738171 0.696562 -1.76927 -1.57765 -1.8129 2.77154 -2.45625 0.704686 -0.214736 0.627036 -1.26732 -3.42167 0.898812 2.6331 2.20685 1.92054 0.415274 2.11837 2.77661 -0.349964 
-2.04496 0.561385 -1.52244 -1.51635 1.11387 0.650097 0.790221 1.05512 -1.48717 -1.37301 -0.74261 0.678792 -1.76143 -1.55559 -1.81405 2.78905 -2.46654 0.725896 -0.229704 0.65299 -1.26684 -3.41335 0.863816 2.61775 2.18786 1.93889 0.434867 2.12266 2.78919 -0.330137 
-2.02898 0.545441 -1.51036 -1.52093 1.11793 0.653264 0.793003 1.0381 -1.46534 -1.36799 -0.736542 0.689655 -1.72103 -1.50088 -1.8193 2.81246 -2.48046 0.735273 -0.22634 0.642056 -1.25079 -3.40794 0.840495 2.61528 2.19299 1.93601 0.472486 2.12564 2.80751 -0.322866 
-2.01938 0.561764 -1.51355 -1.52873 1.11903 0.646332 0.773997 0.982248 -1.4075 -1.34398 -0.725159 0.720184 -1.6086 -1.46137 -1.82712 2.84456 -2.51131 0.746523 -0.2228 0.628011 -1.21798 -3.38065 0.819236 2.5942 2.1976 1.94945 0.518021 2.13085 2.80161 -0.344466 
-1.99781 0.557344 -1.50727 -1.51565 1.12248 0.624933 0.786474 0.979644 -1.34574 -1.32275 -0.697985 0.744886 -1.53072 -1.44374 -1.83166 2.8815 -2.54262 0.734917 -0.197248 0.616698 -1.18006 -3.38097 0.801887 2.5817 2.20661 1.95476 0.574121 2.13247 2.80191 -0.325336 
-1.96858 0.547563 -1.49785 -1.49901 1.13066 0.604264 0.807251 0.992891 -1.28699 -1.29941 -0.691729 0.76767 -1.47394 -1.40866 -1.86056 2.93962 -2.56805 0.726536 -0.176321 0.607227 -1.11273 -3.40899 0.765576 2.57105 2.21375 1.94226 0.633206 2.13044 2.79198 -0.291603 
-1.99058 0.527593 -1.53139 -1.48432 1.0894 0.584805 0.83237 1.08113 -1.26931 -1.2718 -0.66435 0.775647 -1.43489 -1.47051 -1.85181 2.96554 -2.60564 0.689697 -0.144554 0.58735 -1.0539 -3.45013 0.772664 2.58291 2.20797 1.9136 0.69656 2.07078 2.79673 -0.236672 
-2.02372 0.444661 -1.52364 -1.46242 0.989222 0.585088 0.828109 1.12668 -1.30582 -1.26933 -0.625038 0.792156 -1.45288 -1.58639 -1.83283 2.95585 -2.63616 0.635795 -0.0825481 0.570921 -1.08513 -3.51153 0.813486 2.61908 2.15688 1.85748 0.759565 2.03966 2.82161 -0.20377 
-2.04451 0.360339 -1.52073 -1.44116 0.893984 0.59446 0.838304 1.15788 -1.34528 -1.28695 -0.56689 0.79229 -1.46706 -1.70006 -1.80439 2.94776 -2.64473 0.596715 -0.020187 0.551904 -1.1746 -3.56086 0.855109 2.67143 2.11176 1.82102 0.823281 2.00715 2.85399 -0.15287 
-2.06157 0.28611 -1.51241 -1.43123 0.816141 0.609814 0.852591 1.16728 -1.3874 -1.3047 -0.51315 0.798459 -1.46944 -1.80798 -1.78278 2.9337 -2.63783 0.566695 0.0441573 0.520458 -1.24085 -3.59515 0.892646 2.72257 2.08679 1.79065 0.87319 1.98453 2.88095 -0.103902 
-2.11728 0.13175 -1.51939 -1.407 0.673377 0.618463 0.856191 1.22595 -1.46853 -1.35344 -0.443169 0.785015 -1.53341 -1.98805 -1.73854 2.91304 -2.62084 0.50538 0.167803 0.479461 -1.34186 -3.67483 0.97761 2.81683 2.02198 1.7422 0.957252 1.9223 2.9212 -0.0221573 
-2.16453 0.006818 -1.53162 -1.39355 0.56578 0.609455 0.861643 1.25692 -1.55963 -1.37502 -0.377671 0.770983 -1.58158 -2.16716 -1.7031 2.89969 -2.61464 0.468448 0.283283 0.436323 -1.42642 -3.73189 1.02894 2.88998 1.96559 1.70872 1.02693 1.87722 2.95176 0.0556528 
-2.15213 -0.00974832 -1.55459 -1.38953 0.581096 0.57083 0.876232 1.20488 -1.61265 -1.33088 -0.322123 0.75809 -1.57794 -2.27013 -1.69987 2.89654 -2.64725 0.495435 0.313947 0.422566 -1.43854 -3.71012 0.995707 2.87778 1.95754 1.74059 1.00421 1.92026 2.9462 0.0978037 
-2.14825 0.0308524 -1.56671 -1.39302 0.645092 0.559861 0.898015 1.12167 -1.63816 -1.29063 -0.274441 0.751153 -1.55878 -2.28686 -1.69697 2.90188 -2.65704 0.531655 0.266634 0.395843 -1.43742 -3.69056 0.935726 2.84637 1.95553 1.80953 0.945857 1.97753 2.9569 0.142033 
-2.12704 0.098405 -1.56669 -1.40134 0.713414 0.555444 0.90698 1.03518 -1.62864 -1.27133 -0.24807 0.732138 -1.56512 -2.22668 -1.68797 2.924 -2.64522 0.57868 0.20369 0.392774 -1.43197 -3.66647 0.867564 2.82417 1.96535 1.84694 0.894571 2.03795 2.95406 0.138206 
-2.11759 0.146664 -1.55674 -1.40692 0.748342 0.541963 0.89425 0.941773 -1.60409 -1.22612 -0.25218 0.719917 -1.54827 -2.15734 -1.69205 2.93739 -2.64426 0.62723 0.134144 0.362348 -1.43229 -3.6705 0.799192 2.80579 1.9551 1.85995 0.874999 2.09373 2.94587 0.112905 
-2.1185 0.191 -1.54682 -1.40322 0.776765 0.524326 0.873505 0.844062 -1.58576 -1.16676 -0.258823 0.702291 -1.52061 -2.09273 -1.7062 2.94301 -2.65658 0.684082 0.0453071 0.308652 -1.43101 -3.68601 0.753696 2.7874 1.93598 1.85437 0.881509 2.14964 2.94402 0.0952859 
-2.10608 0.237611 -1.53695 -1.42054 0.76813 0.527888 0.866004 0.747971 -1.55468 -1.12272 -0.285658 0.684656 -1.48711 -2.00262 -1.72595 2.96121 -2.65861 0.727656 -0.0432266 0.272776 -1.43245 -3.68575 0.721564 2.75464 1.91552 1.86324 0.876895 2.19174 2.9316 0.076068 
