Mean 0 Mean 1 Mean 2 Mean 3 Mean 4 Mean 5 Mean 6 Mean 7 Mean 8 Mean 9 Mean 10 Mean 11 Mean 12 Mean 13 Mean 14 Mean 15 Mean 16 Mean 17 Mean 18 Mean 19 Mean 20 Mean 21 Mean 22 Mean 23 Mean 24 Mean 25 Mean 26 Mean 27 Mean 28 Mean 29 
0.957974 -1.05044 -2.01141 0.895745 2.32651 -2.26594 1.12168 -2.20297 1.10927 -1.50715 -1.09979 2.18079 -1.01159 0.876559 0.964434 -0.366709 -0.404031 -0.00801541 -2.77064 1.06255 2.88662 -0.218549 0.763735 2.39918 2.84383 -1.12478 -2.53418 -0.440707 -2.03473 0.27811 
0.955571 -1.04268 -2.02671 0.899496 2.33331 -2.26124 1.13411 -2.22131 1.10653 -1.52336 -1.10268 2.1463 -1.03409 0.882459 0.971025 -0.367131 -0.399003 -0.0060663 -2.77394 1.05875 2.8802 -0.205931 0.761301 2.41058 2.84047 -2.11409 -2.5199 -0.432463 -2.01816 0.275141 
0.954161 -1.04465 -2.03951 0.900125 2.33443 -2.26279 1.13959 -2.24453 1.10511 -1.53157 -1.10193 2.12316 -1.05378 0.886834 0.974562 -0.366645 -0.39302 -0.00477696 -2.77185 1.05189 2.87131 -0.19477 0.756767 2.42095 2.83849 -2.43298 -2.51069 -0.424277 -2.00618 0.270994 
0.955148 -1.04854 -2.04153 0.901901 2.33569 -2.26362 1.14574 -2.25744 1.09974 -1.53221 -1.10154 2.11196 -1.06666 0.890104 0.974124 -0.361975 -0.394875 -0.003534 -2.77432 1.04912 2.86659 -0.198442 0.750052 2.42546 2.83957 -2.59062 -2.50741 -0.415978 -1.99178 0.274127 
0.9557 -1.04657 -2.0298 0.899257 2.33126 -2.26547 1.1467 -2.2657 1.09549 -1.533 -1.09031 2.10026 -1.06719 0.889622 0.969884 -0.361057 -0.393826 -0.00504927 -2.78018 1.04211 2.86669 -0.201662 0.747517 2.42751 2.83454 -2.69151 -2.51214 -0.415028 -1.9868 0.281762 
0.956927 -1.05343 -2.01914 0.891692 2.33295 -2.26497 1.14143 -2.26291 1.074 -1.53528 -1.08062 2.09722 -1.07113 0.898224 0.966018 -0.366185 -0.400306 -0.0043612 -2.78722 1.03388 2.85784 -0.191482 0.7551 2.42523 2.83537 -2.75235 -2.51106 -0.415275 -1.97896 0.284348 
0.952415 -1.05432 -2.01334 0.886618 2.33092 -2.25981 1.13898 -2.26068 1.06417 -1.53494 -1.07331 2.09404 -1.0718 0.903662 0.961982 -0.36633 -0.411052 -0.00495346 -2.79633 1.0226 2.85697 -0.18232 0.756549 2.43347 2.84147 -2.80244 -2.51424 -0.413502 -1.96962 0.283246 
0.954798 -1.05819 -1.99985 0.871663 2.33141 -2.26078 1.1318 -2.2535 1.04273 -1.52922 -1.06266 2.0867 -1.08104 0.905171 0.948909 -0.362997 -0.425611 -0.019447 -2.8139 1.01475 2.84641 -0.16795 0.756049 2.44081 2.84029 -2.83704 -2.51594 -0.415709 -1.95832 0.280714 
0.945708 -1.054 -1.99444 0.857503 2.32162 -2.26667 1.12176 -2.24841 1.03651 -1.52346 -1.05263 2.07409 -1.07969 0.902998 0.931806 -0.361891 -0.430121 -0.0344218 -2.83428 1.01514 2.84107 -0.160702 0.762458 2.4427 2.83849 -2.85576 -2.52575 -0.41918 -1.94934 0.277413 
0.945022 -1.05008 -1.97678 0.83925 2.31633 -2.26769 1.10659 -2.2331 1.0346 -1.51824 -1.03256 2.05513 -1.07947 0.897046 0.905772 -0.358955 -0.427409 -0.0607051 -2.8626 1.00176 2.83534 -0.143428 0.767456 2.44367 2.8311 -2.86743 -2.53889 -0.43111 -1.94105 0.290214 
0.925347 -1.05373 -1.97397 0.832726 2.30244 -2.26231 1.09299 -2.23027 1.02378 -1.50884 -1.02918 2.05148 -1.08771 0.900036 0.899202 -0.350571 -0.430036 -0.0497616 -2.8692 1.01746 2.83448 -0.158579 0.773334 2.44008 2.83069 -2.87685 -2.53136 -0.434142 -1.91699 0.285826 
0.91611 -1.05534 -1.96031 0.822852 2.29003 -2.2552 1.0786 -2.21619 1.00891 -1.50301 -1.01263 2.04133 -1.1002 0.897934 0.886607 -0.344059 -0.431057 -0.0444149 -2.86514 1.02969 2.82221 -0.183804 0.776428 2.43797 2.82773 -2.86931 -2.51209 -0.441532 -1.88468 0.272037 
0.903109 -1.06388 -1.95164 0.817686 2.28279 -2.24774 1.06804 -2.20685 1.00202 -1.49693 -1.00545 2.03456 -1.09884 0.900435 0.874504 -0.343647 -0.435028 -0.0312046 -2.87135 1.02826 2.81763 -0.200985 0.772064 2.43368 2.83801 -2.87211 -2.50545 -0.439481 -1.86144 0.261403 
0.899665 -1.07809 -1.93885 0.825357 2.2973 -2.24484 1.05479 -2.20241 1.02032 -1.48978 -0.999763 2.02843 -1.10046 0.896933 0.866293 -0.335638 -0.455134 -0.0121241 -2.88164 1.03906 2.81635 -0.218181 0.750389 2.42337 2.85424 -2.87167 -2.50482 -0.436451 -1.85226 0.257328 
0.885076 -1.08504 -1.92291 0.836734 2.306 -2.25011 1.03177 -2.20445 1.02875 -1.47098 -1.00146 2.03407 -1.09911 0.886688 0.846968 -0.333111 -0.468839 -0.00969505 -2.89382 1.04477 2.81853 -0.227517 0.740942 2.41736 2.84503 -2.88429 -2.50747 -0.431065 -1.83709 0.245155 
0.867421 -1.0959 -1.91499 0.84474 2.29723 -2.25454 0.998064 -2.20247 1.02342 -1.45135 -1.0048 2.03391 -1.11871 0.880367 0.826853 -0.336524 -0.473035 -0.00244211 -2.91013 1.04992 2.82506 -0.243084 0.738133 2.41225 2.81269 -2.91442 -2.4905 -0.430066 -1.80714 0.245675 
0.850312 -1.12262 -1.90973 0.847933 2.26278 -2.25535 0.942403 -2.20318 1.01376 -1.44044 -0.987288 2.01054 -1.1252 0.876266 0.814078 -0.346109 -0.482126 0.0148638 -2.92792 1.0547 2.82879 -0.274106 0.723948 2.3976 2.8101 -2.94443 -2.45198 -0.409308 -1.76688 0.261654 
0.831959 -1.15561 -1.90322 0.840942 2.2136 -2.24906 0.891347 -2.19607 1.00417 -1.42711 -0.959197 1.98232 -1.11888 0.872572 0.807235 -0.363607 -0.495747 0.0266626 -2.92876 1.05732 2.82227 -0.305286 0.711632 2.38614 2.81936 -2.94729 -2.41417 -0.386319 -1.73535 0.289141 
0.810793 -1.19013 -1.90385 0.838077 2.1414 -2.22604 0.842066 -2.18998 1.03358 -1.40534 -0.935065 1.9688 -1.08206 0.859289 0.806601 -0.38593 -0.513262 0.0308479 -2.91643 1.06306 2.81831 -0.336166 0.703897 2.40533 2.81729 -2.93698 -2.39914 -0.357278 -1.7374 0.291115 
0.809022 -1.19789 -1.90934 0.833152 2.11958 -2.22222 0.843073 -2.21477 1.03133 -1.39986 -0.919136 1.95753 -1.0762 0.873381 0.809786 -0.383271 -0.519826 0.0403202 -2.90915 1.07771 2.82703 -0.343862 0.69675 2.39981 2.81715 -2.94589 -2.39687 -0.354007 -1.7219 0.297172 
0.809 -1.20094 -1.91277 0.837826 2.11132 -2.22536 0.85298 -2.23781 1.04109 -1.38675 -0.913375 1.95052 -1.06432 0.887604 0.809528 -0.375068 -0.530094 0.0576349 -2.90618 1.10061 2.84471 -0.354731 0.686304 2.39624 2.81259 -2.93999 -2.41544 -0.353187 -1.72178 0.288539 
0.80718 -1.1847 -1.92691 0.836256 2.11149 -2.23789 0.858287 -2.27695 1.05321 -1.37175 -0.898615 1.94564 -1.05296 0.90545 0.805069 -0.373536 -0.542722 0.0600441 -2.89749 1.10112 2.85185 -0.344357 0.674343 2.38411 2.82028 -2.93885 -2.42585 -0.345408 -1.7143 0.275909 
0.808436 -1.16 -1.96105 0.829191 2.12797 -2.26733 0.870212 -2.29614 1.05445 -1.37474 -0.882156 1.94666 -1.0616 0.91048 0.790742 -0.375794 -0.558154 0.0599513 -2.91271 1.07172 2.85324 -0.315434 0.675792 2.3612 2.81326 -2.95294 -2.4297 -0.334021 -1.70205 0.248082 
0.804204 -1.13796 -1.97412 0.82739 2.14621 -2.27292 0.883741 -2.33676 1.0661 -1.37747 -0.879038 1.96631 -1.04917 0.923962 0.782818 -0.386881 -0.57034 0.0584715 -2.89158 1.05188 2.85213 -0.305167 0.676602 2.34547 2.80361 -2.94475 -2.4501 -0.319673 -1.69696 0.216267 
0.80125 -1.12569 -1.97868 0.821103 2.16259 -2.28073 0.893044 -2.36641 1.06975 -1.37642 -0.868129 1.98145 -1.04774 0.93241 0.776434 -0.396504 -0.58374 0.0525104 -2.87672 1.04451 2.85158 -0.299242 0.677401 2.34003 2.7888 -2.95311 -2.47408 -0.30941 -1.69326 0.189527 
0.80143 -1.13426 -1.97489 0.814715 2.18478 -2.31018 0.879608 -2.39678 1.07367 -1.36808 -0.862019 1.98714 -1.0444 0.939101 0.769978 -0.404651 -0.594786 0.0529448 -2.88526 1.05845 2.84755 -0.284013 0.678576 2.33373 2.77109 -2.97267 -2.49961 -0.303185 -1.68859 0.180258 
0.805059 -1.15183 -1.97323 0.810898 2.18577 -2.3431 0.878372 -2.40697 1.05808 -1.37018 -0.852823 1.99541 -1.04921 0.935977 0.786253 -0.390881 -0.589276 0.0482379 -2.88384 1.06852 2.84257 -0.272367 0.693134 2.34196 2.75371 -2.98755 -2.51117 -0.310218 -1.68437 0.187439 
0.798726 -1.16183 -1.97567 0.816246 2.18986 -2.3686 0.888317 -2.40093 1.05082 -1.36979 -0.855201 1.99103 -1.05472 0.925574 0.787363 -0.359915 -0.59349 0.0448442 -2.89122 1.07255 2.85117 -0.278656 0.699965 2.3485 2.75917 -2.98226 -2.51493 -0.321049 -1.68968 0.206475 
0.806867 -1.1724 -1.97711 0.829216 2.20246 -2.38039 0.894048 -2.37506 1.05495 -1.35721 -0.853393 1.98738 -1.05475 0.893034 0.784942 -0.332483 -0.607884 0.0442776 -2.89087 1.06573 2.85474 -0.300874 0.691179 2.36132 2.77247 -2.9814 -2.51727 -0.344457 -1.70005 0.222097 
0.827185 -1.16979 -1.98674 0.844754 2.21802 -2.39571 0.896635 -2.367 1.07021 -1.347 -0.850041 1.98248 -1.0581 0.895305 0.767386 -0.314974 -0.614316 0.0444693 -2.90186 1.05387 2.86774 -0.31727 0.676499 2.35645 2.79544 -2.97323 -2.50013 -0.358817 -1.70136 0.246921 
0.843878 -1.17465 -1.98897 0.853632 2.23091 -2.40176 0.900629 -2.35321 1.08296 -1.34201 -0.855104 1.97538 -1.05509 0.908962 0.745776 -0.297151 -0.616154 0.0541458 -2.92606 1.04619 2.889 -0.332789 0.661989 2.35892 2.81097 -2.96171 -2.47627 -0.374927 -1.70925 0.267085 
0.860268 -1.16583 -1.98022 0.855255 2.23084 -2.4004 0.900507 -2.35584 1.08988 -1.33088 -0.852656 1.98012 -1.04472 0.924011 0.735285 -0.29196 -0.616835 0.0645338 -2.94108 1.0349 2.89761 -0.350031 0.658437 2.37919 2.82952 -2.93977 -2.44287 -0.375118 -1.71607 0.298306 
0.868299 -1.14752 -1.93321 0.861006 2.24582 -2.41316 0.897042 -2.40715 1.09688 -1.30823 -0.85032 1.99247 -1.01488 0.929552 0.720292 -0.287891 -0.627164 0.0783081 -2.97304 1.01384 2.92026 -0.358023 0.66238 2.39855 2.82919 -2.93369 -2.41765 -0.383162 -1.72678 0.324463 
0.881735 -1.15557 -1.89497 0.852288 2.2521 -2.40802 0.907851 -2.4266 1.09021 -1.30546 -0.810579 1.95859 -0.981798 0.936573 0.698474 -0.30103 -0.632774 0.109297 -3.02636 0.99587 2.9086 -0.372448 0.650805 2.41539 2.8023 -2.91994 -2.40437 -0.392133 -1.72566 0.34595 
0.939815 -1.1557 -1.85464 0.874512 2.26218 -2.39363 0.952314 -2.4468 1.08213 -1.31094 -0.744361 1.91635 -0.950031 0.946171 0.676301 -0.341744 -0.623661 0.116352 -3.08262 0.978275 2.82339 -0.377804 0.631546 2.4524 2.75521 -2.91898 -2.38228 -0.376699 -1.70063 0.35613 
0.991375 -1.14419 -1.79376 0.895009 2.24842 -2.32664 0.99807 -2.45552 1.05901 -1.31493 -0.68261 1.89657 -0.900924 0.968679 0.682056 -0.38715 -0.620064 0.115128 -3.13026 0.963737 2.744 -0.39622 0.621581 2.50597 2.73141 -2.91391 -2.34797 -0.333088 -1.66899 0.359522 
1.01853 -1.13682 -1.75971 0.908167 2.21046 -2.27987 1.03179 -2.44199 1.03554 -1.31564 -0.631617 1.89525 -0.870833 0.991461 0.694146 -0.40728 -0.619334 0.103898 -3.14594 0.949295 2.69348 -0.430485 0.629429 2.54901 2.71193 -2.90065 -2.32246 -0.311666 -1.63229 0.376327 
1.0408 -1.12957 -1.73391 0.920848 2.19774 -2.24392 1.07111 -2.44185 1.01028 -1.33165 -0.60759 1.8935 -0.845321 1.00627 0.697597 -0.395955 -0.615132 0.107452 -3.15921 0.933559 2.64969 -0.436645 0.603628 2.56566 2.6837 -2.89938 -2.3121 -0.275025 -1.60315 0.387035 
1.00242 -1.09863 -1.72934 0.96481 2.20465 -2.22464 1.07405 -2.42517 0.969639 -1.34627 -0.613405 1.87814 -0.7674 0.994905 0.708321 -0.371419 -0.583995 0.144227 -3.14014 0.940731 2.59114 -0.391381 0.603651 2.55337 2.62465 -2.879 -2.25478 -0.237222 -1.64568 0.355326 
0.907345 -1.04451 -1.7547 1.03274 2.22359 -2.20442 1.05556 -2.41397 0.910327 -1.36399 -0.635711 1.85785 -0.621949 0.96947 0.761219 -0.330634 -0.518978 0.190308 -3.0699 0.975998 2.52817 -0.305254 0.617571 2.53457 2.53818 -2.86701 -2.11116 -0.186626 -1.74234 0.265724 
