Mean 0 Mean 1 Mean 2 Mean 3 Mean 4 Mean 5 Mean 6 Mean 7 Mean 8 Mean 9 Mean 10 Mean 11 Mean 12 Mean 13 Mean 14 Mean 15 Mean 16 Mean 17 Mean 18 Mean 19 Mean 20 Mean 21 Mean 22 Mean 23 Mean 24 Mean 25 Mean 26 Mean 27 Mean 28 Mean 29 
1.05522 1.08031 -2.55414 1.06672 2.36917 -1.13607 0.863256 1.08067 -1.27791 -2.46037 2.46841 2.36258 0.931314 -1.11259 -2.44599 2.68746 2.93242 2.82521 2.93621 -1.80539 1.86038 -2.50372 2.70668 -0.875891 2.92347 -0.226078 -2.23627 0.511729 2.5625 2.58999 
1.05569 1.07947 -2.54648 1.0572 2.36282 -1.14678 0.872195 1.09307 -1.28584 -2.46454 2.46169 2.34722 0.930352 -1.12631 -2.43021 2.75623 2.93129 2.8331 2.9414 -1.79725 1.85911 -2.50722 2.708 -0.870555 2.92108 -0.214631 -2.22409 0.523422 2.556 2.58845 
1.05577 1.07349 -2.54092 1.05018 2.37373 -1.141 0.86367 1.10446 -1.29603 -2.46357 2.47289 2.34547 0.941067 -1.12444 -2.42813 2.78504 2.93561 2.82483 2.94071 -1.80265 1.85303 -2.50668 2.70389 -0.862446 2.91693 -0.222003 -2.23341 0.518204 2.55379 2.58822 
1.055 1.06323 -2.54402 1.0467 2.38245 -1.13115 0.851248 1.107 -1.30582 -2.45665 2.49721 2.35015 0.953499 -1.12488 -2.44113 2.81132 2.93482 2.82042 2.94087 -1.80765 1.84778 -2.50203 2.69108 -0.856026 2.89389 -0.230506 -2.23873 0.518683 2.56309 2.57783 
1.05645 1.06164 -2.53616 1.04137 2.37593 -1.12872 0.846843 1.10543 -1.32498 -2.4548 2.50341 2.35528 0.956222 -1.12976 -2.4439 2.82019 2.9332 2.8243 2.93563 -1.81314 1.84983 -2.5052 2.68382 -0.843729 2.88951 -0.242765 -2.23899 0.528798 2.57054 2.5742 
1.05331 1.06531 -2.53556 1.0324 2.37903 -1.11804 0.848458 1.11159 -1.34576 -2.44736 2.49973 2.35651 0.961099 -1.13396 -2.45495 2.8446 2.93103 2.82109 2.92459 -1.82145 1.85185 -2.52143 2.66917 -0.832963 2.87762 -0.244665 -2.24595 0.53074 2.57146 2.5663 
1.04839 1.06841 -2.53034 1.01833 2.38196 -1.10304 0.853954 1.10981 -1.36224 -2.43653 2.51694 2.33665 0.960984 -1.14115 -2.46853 2.87391 2.91587 2.81733 2.9181 -1.82095 1.85482 -2.53853 2.65148 -0.819459 2.85481 -0.243341 -2.2389 0.531363 2.58775 2.56062 
1.04534 1.0688 -2.51996 1.01187 2.37817 -1.09005 0.854956 1.10722 -1.37204 -2.42604 2.52302 2.3265 0.957945 -1.14724 -2.48112 2.8935 2.90818 2.81799 2.90059 -1.82283 1.85727 -2.54116 2.64092 -0.816274 2.84313 -0.252358 -2.22958 0.535157 2.60776 2.55526 
1.03831 1.0628 -2.49401 0.974809 2.37595 -1.07003 0.85937 1.10802 -1.41149 -2.41251 2.51758 2.3112 0.943004 -1.16283 -2.45219 2.9511 2.885 2.82006 2.87542 -1.81868 1.85214 -2.54929 2.62575 -0.827366 2.8348 -0.265541 -2.21094 0.560807 2.60142 2.57344 
1.02894 1.06159 -2.47994 0.952189 2.3655 -1.05913 0.858349 1.11254 -1.42342 -2.39748 2.51148 2.30383 0.93636 -1.16515 -2.44258 2.97856 2.87886 2.81961 2.85705 -1.82001 1.84698 -2.55472 2.62087 -0.826695 2.8342 -0.272476 -2.20491 0.573941 2.60617 2.57539 
1.02314 1.05265 -2.47945 0.929312 2.35873 -1.04917 0.855671 1.124 -1.45148 -2.38313 2.51159 2.30047 0.933335 -1.16919 -2.43918 3.00481 2.85706 2.80834 2.83162 -1.8205 1.8388 -2.56364 2.61328 -0.835503 2.83091 -0.281364 -2.19476 0.578999 2.61323 2.5815 
1.02102 1.04908 -2.48234 0.908189 2.3393 -1.03508 0.853174 1.13091 -1.46082 -2.37316 2.49723 2.30256 0.934475 -1.17685 -2.44139 3.01663 2.85499 2.79988 2.80489 -1.81731 1.83745 -2.5729 2.60248 -0.834603 2.82263 -0.292304 -2.18657 0.572685 2.62689 2.58952 
1.01268 1.04447 -2.48201 0.893911 2.32189 -1.03316 0.845226 1.12604 -1.46988 -2.37164 2.48067 2.32162 0.951212 -1.16993 -2.44145 3.00696 2.86435 2.80349 2.79105 -1.84012 1.83599 -2.56319 2.59065 -0.829222 2.83153 -0.280455 -2.22773 0.555265 2.641 2.59257 
1.00967 1.03633 -2.48344 0.875674 2.31087 -1.03862 0.83799 1.10948 -1.46919 -2.37222 2.46259 2.34313 0.969951 -1.16002 -2.43181 2.99427 2.87496 2.81586 2.7817 -1.8644 1.8304 -2.55 2.56904 -0.829154 2.85232 -0.259971 -2.2741 0.543084 2.64827 2.59335 
1.00021 1.02234 -2.48401 0.862324 2.30311 -1.04061 0.824959 1.09685 -1.4728 -2.3733 2.44562 2.36049 0.982567 -1.15928 -2.42387 3.00331 2.87242 2.83309 2.76848 -1.87058 1.83365 -2.54529 2.54204 -0.841395 2.86918 -0.241485 -2.29826 0.542965 2.65663 2.59288 
0.998923 1.00481 -2.47856 0.86131 2.30353 -1.05555 0.821124 1.09298 -1.48182 -2.37262 2.42997 2.37245 0.977519 -1.16065 -2.42136 3.00683 2.87265 2.85947 2.76295 -1.88017 1.83833 -2.53672 2.51791 -0.846956 2.88527 -0.234482 -2.33699 0.53213 2.65782 2.59509 
0.989702 0.996926 -2.48619 0.864949 2.28588 -1.07814 0.800677 1.08376 -1.49242 -2.3642 2.43016 2.36686 0.987958 -1.15266 -2.42848 3.01384 2.87105 2.86517 2.75738 -1.8927 1.84798 -2.53316 2.51161 -0.842102 2.87844 -0.233534 -2.36264 0.532893 2.66812 2.58987 
0.985842 0.995098 -2.4898 0.873217 2.28359 -1.11085 0.775357 1.07163 -1.4933 -2.35499 2.43065 2.35678 0.991796 -1.13109 -2.43187 3.01864 2.87019 2.87241 2.75776 -1.9138 1.85818 -2.53027 2.49211 -0.835844 2.86976 -0.235199 -2.38588 0.529343 2.6824 2.57252 
0.970977 0.984969 -2.50231 0.881003 2.25458 -1.13356 0.741056 1.07144 -1.46443 -2.34066 2.42819 2.351 1.00944 -1.12727 -2.43992 3.00884 2.85459 2.87443 2.75308 -1.91288 1.8582 -2.53683 2.4744 -0.828649 2.86256 -0.22583 -2.39447 0.529252 2.69343 2.54548 
0.953055 0.973323 -2.51303 0.887141 2.22449 -1.15483 0.713776 1.08316 -1.43643 -2.32721 2.4211 2.35099 1.0205 -1.11783 -2.45157 2.99182 2.83731 2.87441 2.75249 -1.89964 1.85705 -2.54729 2.46503 -0.815316 2.84609 -0.22856 -2.41031 0.519281 2.71009 2.52548 
0.948701 0.952899 -2.51373 0.888954 2.19976 -1.1733 0.702391 1.11068 -1.4032 -2.31311 2.43448 2.35091 1.02089 -1.1243 -2.45808 2.96847 2.81352 2.87146 2.74344 -1.86725 1.8426 -2.56425 2.45803 -0.807435 2.85827 -0.233525 -2.42294 0.505134 2.72294 2.52322 
0.954901 0.936381 -2.50559 0.89436 2.20252 -1.20444 0.706033 1.11627 -1.38584 -2.3036 2.44742 2.36661 1.00067 -1.10727 -2.46243 2.94778 2.79477 2.87941 2.73751 -1.84134 1.83058 -2.56827 2.44439 -0.812191 2.87711 -0.254223 -2.46094 0.483984 2.7419 2.5262 
0.969368 0.924908 -2.48828 0.886345 2.21941 -1.21906 0.715065 1.10707 -1.3778 -2.29703 2.46739 2.36886 0.981357 -1.09033 -2.46251 2.93873 2.7854 2.88229 2.72847 -1.81422 1.80883 -2.58242 2.4261 -0.807266 2.88624 -0.273639 -2.48054 0.469479 2.75866 2.53574 
0.994446 0.917524 -2.48457 0.882806 2.22686 -1.23848 0.728779 1.09152 -1.34805 -2.27473 2.50138 2.35855 0.979303 -1.07562 -2.46058 2.93719 2.76827 2.87731 2.70649 -1.79912 1.77968 -2.59408 2.40592 -0.798683 2.90553 -0.279439 -2.48501 0.457155 2.76807 2.52623 
0.986032 0.924834 -2.50995 0.896492 2.24816 -1.25926 0.729927 1.08079 -1.33491 -2.25796 2.52617 2.35013 0.974757 -1.08103 -2.45815 2.93974 2.76404 2.86776 2.68194 -1.80724 1.77441 -2.60822 2.40328 -0.805713 2.90897 -0.27642 -2.4922 0.466459 2.79205 2.5089 
0.990924 0.947857 -2.53209 0.899886 2.28038 -1.28037 0.712498 1.07622 -1.32004 -2.2496 2.53052 2.34825 0.956459 -1.0911 -2.46394 2.94722 2.76376 2.85599 2.6573 -1.79567 1.76283 -2.59896 2.40885 -0.817468 2.90819 -0.272987 -2.50486 0.486679 2.80995 2.5182 
0.994444 0.985352 -2.55708 0.902327 2.30067 -1.28381 0.704991 1.0733 -1.3094 -2.24772 2.52686 2.34919 0.932302 -1.08084 -2.46667 2.94689 2.78521 2.83559 2.63223 -1.79336 1.74321 -2.60345 2.42585 -0.819081 2.91234 -0.258077 -2.52327 0.497458 2.81913 2.52428 
1.00172 0.998361 -2.55917 0.901815 2.30974 -1.29349 0.698643 1.06309 -1.32379 -2.23671 2.52383 2.37094 0.927524 -1.07809 -2.46535 2.96436 2.79476 2.82299 2.64689 -1.80703 1.7645 -2.63672 2.40518 -0.848712 2.90507 -0.26908 -2.53066 0.495035 2.83965 2.52646 
1.01311 1.00484 -2.54266 0.881689 2.33408 -1.30627 0.698376 1.05914 -1.32921 -2.21951 2.5138 2.38228 0.950055 -1.06204 -2.47635 2.96931 2.79604 2.83505 2.65263 -1.82653 1.78103 -2.6577 2.38302 -0.872191 2.90063 -0.273933 -2.54255 0.496821 2.85182 2.52882 
1.0132 1.02372 -2.54395 0.869804 2.35338 -1.3218 0.691476 1.04663 -1.32799 -2.20077 2.48501 2.38591 0.990495 -1.04231 -2.48358 2.97955 2.7851 2.85216 2.65103 -1.83442 1.81304 -2.66568 2.36729 -0.901395 2.89318 -0.269754 -2.5484 0.496605 2.85634 2.53384 
1.00283 1.05002 -2.55596 0.855021 2.3757 -1.33087 0.695733 1.05453 -1.326 -2.17715 2.4559 2.38685 1.07399 -1.03047 -2.50031 2.97346 2.74832 2.87736 2.64 -1.84605 1.86276 -2.66413 2.362 -0.926533 2.88129 -0.272733 -2.56418 0.471986 2.84644 2.555 
1.02241 1.08198 -2.54702 0.85707 2.39711 -1.34417 0.681327 1.02819 -1.31235 -2.16111 2.44398 2.38676 1.13429 -1.03001 -2.50383 2.98012 2.7264 2.90403 2.62201 -1.8473 1.88207 -2.66798 2.36179 -0.949865 2.83612 -0.27253 -2.54994 0.503759 2.83547 2.54572 
1.03036 1.09275 -2.51998 0.861233 2.40987 -1.38055 0.655221 1.00748 -1.32091 -2.1221 2.44257 2.38078 1.15711 -1.04834 -2.53773 2.98023 2.7109 2.92658 2.5621 -1.84493 1.8756 -2.71344 2.34933 -0.960128 2.76396 -0.301511 -2.4909 0.554228 2.84022 2.5485 
1.03807 1.09385 -2.48715 0.859196 2.42952 -1.42487 0.622285 1.00611 -1.3324 -2.08502 2.44782 2.3729 1.15123 -1.07131 -2.57027 2.96354 2.69924 2.94012 2.49756 -1.83817 1.84837 -2.75446 2.33433 -0.960678 2.68782 -0.340514 -2.42923 0.595949 2.8469 2.55703 
1.05653 1.11649 -2.48234 0.839596 2.44621 -1.41559 0.591705 1.01767 -1.33499 -2.04221 2.45373 2.38325 1.15568 -1.09719 -2.55284 2.94229 2.68168 2.92152 2.44047 -1.85745 1.83976 -2.8223 2.33078 -0.954786 2.65387 -0.348348 -2.37057 0.621031 2.8556 2.54299 
1.08236 1.15393 -2.49878 0.805627 2.45143 -1.38462 0.556771 1.0412 -1.32465 -2.00034 2.45325 2.40477 1.15286 -1.11195 -2.5257 2.90573 2.6659 2.90411 2.38768 -1.86481 1.83365 -2.87827 2.33283 -0.95517 2.64581 -0.340061 -2.31727 0.638567 2.8817 2.52643 
1.09889 1.19414 -2.50927 0.767969 2.4542 -1.33695 0.534374 1.04899 -1.31841 -1.96161 2.44723 2.44435 1.17059 -1.1111 -2.49417 2.88008 2.6446 2.88403 2.35876 -1.87612 1.83266 -2.92097 2.351 -0.952238 2.65625 -0.328923 -2.27378 0.662717 2.91117 2.50161 
1.0949 1.20744 -2.51124 0.726011 2.47523 -1.30213 0.541565 1.03233 -1.34193 -1.9575 2.43224 2.48317 1.20055 -1.11974 -2.46133 2.8807 2.63958 2.87519 2.35575 -1.88779 1.81729 -2.92428 2.36572 -0.945896 2.65509 -0.323741 -2.24215 0.674175 2.91553 2.49006 
1.10235 1.24641 -2.50091 0.675112 2.47086 -1.25765 0.580228 1.01307 -1.37271 -1.94387 2.41451 2.52167 1.21494 -1.12849 -2.41169 2.93036 2.63951 2.87194 2.3444 -1.90033 1.7992 -2.94272 2.37342 -0.953762 2.68069 -0.302584 -2.21343 0.684905 2.92141 2.46396 
1.10858 1.28153 -2.4857 0.599522 2.48027 -1.23231 0.619628 0.982317 -1.39442 -1.91128 2.41099 2.53854 1.20466 -1.12706 -2.36503 2.95115 2.67776 2.87655 2.30259 -1.92821 1.77761 -2.96153 2.35807 -0.962738 2.68207 -0.283513 -2.17978 0.708767 2.9538 2.39984 
