Mean 0 Mean 1 Mean 2 Mean 3 Mean 4 Mean 5 Mean 6 Mean 7 Mean 8 Mean 9 Mean 10 Mean 11 Mean 12 Mean 13 Mean 14 Mean 15 Mean 16 Mean 17 Mean 18 Mean 19 Mean 20 Mean 21 Mean 22 Mean 23 Mean 24 Mean 25 Mean 26 Mean 27 Mean 28 Mean 29 
0.911516 -1.93058 -1.43663 -2.62868 2.38291 1.13707 0.922368 0.860526 -1.56329 -1.51027 -0.773709 2.46051 -1.45305 1.07398 -1.49578 0.656035 -2.10464 2.86512 2.81234 -0.337614 0.322951 -2.12905 0.792439 3.00616 2.95005 -0.757612 -2.6504 2.95048 -2.10472 0.403049 
0.926867 -1.91341 -1.44652 -2.62913 2.38089 1.12223 0.909692 0.864737 -1.54895 -1.48584 -0.767875 2.47198 -1.46373 1.08544 -1.47823 0.615692 -2.6358 2.88731 2.8079 -0.325318 0.350176 -2.10971 0.767991 3.0014 2.94201 -0.764011 -2.65359 3.00891 -2.6216 0.390255 
0.964911 -1.84782 -1.46822 -2.57506 2.36165 1.09409 0.897669 0.902083 -1.51507 -1.40905 -0.760437 2.49464 -1.492 1.11163 -1.45937 0.570091 -2.8476 2.84008 2.81449 -0.325305 0.363552 -2.12779 0.695626 2.93999 2.90619 -0.803205 -2.60929 3.06225 -2.80758 0.400324 
0.987919 -1.87069 -1.48914 -2.58578 2.32227 1.06877 0.882976 0.873761 -1.52877 -1.43223 -0.776062 2.48823 -1.47524 1.116 -1.47743 0.59121 -2.95329 2.89641 2.81162 -0.343313 0.391654 -2.12097 0.720381 3.00001 2.9782 -0.795989 -2.62496 3.0806 -2.93351 0.410115 
0.930768 -1.89917 -1.46625 -2.5764 2.33256 1.04247 0.872086 0.877205 -1.54247 -1.40767 -0.772608 2.44432 -1.49012 1.10495 -1.48763 0.609197 -2.98055 2.85967 2.82138 -0.335757 0.403651 -2.09019 0.698793 3.01396 2.99879 -0.864974 -2.62742 3.10482 -2.96777 0.417229 
0.938746 -1.88847 -1.45496 -2.57797 2.33862 1.02983 0.885375 0.880001 -1.55092 -1.37311 -0.757605 2.42202 -1.48989 1.09837 -1.46898 0.599756 -3.02006 2.84933 2.85256 -0.32193 0.414869 -2.1108 0.661446 3.01553 2.98661 -0.874818 -2.59093 3.08546 -3.01295 0.435546 
0.958343 -1.85567 -1.45536 -2.59271 2.35118 1.01877 0.901741 0.875236 -1.56752 -1.341 -0.74021 2.40136 -1.48192 1.09047 -1.42828 0.602731 -3.06848 2.85437 2.8868 -0.292 0.433511 -2.17436 0.606488 3.02831 2.94283 -0.851678 -2.51822 3.04475 -3.05445 0.486913 
0.965777 -1.8225 -1.45208 -2.61537 2.36686 1.00309 0.914868 0.860408 -1.58943 -1.32033 -0.725783 2.38715 -1.46687 1.09107 -1.41517 0.609169 -3.11178 2.86821 2.9028 -0.266892 0.448656 -2.22776 0.572747 3.04824 2.90745 -0.825611 -2.45006 3.01525 -3.07352 0.533689 
0.96864 -1.7968 -1.44093 -2.63428 2.37553 0.978108 0.925447 0.854514 -1.62065 -1.29781 -0.718676 2.37865 -1.44833 1.08685 -1.40628 0.621804 -3.13999 2.87129 2.91201 -0.242385 0.469378 -2.27243 0.539146 3.06772 2.87605 -0.820827 -2.3886 2.99952 -3.07163 0.584325 
0.982979 -1.78305 -1.44359 -2.63375 2.39302 0.963153 0.920491 0.873124 -1.64997 -1.28636 -0.710707 2.36174 -1.46263 1.09636 -1.41763 0.641055 -3.15704 2.86462 2.91047 -0.21179 0.476437 -2.28816 0.531544 3.07806 2.881 -0.822222 -2.4391 2.99322 -3.0659 0.535444 
0.986777 -1.76025 -1.45627 -2.62117 2.43541 0.93635 0.922101 0.888612 -1.68009 -1.28242 -0.700695 2.31935 -1.47685 1.09563 -1.42384 0.650818 -3.14938 2.86155 2.89878 -0.167534 0.484118 -2.30202 0.52197 3.0703 2.90277 -0.83511 -2.50405 2.98509 -3.05872 0.461515 
0.990423 -1.74295 -1.48331 -2.62067 2.49415 0.930487 0.939046 0.896968 -1.71861 -1.28408 -0.675744 2.29897 -1.50432 1.09507 -1.43162 0.658773 -3.15479 2.85585 2.86403 -0.145138 0.501106 -2.2948 0.530549 3.02486 2.91515 -0.857786 -2.54828 2.98141 -3.0427 0.390561 
0.983974 -1.73372 -1.48163 -2.60555 2.4783 0.917291 0.926042 0.900756 -1.72545 -1.26397 -0.65475 2.29164 -1.51801 1.11085 -1.4378 0.664791 -3.15188 2.85106 2.8425 -0.170665 0.502131 -2.28209 0.547484 3.01521 2.93051 -0.87997 -2.53636 2.98535 -3.00895 0.377804 
0.99293 -1.74099 -1.4824 -2.55987 2.4707 0.893848 0.897109 0.89778 -1.70088 -1.21107 -0.621145 2.28378 -1.50838 1.08429 -1.47301 0.642355 -3.19306 2.85775 2.82725 -0.176935 0.503871 -2.25575 0.537226 3.00726 2.93303 -0.896377 -2.52452 2.97136 -2.94577 0.351421 
1.01584 -1.76634 -1.4971 -2.47931 2.48075 0.838596 0.844389 0.89122 -1.65192 -1.12872 -0.598337 2.29052 -1.49004 1.02406 -1.54084 0.612235 -3.27561 2.87349 2.7955 -0.173194 0.483863 -2.1973 0.487497 2.98439 2.94816 -0.904155 -2.48295 2.92812 -2.85184 0.276227 
1.02903 -1.78169 -1.49344 -2.48896 2.44753 0.860616 0.846582 0.870634 -1.64139 -1.11389 -0.580727 2.27314 -1.48506 1.0374 -1.5501 0.625129 -3.27296 2.86667 2.77837 -0.197954 0.469323 -2.17924 0.500337 3.0006 2.9435 -0.91117 -2.50033 2.91188 -2.84227 0.265212 
1.03201 -1.79325 -1.4918 -2.49969 2.42174 0.867176 0.862211 0.851769 -1.63942 -1.10395 -0.548028 2.25332 -1.47787 1.04807 -1.54499 0.655529 -3.27488 2.85368 2.75256 -0.212674 0.470072 -2.1689 0.507412 3.01457 2.9517 -0.929415 -2.53377 2.91375 -2.84777 0.269272 
1.02463 -1.78499 -1.47452 -2.49394 2.42459 0.861845 0.867697 0.840658 -1.62717 -1.10039 -0.536551 2.25541 -1.46889 1.0616 -1.5298 0.674425 -3.24393 2.8545 2.73726 -0.225088 0.463732 -2.16841 0.520095 3.01834 2.9705 -0.949541 -2.56618 2.93233 -2.84032 0.277589 
1.02807 -1.78463 -1.46899 -2.49065 2.42536 0.850615 0.866922 0.840254 -1.60134 -1.08865 -0.518014 2.26165 -1.45673 1.06449 -1.52118 0.675717 -3.23754 2.85811 2.72082 -0.229349 0.456542 -2.16133 0.525077 3.02157 2.99003 -0.95959 -2.59377 2.94227 -2.82716 0.272546 
1.04362 -1.78239 -1.46551 -2.48426 2.4333 0.845004 0.862545 0.834817 -1.58598 -1.08408 -0.5051 2.25692 -1.44903 1.06123 -1.51888 0.687278 -3.22023 2.86529 2.70112 -0.225733 0.446849 -2.16102 0.525865 3.03151 3.00315 -0.978331 -2.61542 2.94441 -2.81157 0.266087 
1.04168 -1.78419 -1.46537 -2.48235 2.42799 0.839054 0.853831 0.816739 -1.57643 -1.0809 -0.503445 2.26207 -1.43935 1.07219 -1.51775 0.684213 -3.21821 2.87537 2.69028 -0.221477 0.444266 -2.15877 0.526688 3.02915 3.01301 -0.979689 -2.62901 2.94568 -2.7968 0.265684 
1.0125 -1.79948 -1.45129 -2.47347 2.4219 0.836695 0.831209 0.805704 -1.58022 -1.07251 -0.499346 2.27386 -1.43841 1.07501 -1.52494 0.671827 -3.23494 2.88658 2.68948 -0.210371 0.448103 -2.15302 0.534384 3.01103 3.01159 -0.976744 -2.62014 2.956 -2.77069 0.269919 
1.00795 -1.81755 -1.47063 -2.44291 2.40927 0.80429 0.814756 0.793926 -1.55191 -1.04843 -0.480667 2.27772 -1.42081 1.06821 -1.52562 0.651283 -3.27578 2.90057 2.68022 -0.191691 0.437764 -2.14505 0.53108 2.99728 3.05892 -0.940446 -2.61812 2.94915 -2.74094 0.241799 
1.01585 -1.82655 -1.49125 -2.42445 2.40404 0.779158 0.796212 0.794057 -1.51345 -1.03155 -0.475841 2.2997 -1.39905 1.0547 -1.53093 0.655643 -3.30496 2.90909 2.68031 -0.187737 0.434734 -2.13729 0.525752 2.98055 3.09338 -0.913875 -2.61931 2.94209 -2.73374 0.206141 
1.02204 -1.83453 -1.51042 -2.4053 2.40174 0.739431 0.776699 0.79579 -1.48582 -1.01019 -0.471087 2.32799 -1.38336 1.04255 -1.53945 0.656943 -3.33686 2.91336 2.67966 -0.183821 0.433104 -2.1231 0.525888 2.96325 3.11811 -0.899788 -2.61667 2.93994 -2.73167 0.15976 
1.02919 -1.85393 -1.54078 -2.39084 2.41078 0.691052 0.758806 0.804498 -1.44709 -0.982502 -0.462479 2.34275 -1.35793 1.02975 -1.55034 0.671436 -3.38543 2.91798 2.67672 -0.185628 0.429995 -2.10783 0.507345 2.94136 3.1636 -0.871176 -2.60449 2.93548 -2.72074 0.110872 
1.00916 -1.83358 -1.54344 -2.37053 2.40521 0.688676 0.762137 0.809461 -1.44484 -0.973049 -0.4901 2.34136 -1.3419 1.02818 -1.55546 0.710645 -3.40083 2.92054 2.66659 -0.187528 0.461295 -2.14161 0.511284 2.93183 3.17288 -0.850678 -2.59651 2.95926 -2.72191 0.124873 
0.994623 -1.81003 -1.5403 -2.37304 2.40663 0.696483 0.767077 0.810615 -1.45221 -0.971871 -0.509081 2.34028 -1.33406 1.02597 -1.54654 0.746531 -3.39275 2.9378 2.62211 -0.176823 0.485484 -2.17108 0.521062 2.93209 3.17178 -0.857092 -2.60227 2.96759 -2.72279 0.162573 
1.0003 -1.83935 -1.5412 -2.3722 2.39833 0.679573 0.767716 0.828611 -1.4683 -0.983795 -0.506488 2.34287 -1.35431 0.998651 -1.5462 0.77229 -3.38308 2.9396 2.62184 -0.186973 0.478307 -2.20425 0.539433 2.92625 3.1258 -0.869277 -2.57953 2.96193 -2.73159 0.201104 
1.00996 -1.84679 -1.55983 -2.36722 2.40857 0.65465 0.758821 0.817512 -1.49104 -0.984727 -0.52338 2.34579 -1.37936 0.951835 -1.55481 0.793749 -3.36003 2.93863 2.63275 -0.185249 0.464864 -2.21032 0.532958 2.90788 3.04901 -0.882294 -2.52184 2.96535 -2.74457 0.221042 
1.02352 -1.83952 -1.58242 -2.36911 2.43577 0.615708 0.736041 0.804591 -1.50922 -0.997859 -0.530726 2.3389 -1.37868 0.925601 -1.55472 0.793676 -3.33649 2.93899 2.6442 -0.186904 0.454561 -2.21409 0.529743 2.89313 2.98017 -0.865677 -2.46931 2.97112 -2.77365 0.247741 
1.01634 -1.82921 -1.6183 -2.36589 2.46505 0.560777 0.698889 0.808929 -1.54434 -1.01358 -0.532298 2.32104 -1.34088 0.934995 -1.56194 0.774808 -3.33959 2.9447 2.64987 -0.205189 0.448564 -2.21555 0.535441 2.89396 2.93288 -0.83553 -2.4424 2.95757 -2.81838 0.278128 
1.01413 -1.79677 -1.64413 -2.38311 2.49718 0.526338 0.651016 0.803391 -1.55138 -1.02889 -0.529774 2.29673 -1.28494 0.933691 -1.53884 0.758685 -3.32592 2.96922 2.65437 -0.215729 0.434039 -2.21217 0.562048 2.88754 2.89349 -0.795698 -2.40546 2.94932 -2.86569 0.283561 
0.997387 -1.78018 -1.69232 -2.38199 2.5139 0.468365 0.577735 0.816131 -1.60544 -1.06159 -0.525354 2.26792 -1.2083 0.917396 -1.53966 0.72092 -3.33704 2.99059 2.66448 -0.24497 0.448859 -2.2093 0.584125 2.87438 2.84028 -0.734811 -2.41306 2.92066 -2.92011 0.310932 
0.993545 -1.7773 -1.68318 -2.40372 2.48325 0.476976 0.541324 0.816437 -1.645 -1.08835 -0.524147 2.24612 -1.16732 0.891909 -1.53151 0.709133 -3.36399 3.01364 2.64015 -0.277225 0.47467 -2.21584 0.592746 2.85743 2.80897 -0.682119 -2.40656 2.93209 -2.91637 0.340845 
1.00054 -1.73311 -1.6486 -2.46595 2.4592 0.501562 0.483269 0.807041 -1.66554 -1.08264 -0.53533 2.25355 -1.13422 0.907902 -1.51222 0.735732 -3.37411 3.01003 2.61104 -0.285832 0.495684 -2.24326 0.579065 2.87082 2.801 -0.641925 -2.39126 2.98792 -2.89537 0.359246 
1.01348 -1.67929 -1.6202 -2.53034 2.44565 0.538096 0.454111 0.780572 -1.67471 -1.08138 -0.552245 2.27268 -1.11312 0.926459 -1.49169 0.764742 -3.38388 2.99138 2.57843 -0.298476 0.512344 -2.26431 0.572595 2.89541 2.78283 -0.594449 -2.38721 3.03541 -2.8886 0.37327 
1.03446 -1.63123 -1.61697 -2.56498 2.4233 0.570348 0.442347 0.774285 -1.68696 -1.1003 -0.563983 2.29036 -1.09753 0.908284 -1.46235 0.769819 -3.3745 2.96298 2.54744 -0.320341 0.519417 -2.28156 0.580963 2.91145 2.75212 -0.551785 -2.39538 3.04882 -2.89673 0.384606 
1.06879 -1.56892 -1.59938 -2.58641 2.40078 0.628218 0.501813 0.752719 -1.66309 -1.08673 -0.578647 2.33973 -1.08635 0.894865 -1.42276 0.781323 -3.35732 2.93381 2.51131 -0.334096 0.522589 -2.31049 0.579115 2.93474 2.72846 -0.521414 -2.39779 3.07299 -2.89528 0.385764 
1.10208 -1.50885 -1.57638 -2.54705 2.37644 0.680853 0.571404 0.726156 -1.62476 -1.06781 -0.547183 2.38828 -1.04126 0.875236 -1.39181 0.791783 -3.3276 2.90676 2.46392 -0.340988 0.514721 -2.34131 0.5801 2.96542 2.71177 -0.507864 -2.39414 3.09874 -2.89389 0.382767 
