Mean 0 Mean 1 Mean 2 Mean 3 Mean 4 Mean 5 Mean 6 Mean 7 Mean 8 Mean 9 Mean 10 Mean 11 Mean 12 Mean 13 Mean 14 Mean 15 Mean 16 Mean 17 Mean 18 Mean 19 Mean 20 Mean 21 Mean 22 Mean 23 Mean 24 Mean 25 Mean 26 Mean 27 Mean 28 Mean 29 
-1.79026 -1.17086 -1.22742 -1.7329 1.32624 -1.29117 0.905649 -1.13055 -1.22565 -1.36617 -1.04869 1.57566 0.876014 0.836093 0.979953 -0.230406 2.7913 -0.298289 2.74161 0.428116 2.89469 1.44292 -2.99972 -0.131642 2.38084 0.707256 -2.87506 0.414432 0.648911 0.300626 
-1.80255 -1.18705 -1.22814 -1.72386 1.33441 -1.27951 0.905224 -1.14777 -1.23089 -1.38929 -1.03719 1.56913 0.897261 0.819217 0.975671 -0.215295 2.78533 -0.289203 2.72454 0.415565 2.88809 1.44719 -3.00963 -0.123359 2.37424 0.701546 -2.86538 0.423671 0.662089 0.286865 
-1.80971 -1.18985 -1.21779 -1.70244 1.34827 -1.26973 0.907958 -1.1414 -1.21973 -1.41148 -1.02821 1.54782 0.90547 0.807447 0.996892 -0.186793 2.79061 -0.315251 2.72686 0.398492 2.88107 1.41299 -3.02414 -0.148457 2.36223 0.712603 -2.86949 0.434537 0.669958 0.27308 
-1.80078 -1.19198 -1.2416 -1.70292 1.3469 -1.26575 0.877413 -1.13122 -1.23132 -1.40875 -1.02584 1.52261 0.911974 0.811998 0.997571 -0.186979 2.8062 -0.313714 2.72818 0.386829 2.87764 1.40881 -3.03978 -0.165857 2.37325 0.71622 -2.86483 0.447527 0.677343 0.276471 
-1.80305 -1.19193 -1.24134 -1.698 1.35012 -1.26031 0.866564 -1.12998 -1.24441 -1.42417 -1.02017 1.50627 0.912906 0.81056 0.999291 -0.180741 2.81048 -0.328804 2.73036 0.378769 2.8566 1.38517 -3.0475 -0.165859 2.37682 0.732828 -2.85305 0.460613 0.681677 0.265386 
-1.79395 -1.19606 -1.23851 -1.70972 1.34508 -1.26057 0.85949 -1.13403 -1.24883 -1.41751 -1.00279 1.50751 0.917421 0.817378 0.995894 -0.181322 2.81534 -0.32467 2.73153 0.376059 2.85449 1.38341 -3.04738 -0.168575 2.37695 0.731437 -2.8567 0.460205 0.687029 0.269288 
-1.78371 -1.19899 -1.25202 -1.71566 1.33202 -1.25293 0.830779 -1.14148 -1.26288 -1.40367 -0.977618 1.50086 0.925041 0.82884 0.994543 -0.181969 2.81736 -0.319395 2.73214 0.363212 2.84751 1.3789 -3.06771 -0.180061 2.39274 0.724033 -2.83673 0.46931 0.703362 0.286525 
-1.78897 -1.20461 -1.25329 -1.72563 1.32209 -1.25647 0.819991 -1.15076 -1.27408 -1.39541 -0.959628 1.50167 0.924342 0.836921 0.98948 -0.178997 2.80949 -0.312484 2.72699 0.363667 2.84496 1.37113 -3.06928 -0.191079 2.4041 0.723508 -2.83803 0.474084 0.720077 0.290883 
-1.77888 -1.20205 -1.25132 -1.74361 1.32804 -1.2561 0.831541 -1.14703 -1.25588 -1.38734 -0.94784 1.50656 0.928498 0.840355 0.997164 -0.185791 2.80445 -0.330629 2.73484 0.363182 2.84835 1.35996 -3.08624 -0.180822 2.41323 0.738033 -2.84513 0.47302 0.723356 0.278559 
-1.7875 -1.20748 -1.25371 -1.75754 1.31702 -1.26131 0.828147 -1.1357 -1.26601 -1.38065 -0.943961 1.51019 0.927162 0.839298 0.989785 -0.192311 2.791 -0.326124 2.71866 0.377793 2.84747 1.34916 -3.07681 -0.178046 2.42 0.756223 -2.85045 0.470407 0.748745 0.271344 
-1.80889 -1.21038 -1.25678 -1.77642 1.3016 -1.26221 0.814883 -1.11884 -1.27613 -1.38129 -0.945586 1.51762 0.92382 0.835741 0.993437 -0.199758 2.77031 -0.315654 2.69434 0.404003 2.84321 1.33499 -3.05466 -0.172058 2.42919 0.779265 -2.86312 0.469878 0.784773 0.261984 
-1.83658 -1.21311 -1.25873 -1.79556 1.28917 -1.2677 0.777782 -1.10685 -1.27901 -1.38178 -0.94485 1.53113 0.929675 0.841464 0.995738 -0.205857 2.74565 -0.299883 2.68194 0.43878 2.84519 1.33092 -3.02782 -0.181752 2.4429 0.795246 -2.87891 0.469063 0.824051 0.246151 
-1.85572 -1.21512 -1.2509 -1.80969 1.27629 -1.26713 0.75918 -1.09604 -1.27893 -1.37034 -0.934001 1.53762 0.928999 0.840736 1.00385 -0.203511 2.72848 -0.29589 2.66404 0.451625 2.84819 1.32373 -3.01019 -0.185027 2.45061 0.803083 -2.88833 0.473441 0.84649 0.234426 
-1.83969 -1.2166 -1.21787 -1.8204 1.26099 -1.26978 0.76678 -1.06734 -1.27947 -1.34281 -0.905077 1.5366 0.899912 0.818248 1.02051 -0.202983 2.73491 -0.314268 2.65155 0.448224 2.84857 1.29927 -3.00175 -0.176425 2.44066 0.81234 -2.89391 0.46523 0.853223 0.235697 
-1.84427 -1.2193 -1.21206 -1.8341 1.25845 -1.29093 0.772672 -1.06361 -1.28368 -1.34589 -0.887129 1.52977 0.888046 0.812054 1.0166 -0.210436 2.72509 -0.321862 2.62496 0.480603 2.8517 1.30066 -2.9986 -0.184055 2.45144 0.824384 -2.92965 0.448716 0.868887 0.22092 
-1.84581 -1.23289 -1.16762 -1.84571 1.26148 -1.29433 0.766269 -1.06813 -1.28979 -1.36561 -0.869895 1.52746 0.871052 0.807579 0.988251 -0.197117 2.73148 -0.360869 2.57322 0.462433 2.85069 1.32506 -3.00464 -0.195463 2.46219 0.836655 -2.96491 0.431063 0.869723 0.231724 
-1.85919 -1.24241 -1.13674 -1.85213 1.26305 -1.29391 0.756066 -1.06727 -1.29295 -1.38605 -0.860206 1.52235 0.86572 0.803732 0.956412 -0.1902 2.74231 -0.386516 2.5258 0.445463 2.84175 1.34035 -3.005 -0.199853 2.46082 0.854418 -2.99385 0.415246 0.883314 0.231649 
-1.85957 -1.25221 -1.13019 -1.83519 1.27027 -1.31075 0.734113 -1.06629 -1.28279 -1.39076 -0.843944 1.52151 0.874276 0.786303 0.933282 -0.198432 2.73203 -0.396291 2.49489 0.433952 2.83489 1.36916 -3.01907 -0.206852 2.47186 0.858852 -3.01902 0.395286 0.905879 0.20567 
-1.8588 -1.26365 -1.14743 -1.81539 1.28624 -1.35874 0.722302 -1.0702 -1.25734 -1.38822 -0.812944 1.53365 0.89069 0.776918 0.943326 -0.216012 2.72288 -0.402512 2.45599 0.429171 2.79722 1.40981 -3.01125 -0.227446 2.48551 0.840628 -3.04501 0.389264 0.951989 0.170244 
-1.88317 -1.27148 -1.13743 -1.80188 1.29908 -1.38609 0.729556 -1.08623 -1.26361 -1.39868 -0.797842 1.55606 0.893195 0.781851 0.961144 -0.21596 2.73091 -0.420802 2.44221 0.431191 2.78447 1.42684 -2.97997 -0.258708 2.47234 0.816362 -3.06296 0.403103 0.98406 0.180106 
-1.89332 -1.28339 -1.13875 -1.78985 1.3073 -1.42071 0.723115 -1.09675 -1.26324 -1.40178 -0.784568 1.58116 0.902262 0.77422 0.99148 -0.221014 2.74321 -0.434807 2.43059 0.438298 2.77023 1.45545 -2.95186 -0.27947 2.46778 0.793247 -3.07292 0.405828 1.01021 0.179426 
-1.89566 -1.27335 -1.15273 -1.78208 1.29489 -1.43654 0.724583 -1.10549 -1.27039 -1.38005 -0.770355 1.59675 0.912181 0.770695 1.004 -0.219904 2.74594 -0.442109 2.43996 0.450383 2.7773 1.47347 -2.94086 -0.302277 2.47045 0.775976 -3.05298 0.405604 1.02615 0.183523 
-1.91654 -1.27604 -1.17187 -1.77556 1.27035 -1.46711 0.722128 -1.13285 -1.29286 -1.35998 -0.769768 1.62332 0.921772 0.772201 1.02376 -0.21056 2.76096 -0.450511 2.45769 0.460353 2.79116 1.47915 -2.93618 -0.322004 2.46656 0.764419 -3.02526 0.398701 1.03286 0.201966 
-1.93832 -1.28736 -1.18505 -1.75177 1.24844 -1.49851 0.717723 -1.15374 -1.3215 -1.34139 -0.75714 1.66085 0.932658 0.764538 1.04258 -0.200968 2.78845 -0.458964 2.48317 0.455347 2.82151 1.50069 -2.93221 -0.336835 2.46115 0.764161 -3.01402 0.380018 1.03194 0.236809 
-1.9779 -1.28409 -1.21081 -1.72072 1.22552 -1.52846 0.706679 -1.19492 -1.33418 -1.33003 -0.752867 1.69779 0.942498 0.774917 1.04709 -0.190787 2.78777 -0.488902 2.52258 0.472251 2.85934 1.51684 -2.91823 -0.360353 2.4264 0.753215 -2.98462 0.357284 1.03512 0.249431 
-1.98378 -1.28941 -1.2103 -1.68198 1.24777 -1.54937 0.718898 -1.20335 -1.33962 -1.3043 -0.72302 1.7083 0.943401 0.750919 1.03468 -0.179829 2.77346 -0.477982 2.56903 0.458736 2.8852 1.5414 -2.92186 -0.36816 2.40633 0.736639 -2.97876 0.351171 1.04142 0.279056 
-2.00111 -1.28637 -1.20581 -1.64327 1.2617 -1.55465 0.729726 -1.20994 -1.33781 -1.27312 -0.661052 1.69344 0.950494 0.709153 1.01245 -0.166877 2.78057 -0.448851 2.59734 0.425805 2.91357 1.54085 -2.91917 -0.383775 2.39464 0.723864 -2.97939 0.364947 1.06739 0.316878 
-2.02299 -1.28712 -1.20388 -1.62583 1.28283 -1.54094 0.730581 -1.21644 -1.3437 -1.26619 -0.632101 1.66888 0.944668 0.700117 1.00198 -0.158743 2.76815 -0.419763 2.60186 0.408993 2.90577 1.52999 -2.93599 -0.39136 2.39962 0.753648 -2.98082 0.389122 1.09357 0.321688 
-2.01528 -1.30783 -1.18493 -1.62628 1.28684 -1.53536 0.716922 -1.23402 -1.30367 -1.25182 -0.601409 1.62161 0.925782 0.720747 0.973425 -0.129908 2.74706 -0.35333 2.60565 0.410945 2.8966 1.50581 -3.00448 -0.410829 2.41259 0.786543 -2.98981 0.424253 1.11893 0.335367 
-1.99364 -1.3047 -1.16006 -1.61198 1.29399 -1.54142 0.74003 -1.26642 -1.2164 -1.20988 -0.537764 1.55605 0.894542 0.720608 0.906619 -0.0819907 2.75401 -0.283478 2.6242 0.406153 2.91193 1.46642 -3.08647 -0.439168 2.40151 0.765366 -3.0328 0.491317 1.14828 0.359764 
-1.97047 -1.3094 -1.12226 -1.60052 1.3164 -1.53746 0.769248 -1.3061 -1.11843 -1.17029 -0.499283 1.50609 0.855501 0.751436 0.853737 -0.021563 2.76543 -0.200212 2.64429 0.415107 2.91657 1.43362 -3.1769 -0.468904 2.38926 0.764911 -3.07881 0.565748 1.15268 0.366583 
-1.94237 -1.32835 -1.06658 -1.5868 1.32916 -1.52814 0.789682 -1.35225 -1.02278 -1.14298 -0.485961 1.47125 0.810126 0.808224 0.82208 0.0397734 2.7675 -0.0979254 2.67101 0.437738 2.89987 1.40352 -3.27733 -0.502461 2.38677 0.803377 -3.12533 0.640677 1.14552 0.357955 
-1.91967 -1.29736 -1.02508 -1.5634 1.33874 -1.52409 0.853004 -1.40804 -0.907886 -1.0688 -0.41535 1.40075 0.773716 0.799272 0.725949 0.119825 2.81699 -0.0163075 2.68633 0.421435 2.91736 1.35893 -3.36561 -0.534078 2.34727 1.00669 -3.18735 0.732115 1.15486 0.391892 
-1.8992 -1.34854 -0.968125 -1.56112 1.35518 -1.50465 0.844842 -1.44745 -0.815258 -1.05498 -0.405104 1.38259 0.741155 0.883227 0.730034 0.151653 2.78712 0.0935808 2.70744 0.44567 2.86548 1.34483 -3.45729 -0.547632 2.35751 1.16595 -3.22469 0.785689 1.13418 0.359693 
-1.89228 -1.38631 -0.933394 -1.57873 1.36943 -1.48252 0.816217 -1.47601 -0.756522 -1.04637 -0.439864 1.37469 0.735778 0.942927 0.748328 0.158617 2.75975 0.174937 2.70947 0.45684 2.82241 1.33739 -3.55955 -0.55766 2.36191 1.29412 -3.24521 0.810289 1.09708 0.318199 
-1.86484 -1.42432 -0.891127 -1.5693 1.38071 -1.46876 0.803167 -1.51879 -0.729648 -1.0417 -0.497812 1.37635 0.724401 1.01344 0.762687 0.187796 2.72497 0.254968 2.72855 0.476854 2.76926 1.33262 -3.67549 -0.566512 2.3641 1.40205 -3.24259 0.85601 1.08928 0.299523 
-1.84528 -1.38741 -0.928115 -1.57965 1.38048 -1.42525 0.778775 -1.52546 -0.756998 -1.03583 -0.568027 1.40151 0.764565 1.01827 0.773635 0.193781 2.69086 0.257722 2.72648 0.472434 2.79639 1.29799 -3.76643 -0.572057 2.37629 1.43872 -3.18162 0.852967 1.08302 0.292562 
-1.81487 -1.31897 -0.952929 -1.57588 1.38247 -1.39964 0.761498 -1.48492 -0.772116 -1.02536 -0.640354 1.43437 0.791821 1.04146 0.783262 0.202983 2.69598 0.209912 2.74391 0.475113 2.85182 1.2739 -3.81411 -0.576146 2.38269 1.44829 -3.11876 0.846279 1.0604 0.301967 
-1.75299 -1.24972 -0.960939 -1.57763 1.39775 -1.38785 0.758361 -1.44454 -0.770641 -1.00682 -0.69561 1.47536 0.7784 1.07467 0.809577 0.201065 2.73413 0.149104 2.76976 0.485804 2.91774 1.24521 -3.83406 -0.583538 2.35618 1.45281 -3.05189 0.837524 1.02167 0.322801 
-1.65085 -1.18266 -0.982734 -1.60624 1.40888 -1.4042 0.759371 -1.44429 -0.874074 -0.981712 -0.719393 1.49008 0.766707 1.04219 0.849141 0.208774 2.76052 0.138668 2.75527 0.461479 2.92201 1.24434 -3.87297 -0.608057 2.35224 1.46546 -3.02768 0.816234 0.991082 0.328606 
