Mean 0 Mean 1 Mean 2 Mean 3 Mean 4 Mean 5 Mean 6 Mean 7 Mean 8 Mean 9 Mean 10 Mean 11 Mean 12 Mean 13 Mean 14 Mean 15 Mean 16 Mean 17 Mean 18 Mean 19 Mean 20 Mean 21 Mean 22 Mean 23 Mean 24 Mean 25 Mean 26 Mean 27 Mean 28 Mean 29 
1.06864 -2.29302 -1.76188 -2.47902 1.96455 -1.15837 0.913502 -2.3132 -1.12952 -1.26071 2.05404 2.66917 -0.977457 1.01935 -1.61352 -0.131459 2.61289 2.06954 2.74961 0.514781 -0.608386 0.81017 2.774 2.77817 0.445638 0.620965 -2.8669 2.45974 0.188748 -0.188316 
1.06442 -2.29147 -1.74596 -2.48158 1.96416 -1.18631 0.904066 -2.32575 -1.17691 -1.26854 2.08052 2.65229 -0.985831 1.00851 -1.61525 -0.119421 2.59031 2.07349 2.73861 0.533607 -0.601243 0.813186 2.79973 2.77948 0.440617 1.95741 -2.86824 2.48015 0.195406 -0.199013 
1.06744 -2.3031 -1.71901 -2.49287 1.99285 -1.17331 0.920557 -2.28945 -1.13281 -1.27489 2.08266 2.64781 -0.981297 1.02305 -1.60636 -0.126014 2.58162 2.07555 2.75073 0.526494 -0.62417 0.783502 2.78515 2.76799 0.423258 2.40412 -2.85699 2.46171 0.171031 -0.18957 
1.06655 -2.30537 -1.7158 -2.49059 1.99054 -1.17031 0.918591 -2.29111 -1.14376 -1.27991 2.09136 2.63583 -0.995162 1.02127 -1.59934 -0.127412 2.58876 2.07202 2.76214 0.525543 -0.636308 0.767968 2.77544 2.77978 0.421579 2.62005 -2.8547 2.47043 0.170313 -0.176737 
1.06892 -2.3128 -1.71787 -2.49893 1.99489 -1.15913 0.919005 -2.28972 -1.13508 -1.28343 2.09835 2.62602 -1.0005 1.02994 -1.59319 -0.128764 2.59179 2.06434 2.76916 0.517925 -0.644467 0.759155 2.77248 2.78782 0.422037 2.75285 -2.85336 2.46923 0.159191 -0.165211 
1.06089 -2.3135 -1.72311 -2.50686 1.99447 -1.1348 0.919028 -2.29196 -1.12392 -1.28496 2.10079 2.60575 -1.00446 1.03487 -1.58516 -0.117976 2.60336 2.06103 2.774 0.503145 -0.641352 0.758303 2.76031 2.78955 0.419369 2.82768 -2.85637 2.45754 0.154987 -0.155905 
1.06063 -2.31545 -1.72509 -2.51429 1.98868 -1.12493 0.919491 -2.2925 -1.12035 -1.28423 2.1069 2.59211 -1.00735 1.04001 -1.58778 -0.117089 2.59886 2.06123 2.76807 0.492724 -0.648206 0.756541 2.75082 2.80078 0.416871 2.89008 -2.85955 2.44698 0.158014 -0.147981 
1.0555 -2.31444 -1.72869 -2.52388 1.97923 -1.11939 0.915009 -2.29351 -1.1284 -1.28397 2.1003 2.58013 -1.01146 1.04177 -1.59471 -0.106901 2.60437 2.06055 2.76275 0.481109 -0.643887 0.75289 2.74024 2.81593 0.413708 2.92338 -2.8657 2.43732 0.162221 -0.147273 
1.05702 -2.30885 -1.72623 -2.53466 1.96284 -1.11831 0.914818 -2.27555 -1.12323 -1.28052 2.10124 2.56386 -1.01175 1.0391 -1.59363 -0.101312 2.5996 2.06367 2.7511 0.477479 -0.636992 0.741498 2.72513 2.8256 0.421371 2.947 -2.8608 2.42455 0.177434 -0.148042 
1.05665 -2.30498 -1.73358 -2.53464 1.96343 -1.10107 0.910502 -2.26446 -1.13033 -1.28466 2.10923 2.53987 -1.01529 1.03518 -1.61558 -0.100632 2.6131 2.07411 2.73193 0.450897 -0.645266 0.732876 2.71474 2.8286 0.425311 2.95755 -2.8513 2.40989 0.193216 -0.143358 
1.06295 -2.31983 -1.74905 -2.53885 1.96553 -1.0312 0.905157 -2.2014 -1.11333 -1.29733 2.09976 2.51191 -1.01947 1.0265 -1.63579 -0.115335 2.63794 2.11609 2.67919 0.399568 -0.673053 0.704511 2.70569 2.82744 0.440373 2.94409 -2.83801 2.36018 0.23164 -0.105375 
1.05719 -2.31311 -1.76544 -2.54021 1.96966 -1.01496 0.885781 -2.18071 -1.11259 -1.29863 2.09533 2.48929 -1.03975 1.02936 -1.65236 -0.122966 2.65513 2.1418 2.62589 0.380647 -0.685054 0.693111 2.70789 2.81269 0.442965 2.93103 -2.82414 2.3365 0.255817 -0.0902985 
1.06136 -2.30787 -1.76243 -2.53694 1.96867 -1.03285 0.879533 -2.18325 -1.11927 -1.28948 2.10422 2.47145 -1.04078 1.03391 -1.65366 -0.126547 2.67464 2.14815 2.60289 0.372766 -0.687399 0.688049 2.70416 2.81407 0.458305 2.90532 -2.84126 2.34151 0.269474 -0.0860978 
1.05788 -2.29732 -1.75484 -2.53348 1.97465 -1.06591 0.87366 -2.19133 -1.13099 -1.26781 2.11699 2.44685 -1.04439 1.03549 -1.6593 -0.119287 2.69049 2.15026 2.56616 0.376434 -0.680759 0.68235 2.69719 2.8151 0.46469 2.87478 -2.85772 2.35158 0.280841 -0.0877568 
1.05515 -2.28738 -1.74443 -2.52643 1.98344 -1.08578 0.866033 -2.20201 -1.13252 -1.25424 2.12195 2.42912 -1.06311 1.02813 -1.66785 -0.109922 2.6988 2.1507 2.53524 0.386801 -0.674961 0.674332 2.69217 2.80639 0.456094 2.8655 -2.86452 2.36139 0.296258 -0.0831091 
1.05675 -2.28557 -1.73629 -2.52301 1.99613 -1.10895 0.852141 -2.21332 -1.13402 -1.24729 2.13036 2.41176 -1.08358 1.02202 -1.66978 -0.0939048 2.69948 2.15464 2.5055 0.402685 -0.670741 0.67032 2.68725 2.80079 0.457491 2.86723 -2.87619 2.36758 0.299358 -0.0822996 
1.04785 -2.30458 -1.7008 -2.52664 2.00229 -1.1265 0.848968 -2.21764 -1.1376 -1.2286 2.16215 2.41483 -1.08707 1.0184 -1.67973 -0.0659812 2.67463 2.13726 2.51249 0.404198 -0.667156 0.680198 2.67951 2.82521 0.445498 2.88829 -2.88328 2.38653 0.295131 -0.102023 
1.03661 -2.30676 -1.7006 -2.5096 1.97918 -1.1363 0.840659 -2.23613 -1.12834 -1.21212 2.18338 2.4007 -1.08779 1.01141 -1.67045 -0.0669637 2.6673 2.1412 2.50745 0.416104 -0.668608 0.667006 2.68396 2.83368 0.444832 2.89824 -2.88451 2.40341 0.310424 -0.0993232 
1.02832 -2.3035 -1.7067 -2.51184 1.959 -1.14543 0.838532 -2.24865 -1.12387 -1.19557 2.19249 2.40332 -1.07363 1.01239 -1.66242 -0.0624892 2.65978 2.14105 2.50647 0.430141 -0.654624 0.658392 2.68486 2.846 0.450536 2.90189 -2.90032 2.40656 0.323649 -0.105908 
1.02315 -2.29451 -1.70766 -2.51538 1.93736 -1.14969 0.832335 -2.26488 -1.11284 -1.18415 2.19938 2.40886 -1.06147 1.01628 -1.66378 -0.0592659 2.65517 2.13643 2.51836 0.43937 -0.647681 0.657242 2.68764 2.85668 0.44485 2.89973 -2.92087 2.41148 0.332681 -0.108745 
1.00409 -2.2823 -1.70369 -2.51823 1.92252 -1.15832 0.833441 -2.27961 -1.09476 -1.16622 2.23073 2.40393 -1.04554 1.02445 -1.67765 -0.0608063 2.65869 2.14819 2.54665 0.434802 -0.639338 0.664154 2.68789 2.85234 0.43337 2.91507 -2.92978 2.41403 0.345241 -0.0894341 
0.99402 -2.27479 -1.69734 -2.51885 1.91483 -1.1467 0.836783 -2.29879 -1.08041 -1.16257 2.25085 2.41591 -1.02145 1.02571 -1.69083 -0.0579982 2.64943 2.1508 2.57111 0.420553 -0.627225 0.683458 2.69333 2.84627 0.433066 2.94649 -2.93372 2.39933 0.348854 -0.0764081 
1.00086 -2.28165 -1.6909 -2.51357 1.9014 -1.12934 0.854817 -2.32263 -1.06906 -1.15613 2.27789 2.40415 -1.00567 1.02715 -1.69243 -0.067807 2.64168 2.14915 2.55994 0.419766 -0.635651 0.675353 2.68766 2.85209 0.432008 2.95538 -2.92177 2.39862 0.374824 -0.0876475 
1.00849 -2.30122 -1.70154 -2.50662 1.87709 -1.12551 0.842321 -2.33933 -1.07057 -1.15236 2.32279 2.37465 -0.987954 1.01961 -1.69107 -0.104548 2.63591 2.1508 2.5374 0.416991 -0.645855 0.660739 2.68231 2.864 0.434465 2.97137 -2.91362 2.39763 0.416188 -0.102199 
1.00979 -2.31442 -1.70143 -2.50542 1.83577 -1.11696 0.815375 -2.35812 -1.08766 -1.14534 2.35412 2.36248 -0.983362 1.00661 -1.69596 -0.14787 2.64 2.1628 2.50812 0.409061 -0.648303 0.636193 2.68601 2.87945 0.448845 2.98169 -2.9006 2.40931 0.461246 -0.100744 
1.00584 -2.29655 -1.71363 -2.49262 1.81467 -1.1128 0.814868 -2.37836 -1.08076 -1.12146 2.36167 2.39047 -0.980122 0.994755 -1.71011 -0.166028 2.65439 2.15052 2.4846 0.39084 -0.635131 0.607106 2.69972 2.88966 0.442578 2.97272 -2.91438 2.43383 0.473529 -0.112259 
0.979446 -2.31004 -1.73021 -2.50349 1.78744 -1.13556 0.787809 -2.37556 -1.1019 -1.10249 2.39913 2.36042 -0.977869 0.965735 -1.72984 -0.185935 2.64325 2.1618 2.46395 0.35711 -0.619066 0.571981 2.70228 2.88436 0.431571 2.97012 -2.91203 2.44106 0.516085 -0.101408 
0.951025 -2.28357 -1.77906 -2.51683 1.78266 -1.17385 0.814107 -2.37078 -1.08385 -1.05913 2.43782 2.33311 -0.982351 0.928801 -1.75833 -0.166097 2.65695 2.16214 2.46017 0.323865 -0.570028 0.538701 2.69436 2.86902 0.401558 2.94515 -2.94751 2.45483 0.540746 -0.0731209 
0.926097 -2.26213 -1.826 -2.52499 1.80084 -1.20369 0.835139 -2.36345 -1.0689 -1.01518 2.44016 2.32763 -0.969807 0.914582 -1.77216 -0.122943 2.6587 2.17555 2.46296 0.293482 -0.519308 0.51244 2.66975 2.83994 0.397173 2.89862 -2.97676 2.4488 0.538596 -0.0527621 
0.9025 -2.22929 -1.86697 -2.52711 1.81679 -1.22141 0.875313 -2.35959 -1.03161 -0.972039 2.44629 2.3121 -0.975995 0.900496 -1.81003 -0.0561703 2.67612 2.17879 2.46633 0.269928 -0.447563 0.477182 2.6372 2.80708 0.385905 2.79594 -3.00472 2.45527 0.537972 -0.0154094 
0.896716 -2.20065 -1.88349 -2.5253 1.83703 -1.24024 0.90713 -2.38688 -0.998185 -0.946925 2.46155 2.30307 -0.997377 0.889637 -1.82812 -0.0176844 2.69781 2.1719 2.49189 0.241239 -0.423964 0.450652 2.62948 2.79241 0.366205 2.70917 -3.03573 2.48094 0.53446 0.0129133 
0.894132 -2.18106 -1.89471 -2.51913 1.85734 -1.23537 0.915882 -2.42439 -0.997172 -0.936611 2.45981 2.33599 -0.994693 0.878991 -1.80626 0.00290571 2.69099 2.15496 2.50804 0.202816 -0.416154 0.439992 2.63066 2.78658 0.34469 2.67031 -3.04814 2.47983 0.521621 0.0112038 
0.904195 -2.16835 -1.90517 -2.50423 1.86497 -1.21802 0.920413 -2.47142 -1.01553 -0.914106 2.46473 2.35712 -0.984456 0.868246 -1.77933 0.00367274 2.67777 2.14521 2.516 0.162703 -0.417544 0.443973 2.62628 2.78966 0.326954 2.66609 -3.04765 2.46968 0.507198 -0.00416577 
0.913782 -2.13383 -1.9157 -2.53001 1.87851 -1.19541 0.906147 -2.49091 -1.0152 -0.911012 2.45813 2.37579 -0.970871 0.8642 -1.75155 0.0235251 2.68438 2.12692 2.51234 0.142021 -0.450612 0.404142 2.6411 2.78917 0.317558 2.68658 -3.00336 2.46776 0.49365 -0.00479308 
0.925142 -2.08887 -1.93956 -2.55377 1.88342 -1.1713 0.896115 -2.51393 -1.00519 -0.882821 2.45264 2.40046 -0.941996 0.850742 -1.73809 0.0462079 2.67304 2.10614 2.47451 0.119374 -0.50395 0.347325 2.65691 2.7777 0.315564 2.76756 -2.96136 2.50381 0.485557 0.00809737 
0.934424 -2.02303 -1.95502 -2.56105 1.87829 -1.13876 0.894643 -2.51981 -0.990954 -0.85647 2.48612 2.40727 -0.934806 0.829952 -1.72286 0.0541115 2.68137 2.07452 2.45381 0.102541 -0.527771 0.306655 2.67545 2.77873 0.298917 2.86515 -2.93384 2.52063 0.493224 0.0117045 
0.950425 -1.93824 -1.9443 -2.56298 1.86825 -1.1075 0.917758 -2.52146 -0.953485 -0.813785 2.5564 2.39245 -0.935078 0.784918 -1.74088 0.081998 2.70131 2.06017 2.43956 0.0718528 -0.505175 0.282455 2.66537 2.76391 0.265448 2.96899 -2.92786 2.54917 0.505282 0.0308515 
0.958064 -1.8593 -1.92664 -2.58027 1.85861 -1.08092 0.931763 -2.51929 -0.931855 -0.777334 2.62183 2.36181 -0.930976 0.708098 -1.75362 0.107825 2.72549 2.06055 2.41678 0.0264079 -0.478553 0.273402 2.66285 2.73998 0.225362 3.05413 -2.91993 2.56364 0.508178 0.0879315 
0.965503 -1.79476 -1.91 -2.59906 1.85324 -1.0462 0.935073 -2.52723 -0.916889 -0.760538 2.65321 2.34958 -0.941475 0.640489 -1.74461 0.126898 2.79349 2.05271 2.38905 -0.0366324 -0.465684 0.258966 2.65133 2.71064 0.172741 3.09464 -2.91794 2.56231 0.528871 0.189332 
0.977684 -1.73297 -1.90462 -2.61327 1.84749 -1.01868 0.936667 -2.55549 -0.892505 -0.74808 2.68207 2.33362 -0.954961 0.596685 -1.62009 0.153778 2.87149 2.05264 2.38138 -0.0815317 -0.455105 0.25847 2.64081 2.67844 0.13524 3.12389 -2.93146 2.56953 0.54442 0.302762 
