Mean 0 Mean 1 Mean 2 Mean 3 Mean 4 Mean 5 Mean 6 Mean 7 Mean 8 Mean 9 Mean 10 Mean 11 Mean 12 Mean 13 Mean 14 Mean 15 Mean 16 Mean 17 Mean 18 Mean 19 Mean 20 Mean 21 Mean 22 Mean 23 Mean 24 Mean 25 Mean 26 Mean 27 Mean 28 Mean 29 
-1.6231 0.868571 -1.81549 -1.26049 2.17234 -1.31564 1.05909 -2.4869 -1.08986 -0.851729 -0.922015 0.70698 -0.826168 0.808477 -1.14169 0.40552 0.682089 0.77055 2.56254 0.564015 1.1402 2.93958 1.59714 2.73541 -0.682086 -0.186159 0.844739 -0.461573 0.690989 -0.660091 
-1.63359 0.870852 -1.79795 -1.27334 2.17161 -1.30798 1.04795 -2.48835 -1.10436 -0.850818 -0.930438 1.97788 -0.809965 0.822265 -1.14805 0.419992 0.679063 0.769995 2.56138 0.54961 1.13696 2.93672 2.38523 2.74407 -0.687134 -0.18888 0.839517 -0.479012 0.68203 -0.63896 
-1.63347 0.877823 -1.77706 -1.28434 2.16086 -1.29983 1.03695 -2.49711 -1.12362 -0.849738 -0.927812 2.39087 -0.799984 0.829354 -1.15632 0.41807 0.6695 0.760564 2.57631 0.539353 1.13983 2.93458 2.65209 2.74767 -0.693535 -0.194033 0.846106 -0.489724 0.682554 -0.620506 
-1.63863 0.893187 -1.73351 -1.27245 2.12475 -1.2903 1.00909 -2.51781 -1.15564 -0.836816 -0.912652 2.56648 -0.837968 0.827803 -1.18115 0.374081 0.642582 0.726198 2.6058 0.53685 1.15075 2.98736 2.79042 2.75211 -0.685915 -0.224602 0.892504 -0.480062 0.704745 -0.597603 
-1.65693 0.899335 -1.72797 -1.27885 2.12941 -1.28026 1.00318 -2.5233 -1.17446 -0.835342 -0.906475 2.6731 -0.846047 0.835116 -1.19038 0.374927 0.64659 0.714334 2.61492 0.527748 1.15525 2.99515 2.87531 2.74829 -0.688603 -0.241695 0.894906 -0.484179 0.709786 -0.588211 
-1.68205 0.906212 -1.73165 -1.29585 2.14781 -1.26949 1.00589 -2.52403 -1.18903 -0.834246 -0.896927 2.7383 -0.848875 0.8396 -1.19144 0.393733 0.6562 0.714973 2.61254 0.520168 1.15285 2.98804 2.92659 2.74375 -0.690028 -0.25339 0.885724 -0.50193 0.711809 -0.580945 
-1.70159 0.9096 -1.73563 -1.31503 2.17106 -1.25731 1.01549 -2.52297 -1.19693 -0.83018 -0.889194 2.7904 -0.845082 0.853194 -1.19052 0.402078 0.655631 0.722415 2.6077 0.513331 1.14686 2.97757 2.95415 2.74426 -0.697394 -0.260479 0.876319 -0.519652 0.719995 -0.576437 
-1.71063 0.913829 -1.71296 -1.33246 2.16923 -1.25323 1.02377 -2.51551 -1.21775 -0.828938 -0.887068 2.81073 -0.840054 0.85967 -1.21014 0.400312 0.650808 0.736488 2.61633 0.517342 1.14098 2.96493 2.97655 2.76461 -0.700751 -0.264724 0.883271 -0.537805 0.728312 -0.570092 
-1.72525 0.915737 -1.70042 -1.35802 2.16597 -1.25657 1.03003 -2.51014 -1.22891 -0.82729 -0.890159 2.83599 -0.842425 0.866092 -1.21296 0.401425 0.655973 0.750493 2.5875 0.506584 1.13143 2.95529 3.00332 2.77613 -0.704046 -0.273382 0.873569 -0.549826 0.747097 -0.553993 
-1.74097 0.912048 -1.69306 -1.37542 2.13044 -1.26894 1.02366 -2.49184 -1.23263 -0.830662 -0.904277 2.85279 -0.85341 0.874253 -1.22979 0.400832 0.666617 0.751727 2.55778 0.498771 1.13468 2.95218 3.03874 2.79286 -0.712167 -0.276913 0.871178 -0.5454 0.76979 -0.541661 
-1.76125 0.899555 -1.67441 -1.40392 2.09682 -1.25605 1.01719 -2.47011 -1.25121 -0.805464 -0.901228 2.86767 -0.851162 0.894498 -1.24859 0.402413 0.657133 0.745348 2.56358 0.505452 1.14625 2.95658 3.06484 2.81288 -0.72708 -0.287365 0.887475 -0.530944 0.796016 -0.538205 
-1.77246 0.885991 -1.65173 -1.43741 2.07502 -1.23771 1.00901 -2.44452 -1.27854 -0.777234 -0.894516 2.87481 -0.850271 0.913143 -1.27082 0.406627 0.648771 0.740874 2.558 0.504785 1.15785 2.96112 3.0912 2.81805 -0.733985 -0.298715 0.903049 -0.524724 0.829283 -0.530634 
-1.77005 0.866787 -1.6327 -1.46402 2.04081 -1.23402 1.00179 -2.42971 -1.30168 -0.7547 -0.89005 2.8843 -0.858299 0.94606 -1.28731 0.413072 0.649162 0.736315 2.55264 0.511425 1.16467 2.94228 3.10657 2.82904 -0.751065 -0.300511 0.896495 -0.539013 0.862685 -0.52539 
-1.80584 0.858185 -1.63055 -1.51074 2.01218 -1.25593 0.964788 -2.40112 -1.31713 -0.763976 -0.890892 2.88325 -0.873803 0.954241 -1.29568 0.408143 0.609852 0.720044 2.50468 0.577082 1.1752 2.93806 3.16259 2.8404 -0.75743 -0.251504 0.866504 -0.546763 0.918369 -0.535311 
-1.80199 0.854926 -1.62724 -1.51324 2.01433 -1.25877 0.955313 -2.40195 -1.32024 -0.76358 -0.88164 2.87446 -0.885044 0.942639 -1.30738 0.422182 0.597213 0.698037 2.47461 0.566372 1.16729 2.95765 3.17489 2.85291 -0.766975 -0.255261 0.85888 -0.563571 0.938527 -0.544788 
-1.81485 0.851712 -1.62895 -1.51133 2.02644 -1.28138 0.953076 -2.40555 -1.31654 -0.766182 -0.892233 2.89071 -0.882624 0.944573 -1.28581 0.419578 0.605 0.709811 2.43609 0.56536 1.14076 2.94786 3.19398 2.85043 -0.767841 -0.260872 0.82898 -0.549629 0.963576 -0.554299 
-1.81969 0.845124 -1.61633 -1.49765 2.03537 -1.27194 0.934128 -2.40169 -1.32698 -0.76133 -0.885626 2.87221 -0.864819 0.935445 -1.28426 0.407327 0.60816 0.725161 2.42933 0.56385 1.14826 2.92286 3.19868 2.85055 -0.768923 -0.257769 0.833953 -0.551298 0.97935 -0.551494 
-1.83265 0.842957 -1.6154 -1.48645 2.05668 -1.22487 0.903644 -2.37723 -1.35763 -0.764556 -0.898846 2.86815 -0.813103 0.918058 -1.2962 0.374643 0.621443 0.747999 2.45336 0.57214 1.18328 2.90293 3.20403 2.8571 -0.781426 -0.247804 0.825209 -0.566065 0.991365 -0.552921 
-1.80443 0.840642 -1.5968 -1.48656 2.07643 -1.24506 0.90608 -2.36552 -1.33518 -0.763386 -0.912671 2.87266 -0.818963 0.934095 -1.29216 0.373222 0.634316 0.761296 2.45665 0.578108 1.1843 2.88512 3.17681 2.86641 -0.777496 -0.241862 0.78672 -0.574918 0.98551 -0.545903 
-1.76009 0.83978 -1.58553 -1.48869 2.10926 -1.24446 0.90709 -2.35879 -1.30973 -0.759971 -0.905762 2.85761 -0.80946 0.948402 -1.27678 0.376762 0.632167 0.770225 2.4622 0.5759 1.19801 2.86794 3.14984 2.87726 -0.769373 -0.22913 0.754436 -0.579579 0.963883 -0.525306 
-1.73466 0.830991 -1.58258 -1.50566 2.13234 -1.26787 0.899794 -2.35522 -1.28568 -0.747728 -0.889471 2.82614 -0.791386 0.979808 -1.26702 0.366776 0.629514 0.782996 2.44293 0.56239 1.18515 2.8512 3.15505 2.87658 -0.754337 -0.19594 0.736438 -0.584799 0.960118 -0.52938 
-1.72141 0.813023 -1.59456 -1.51142 2.14849 -1.33741 0.88167 -2.35432 -1.26855 -0.720299 -0.861016 2.8026 -0.764828 0.995255 -1.28191 0.349351 0.611227 0.800627 2.42762 0.530139 1.18236 2.85615 3.16817 2.86166 -0.730253 -0.168896 0.729131 -0.597707 0.966609 -0.546923 
-1.72617 0.791315 -1.61826 -1.52063 2.17058 -1.39596 0.871347 -2.36352 -1.27283 -0.707858 -0.836718 2.77458 -0.759637 1.00718 -1.29297 0.340015 0.604819 0.809518 2.40175 0.506113 1.1816 2.85939 3.18136 2.8419 -0.718905 -0.139867 0.717398 -0.60571 0.967459 -0.57316 
-1.75806 0.77873 -1.6671 -1.55208 2.19198 -1.41754 0.853388 -2.37395 -1.30359 -0.717733 -0.823458 2.74891 -0.786172 1.00616 -1.31528 0.341447 0.624756 0.778135 2.35408 0.465845 1.18756 2.84749 3.1987 2.82891 -0.72987 -0.114079 0.689592 -0.61446 0.947283 -0.585239 
-1.77126 0.783111 -1.67165 -1.56879 2.19828 -1.4239 0.851551 -2.38337 -1.3107 -0.695388 -0.800834 2.75726 -0.781862 1.00855 -1.31136 0.335563 0.630522 0.77659 2.32241 0.408942 1.19634 2.83005 3.19921 2.82839 -0.743497 -0.110471 0.679344 -0.614168 0.929402 -0.621566 
-1.75255 0.771685 -1.67615 -1.57298 2.17731 -1.43741 0.858658 -2.40268 -1.29389 -0.668962 -0.765444 2.78923 -0.799549 1.02411 -1.30497 0.355296 0.614037 0.758293 2.32251 0.393462 1.19604 2.83059 3.1639 2.84627 -0.738571 -0.125068 0.669721 -0.622552 0.903591 -0.65013 
-1.73746 0.774903 -1.6867 -1.57716 2.17038 -1.45178 0.862403 -2.42721 -1.26412 -0.644568 -0.728636 2.82561 -0.811369 1.02491 -1.30566 0.379216 0.600043 0.740077 2.33114 0.391466 1.18758 2.83489 3.13793 2.85882 -0.728729 -0.135275 0.659656 -0.614526 0.881468 -0.620252 
-1.73982 0.786791 -1.70163 -1.57557 2.17459 -1.46254 0.853325 -2.43264 -1.24221 -0.639751 -0.717736 2.86558 -0.805375 1.00982 -1.29201 0.409714 0.597125 0.722723 2.33061 0.399077 1.17555 2.8248 3.12456 2.854 -0.71088 -0.145339 0.657412 -0.625604 0.875178 -0.603045 
-1.72382 0.79966 -1.716 -1.57548 2.18762 -1.47481 0.855635 -2.44729 -1.22871 -0.638765 -0.727132 2.89737 -0.797148 1.00159 -1.2818 0.441575 0.605163 0.717565 2.32825 0.39874 1.15735 2.80385 3.11701 2.84467 -0.704291 -0.151994 0.64762 -0.620004 0.868446 -0.597123 
-1.69819 0.815299 -1.71407 -1.55345 2.18774 -1.48661 0.871888 -2.46472 -1.22629 -0.616531 -0.734065 2.92366 -0.777724 0.983101 -1.27881 0.462363 0.587611 0.716629 2.3232 0.392427 1.14344 2.79698 3.09692 2.83079 -0.713879 -0.163289 0.647124 -0.611233 0.861133 -0.60381 
-1.67206 0.817293 -1.74955 -1.52848 2.19702 -1.51209 0.86308 -2.46559 -1.22103 -0.597353 -0.72528 2.94068 -0.743943 0.964981 -1.26084 0.45597 0.558478 0.704422 2.34963 0.395331 1.13765 2.80508 3.09087 2.81721 -0.719322 -0.15729 0.643109 -0.616768 0.844971 -0.600698 
-1.64967 0.823476 -1.75396 -1.50293 2.21244 -1.52632 0.858056 -2.47013 -1.23017 -0.592591 -0.721251 2.95525 -0.713979 0.943944 -1.23946 0.4765 0.52954 0.705537 2.37711 0.401031 1.14124 2.80082 3.06843 2.8146 -0.728295 -0.168351 0.64512 -0.617069 0.849827 -0.605567 
-1.62319 0.833324 -1.76295 -1.48185 2.22089 -1.54954 0.830178 -2.45887 -1.22044 -0.559338 -0.702375 2.97233 -0.673926 0.911581 -1.22855 0.484263 0.486506 0.689864 2.37158 0.412525 1.13418 2.79062 3.04802 2.81015 -0.725391 -0.161932 0.71754 -0.614743 0.857019 -0.589618 
-1.58909 0.837374 -1.7826 -1.42577 2.20898 -1.5675 0.828198 -2.45047 -1.198 -0.515709 -0.701592 2.97568 -0.637942 0.868045 -1.22224 0.501707 0.420147 0.670428 2.36701 0.412951 1.14157 2.76457 3.0266 2.79789 -0.722902 -0.14339 0.765788 -0.590073 0.841267 -0.573041 
-1.56475 0.849068 -1.82089 -1.34955 2.18992 -1.59523 0.815362 -2.44562 -1.17615 -0.491322 -0.707586 2.95897 -0.58771 0.852466 -1.21151 0.545348 0.364096 0.651251 2.35172 0.427292 1.14251 2.74406 3.05106 2.78152 -0.713153 -0.124782 0.77506 -0.565415 0.817663 -0.563737 
-1.55976 0.843683 -1.84204 -1.24859 2.17981 -1.63548 0.794658 -2.44787 -1.17699 -0.465391 -0.697386 2.92371 -0.536651 0.840714 -1.21684 0.562229 0.301193 0.648468 2.33625 0.434818 1.14399 2.72575 3.06199 2.76509 -0.699285 -0.0921963 0.782881 -0.542736 0.792609 -0.525171 
-1.58766 0.820582 -1.84813 -1.11743 2.17156 -1.65953 0.771038 -2.46038 -1.19299 -0.438987 -0.61703 2.85512 -0.494983 0.853606 -1.22634 0.542995 0.232834 0.674332 2.31632 0.424094 1.14918 2.70836 3.07656 2.75467 -0.6685 -0.0523705 0.786854 -0.531869 0.757141 -0.461821 
-1.61676 0.799593 -1.8344 -0.975182 2.16493 -1.6672 0.769107 -2.47984 -1.21708 -0.399013 -0.52813 2.77665 -0.454857 0.897062 -1.23518 0.523812 0.17825 0.725416 2.27086 0.40072 1.14688 2.68955 3.08421 2.73526 -0.614439 -0.00736523 0.80607 -0.520092 0.739323 -0.392125 
-1.62634 0.775244 -1.81993 -0.882988 2.15817 -1.63911 0.771316 -2.501 -1.24553 -0.399851 -0.472 2.76646 -0.438095 0.913257 -1.18037 0.505759 0.16222 0.76967 2.2712 0.364046 1.15154 2.69233 3.09114 2.73733 -0.615686 0.0188022 0.831785 -0.514147 0.736743 -0.356702 
-1.63296 0.754828 -1.79114 -0.812184 2.1556 -1.62635 0.793622 -2.54734 -1.29292 -0.374682 -0.423555 2.75761 -0.431118 0.924561 -1.13645 0.489877 0.132915 0.788342 2.25607 0.327623 1.13577 2.69577 3.10301 2.74391 -0.649188 0.0168268 0.85321 -0.484629 0.727144 -0.323306 
