Mean 0 Mean 1 Mean 2 Mean 3 Mean 4 Mean 5 Mean 6 Mean 7 Mean 8 Mean 9 Mean 10 Mean 11 Mean 12 Mean 13 Mean 14 Mean 15 Mean 16 Mean 17 Mean 18 Mean 19 Mean 20 Mean 21 Mean 22 Mean 23 Mean 24 Mean 25 Mean 26 Mean 27 Mean 28 Mean 29 
1.05396 -2.19149 -2.25697 -2.66937 1.22243 0.999368 0.779363 -1.92346 0.744188 -1.48504 1.25898 1.34873 1.04594 0.827833 -1.39608 -2.92131 0.594705 -0.231881 1.38863 -2.54852 0.642165 0.480047 2.25451 0.983349 2.61951 -2.58408 -2.64449 2.00958 0.926963 0.857885 
1.05634 -2.18998 -2.26547 -2.67736 1.21405 1.00296 0.790214 -1.93129 0.749194 -1.4664 1.26256 1.33626 1.05053 0.825048 -1.40221 -2.9285 0.616236 -0.227144 1.38424 -2.54405 0.620483 0.484809 2.25116 0.968013 2.61988 -2.58903 -2.64265 2.02159 0.926079 2.02489 
1.06183 -2.18991 -2.26875 -2.67783 1.20608 1.0061 0.80626 -1.93504 0.746973 -1.46193 1.2689 1.32837 1.05753 0.819249 -1.40528 -2.92996 0.614068 -0.230825 1.38899 -2.54136 0.610975 0.481092 2.25282 0.961875 2.62477 -2.58753 -2.64929 2.02962 0.934429 2.41478 
1.05882 -2.21951 -2.26873 -2.66664 1.20867 0.99847 0.798139 -1.94212 0.740298 -1.4687 1.2647 1.33139 1.05114 0.832556 -1.42351 -2.91643 0.601384 -0.242524 1.3902 -2.54687 0.627137 0.484485 2.26908 0.967728 2.62559 -2.59114 -2.64613 2.02598 0.937921 2.5988 
1.05909 -2.24602 -2.27623 -2.66159 1.18842 0.992652 0.795016 -1.96445 0.741384 -1.47499 1.26968 1.32933 1.04932 0.840132 -1.43641 -2.8913 0.604247 -0.241497 1.38186 -2.56149 0.64943 0.487527 2.28443 0.967588 2.62727 -2.60522 -2.65036 2.03153 0.940307 2.6911 
1.05924 -2.26396 -2.28172 -2.65498 1.17223 0.984966 0.792527 -1.98337 0.737645 -1.47907 1.28545 1.32372 1.04687 0.852408 -1.44616 -2.87603 0.601508 -0.243084 1.38852 -2.56817 0.669792 0.491539 2.29514 0.963352 2.62947 -2.61704 -2.65706 2.03204 0.938797 2.74967 
1.05477 -2.27608 -2.29039 -2.64836 1.1632 0.98299 0.791683 -1.99841 0.727152 -1.47886 1.29718 1.31822 1.03778 0.863662 -1.45399 -2.86303 0.60118 -0.249674 1.38845 -2.57933 0.672946 0.485755 2.29986 0.960899 2.62864 -2.62613 -2.66951 2.02256 0.94432 2.79345 
1.04695 -2.28536 -2.30139 -2.64546 1.1556 0.98054 0.791863 -2.01959 0.717376 -1.47588 1.3097 1.32712 1.0248 0.875381 -1.45455 -2.85288 0.594261 -0.263196 1.37511 -2.60035 0.669446 0.47733 2.30736 0.957486 2.63444 -2.62949 -2.67244 2.02405 0.960497 2.82941 
1.03962 -2.28808 -2.30766 -2.65111 1.14511 0.973503 0.793345 -2.03524 0.711021 -1.46531 1.31602 1.33533 1.01609 0.884977 -1.452 -2.85093 0.587846 -0.268929 1.35785 -2.61248 0.664021 0.462769 2.31079 0.955744 2.64401 -2.62911 -2.67385 2.03241 0.977427 2.86262 
1.03339 -2.28302 -2.31263 -2.66195 1.13351 0.970608 0.793556 -2.04843 0.705677 -1.44938 1.32286 1.33592 1.01945 0.892796 -1.44558 -2.85028 0.584908 -0.270734 1.34175 -2.62801 0.657857 0.451402 2.30983 0.961227 2.64942 -2.62697 -2.67517 2.03992 0.987017 2.88133 
1.02325 -2.28197 -2.31561 -2.67261 1.10625 0.979863 0.787057 -2.05165 0.701953 -1.41578 1.33514 1.34247 1.03754 0.881866 -1.43148 -2.85554 0.580486 -0.267297 1.32642 -2.63178 0.651661 0.428196 2.29736 0.974562 2.65531 -2.61945 -2.66949 2.05548 0.990248 2.88902 
1.01717 -2.28327 -2.31375 -2.68274 1.08602 0.991842 0.782613 -2.04921 0.690397 -1.38658 1.34588 1.34771 1.05697 0.86927 -1.42818 -2.85325 0.571384 -0.271098 1.31039 -2.64039 0.653294 0.420103 2.28678 0.97711 2.65573 -2.61573 -2.66853 2.06921 0.995423 2.89582 
1.00546 -2.28252 -2.31703 -2.68686 1.06222 1.00695 0.770326 -2.04715 0.688764 -1.35992 1.3551 1.34379 1.07589 0.854213 -1.42748 -2.85404 0.564168 -0.27932 1.30706 -2.64003 0.649522 0.413948 2.27653 0.987805 2.65151 -2.61064 -2.66175 2.08062 0.999171 2.88639 
0.99426 -2.28155 -2.31831 -2.69156 1.04071 1.01606 0.75902 -2.04267 0.686064 -1.33217 1.36323 1.34561 1.08574 0.842775 -1.42382 -2.85546 0.547078 -0.291616 1.29547 -2.64464 0.649249 0.415375 2.26635 0.996503 2.64822 -2.61146 -2.6505 2.09298 1.0072 2.8862 
0.990669 -2.27979 -2.3156 -2.69944 1.0277 1.01628 0.757724 -2.04181 0.679919 -1.311 1.36427 1.34775 1.08799 0.835985 -1.42384 -2.84834 0.531478 -0.306195 1.28579 -2.64507 0.652293 0.422072 2.25447 0.997098 2.64528 -2.61901 -2.64388 2.10083 1.01782 2.89341 
0.972229 -2.2809 -2.30476 -2.69584 1.02903 1.01381 0.758364 -2.03872 0.672935 -1.28616 1.36935 1.35768 1.08461 0.840778 -1.43256 -2.84818 0.52021 -0.311733 1.27603 -2.66499 0.659981 0.429991 2.24468 0.994056 2.64476 -2.62493 -2.64587 2.11185 1.02961 2.89224 
0.958979 -2.26211 -2.30438 -2.69585 1.02957 0.999012 0.7564 -2.03583 0.661394 -1.26826 1.36987 1.35985 1.07425 0.850038 -1.43436 -2.84644 0.528743 -0.30777 1.24956 -2.68749 0.670307 0.422332 2.23999 0.985653 2.63913 -2.64286 -2.65778 2.11391 1.05171 2.88631 
0.940493 -2.24003 -2.31797 -2.7092 1.03728 0.989535 0.753983 -2.02416 0.646289 -1.25272 1.36826 1.35575 1.0622 0.859326 -1.42776 -2.83544 0.541183 -0.302932 1.21285 -2.7133 0.68601 0.41954 2.22974 0.971067 2.63562 -2.67029 -2.66716 2.1146 1.07222 2.88074 
0.9379 -2.22572 -2.32739 -2.70409 1.04858 0.973509 0.762227 -2.03012 0.638628 -1.24889 1.38072 1.35267 1.05372 0.86559 -1.43866 -2.82028 0.539815 -0.306753 1.19489 -2.72934 0.699258 0.424857 2.22745 0.956023 2.62931 -2.70299 -2.68097 2.12588 1.09988 2.88362 
0.947255 -2.18407 -2.32053 -2.67867 1.06587 0.938119 0.810062 -2.0359 0.652714 -1.22329 1.43753 1.31331 1.0348 0.842888 -1.46716 -2.81056 0.576128 -0.299506 1.19931 -2.75341 0.750483 0.406458 2.21902 0.947758 2.58475 -2.7679 -2.72347 2.17154 1.13302 2.91844 
0.948696 -2.13886 -2.31545 -2.65023 1.09022 0.88945 0.845286 -2.04376 0.668325 -1.19742 1.49266 1.26319 1.0109 0.817999 -1.50185 -2.80105 0.610661 -0.281034 1.19163 -2.76887 0.798419 0.392207 2.21018 0.927993 2.5417 -2.82946 -2.74587 2.21659 1.16573 2.95142 
0.955848 -2.08917 -2.31122 -2.62985 1.11813 0.841495 0.867652 -2.06089 0.697302 -1.17601 1.54036 1.22525 0.992856 0.80067 -1.53885 -2.79445 0.637564 -0.263489 1.18137 -2.77599 0.842674 0.379591 2.19869 0.90318 2.49965 -2.8868 -2.76595 2.25909 1.19398 2.97242 
0.962976 -2.03863 -2.31271 -2.62181 1.1269 0.813029 0.899739 -2.08183 0.722839 -1.15059 1.59494 1.20726 0.994464 0.784771 -1.57357 -2.78378 0.663151 -0.25857 1.18772 -2.7972 0.890181 0.368394 2.19321 0.881416 2.46792 -2.92783 -2.7944 2.29413 1.2212 2.97952 
0.969769 -1.98709 -2.31501 -2.61957 1.14787 0.78322 0.927716 -2.1004 0.74541 -1.12603 1.65258 1.17764 0.987005 0.771115 -1.60298 -2.77214 0.691391 -0.247161 1.18096 -2.82155 0.918988 0.363531 2.18258 0.8639 2.4508 -2.96477 -2.82476 2.33006 1.24701 2.9823 
0.972376 -1.95537 -2.31715 -2.62389 1.17746 0.749933 0.938745 -2.10918 0.75135 -1.10518 1.688 1.1412 0.961498 0.755877 -1.63841 -2.75946 0.714831 -0.230611 1.15556 -2.83215 0.929598 0.36042 2.16583 0.853139 2.43011 -2.98976 -2.83196 2.35547 1.26425 2.99772 
0.975086 -1.94751 -2.31846 -2.63903 1.19706 0.72738 0.946049 -2.11096 0.738294 -1.08991 1.72771 1.10399 0.945773 0.75696 -1.66789 -2.75796 0.731202 -0.216337 1.13077 -2.85389 0.936338 0.352403 2.1629 0.836686 2.42409 -3.00847 -2.84253 2.36676 1.27817 3.01064 
0.961974 -1.963 -2.31468 -2.67002 1.20574 0.729935 0.93358 -2.11502 0.698719 -1.09588 1.75156 1.099 0.958623 0.802629 -1.66383 -2.76216 0.706027 -0.212116 1.11427 -2.89151 0.922243 0.349524 2.17829 0.816562 2.4553 -2.97913 -2.8329 2.35563 1.27912 3.00466 
0.96226 -1.98075 -2.32143 -2.69247 1.20755 0.730489 0.932413 -2.12501 0.660271 -1.10972 1.75539 1.10498 0.968038 0.847365 -1.65064 -2.74744 0.672881 -0.196056 1.10936 -2.90959 0.912964 0.348565 2.17565 0.792935 2.50375 -2.96006 -2.83626 2.34497 1.28935 3.00418 
0.967982 -1.99419 -2.33075 -2.70905 1.21951 0.730315 0.936886 -2.1349 0.637924 -1.12455 1.74975 1.13423 0.987573 0.874151 -1.61572 -2.72961 0.640772 -0.190481 1.11581 -2.89541 0.901024 0.340519 2.15024 0.787934 2.55412 -2.94662 -2.843 2.34567 1.30648 3.01105 
0.970024 -1.98763 -2.33684 -2.71272 1.22245 0.730542 0.941468 -2.15182 0.612278 -1.14317 1.73569 1.16852 0.993465 0.899384 -1.58056 -2.71162 0.601195 -0.20185 1.13049 -2.89584 0.893248 0.334563 2.12718 0.782149 2.58179 -2.93333 -2.84676 2.34609 1.33051 3.01684 
0.973357 -1.95325 -2.33064 -2.70104 1.21179 0.752175 0.940607 -2.18097 0.60184 -1.1522 1.69891 1.20742 0.996072 0.914304 -1.56158 -2.70881 0.58911 -0.212535 1.14807 -2.89658 0.87225 0.326144 2.12166 0.804992 2.60242 -2.9173 -2.85562 2.33898 1.32244 3.00361 
0.983862 -1.91284 -2.33819 -2.69521 1.2109 0.774278 0.942252 -2.213 0.595954 -1.15649 1.66067 1.23953 1.00175 0.91984 -1.54163 -2.69041 0.597365 -0.216403 1.15922 -2.89278 0.840779 0.310556 2.1241 0.815022 2.64331 -2.89087 -2.86466 2.32082 1.30806 2.98831 
0.984325 -1.86713 -2.33529 -2.70181 1.20503 0.800086 0.962793 -2.24172 0.564685 -1.16035 1.63823 1.26979 1.01247 0.907919 -1.52648 -2.68508 0.61118 -0.216663 1.17871 -2.89467 0.817337 0.312139 2.1279 0.810306 2.68689 -2.85055 -2.83918 2.31369 1.30518 2.96154 
0.994662 -1.81165 -2.32632 -2.71042 1.20392 0.840269 0.987775 -2.26792 0.542261 -1.16203 1.61806 1.27408 1.01882 0.907006 -1.50287 -2.6634 0.6263 -0.203684 1.20459 -2.88233 0.79747 0.307964 2.14067 0.799465 2.73192 -2.79194 -2.79376 2.29972 1.29585 2.93083 
1.0169 -1.80813 -2.33794 -2.71936 1.19633 0.86292 0.991177 -2.28309 0.503982 -1.17495 1.59423 1.32791 1.03363 0.902528 -1.47078 -2.6477 0.590399 -0.213931 1.21148 -2.87053 0.799211 0.304197 2.14451 0.7503 2.75468 -2.70692 -2.7894 2.28799 1.26709 2.94125 
1.00897 -1.81148 -2.36056 -2.73451 1.18767 0.885348 0.970124 -2.30112 0.436168 -1.18024 1.58371 1.38917 1.05331 0.895021 -1.44692 -2.64676 0.552815 -0.212774 1.1613 -2.85292 0.796402 0.310784 2.17279 0.674176 2.78201 -2.62942 -2.77657 2.27788 1.24156 2.94439 
1.02826 -1.80456 -2.38008 -2.71885 1.17965 0.919136 0.956617 -2.31264 0.389096 -1.17927 1.57489 1.45934 1.06551 0.880119 -1.41168 -2.65272 0.509319 -0.220264 1.10151 -2.81164 0.794052 0.313059 2.1926 0.584118 2.79736 -2.51945 -2.76347 2.27339 1.21099 2.94537 
1.05288 -1.79183 -2.39717 -2.69714 1.17375 0.948509 0.94481 -2.31671 0.345158 -1.18442 1.54588 1.54106 1.074 0.861476 -1.35232 -2.64835 0.470318 -0.242563 1.03654 -2.75496 0.798119 0.321594 2.21708 0.497179 2.81859 -2.41668 -2.74708 2.2608 1.15056 2.94309 
1.00276 -1.75739 -2.41173 -2.6991 1.18455 0.953458 0.918461 -2.32648 0.285753 -1.1804 1.55223 1.5625 1.06276 0.832222 -1.30507 -2.63409 0.460085 -0.214665 1.01553 -2.76991 0.799895 0.335364 2.2764 0.474793 2.85571 -2.31179 -2.72743 2.25476 1.15083 2.90758 
0.936011 -1.73732 -2.43151 -2.70815 1.21711 0.928333 0.893415 -2.34787 0.19838 -1.16039 1.54818 1.58628 1.04362 0.795377 -1.23746 -2.59716 0.465231 -0.152753 0.994299 -2.76942 0.819997 0.335333 2.37563 0.435325 2.90799 -2.17428 -2.74311 2.24514 1.12886 2.85665 
