Mean 0 Mean 1 Mean 2 Mean 3 Mean 4 Mean 5 Mean 6 Mean 7 Mean 8 Mean 9 Mean 10 Mean 11 Mean 12 Mean 13 Mean 14 Mean 15 Mean 16 Mean 17 Mean 18 Mean 19 Mean 20 Mean 21 Mean 22 Mean 23 Mean 24 Mean 25 Mean 26 Mean 27 Mean 28 Mean 29 
0.937805 -1.53949 -2.24838 -1.35208 2.53511 1.13212 0.908789 1.11375 -2.48014 -0.982623 2.56593 2.65253 -2.48675 1.05477 0.975899 -0.082142 -0.421832 -0.0667108 2.72122 0.283289 0.411958 0.774239 0.373939 -2.29747 1.99528 0.0664537 -2.66599 0.0322006 -2.62562 0.368375 
0.938595 -1.54487 -2.25209 -1.36036 2.53953 1.13335 0.912573 1.11603 -2.48455 -0.981585 2.57334 2.64334 -2.49417 1.06097 0.979579 -0.0731815 -0.419361 -0.0685678 2.71896 0.285139 0.407272 0.770011 0.372072 -2.67527 1.98902 0.0693216 -2.65426 0.360952 -2.62997 0.373558 
0.940568 -1.55179 -2.25739 -1.35982 2.54333 1.12688 0.912052 1.11457 -2.4907 -0.981781 2.57411 2.63295 -2.49038 1.06422 0.982715 -0.0714825 -0.417003 -0.0728072 2.72071 0.286105 0.401297 0.768907 0.374013 -2.80877 1.99058 0.0732172 -2.65564 1.39472 -2.62973 0.369644 
0.940839 -1.55642 -2.25863 -1.35964 2.53748 1.12013 0.907633 1.10931 -2.4899 -0.980326 2.57589 2.63056 -2.48281 1.06569 0.984725 -0.0723206 -0.420416 -0.0735519 2.72482 0.281254 0.397535 0.769193 0.379366 -2.87618 1.99076 0.0679055 -2.65844 1.91188 -2.62149 0.362682 
0.935409 -1.55697 -2.25453 -1.3573 2.53214 1.11392 0.899605 1.09864 -2.49173 -0.980864 2.57594 2.63383 -2.47719 1.06203 0.987135 -0.0709943 -0.422804 -0.0763994 2.72697 0.276251 0.400584 0.768629 0.384261 -2.91559 1.991 0.0602214 -2.66621 2.21762 -2.61252 0.352707 
0.926926 -1.5544 -2.252 -1.35827 2.53459 1.1023 0.889242 1.08971 -2.49247 -0.988624 2.57944 2.63371 -2.47722 1.0583 0.989599 -0.0781341 -0.422846 -0.0732852 2.73101 0.276287 0.411451 0.765149 0.387907 -2.93902 1.99753 0.0485035 -2.68056 2.41525 -2.6053 0.351828 
0.922838 -1.54905 -2.24842 -1.3657 2.53893 1.0978 0.889855 1.09292 -2.49959 -0.992445 2.58225 2.62289 -2.47985 1.05603 0.986362 -0.0802957 -0.425905 -0.0673243 2.71852 0.272412 0.41476 0.757389 0.387777 -2.95392 1.99503 0.0375537 -2.68895 2.5505 -2.59338 0.357107 
0.917075 -1.53958 -2.2419 -1.37186 2.5391 1.09462 0.891341 1.09158 -2.51367 -0.985132 2.5874 2.61074 -2.48509 1.05468 0.980447 -0.074872 -0.427812 -0.0634908 2.70494 0.267157 0.421303 0.749274 0.382688 -2.96863 1.98493 0.0166037 -2.68471 2.65063 -2.58083 0.363273 
0.91063 -1.5293 -2.23671 -1.37765 2.53868 1.09225 0.890977 1.08807 -2.5269 -0.976409 2.59117 2.60015 -2.48555 1.05517 0.973369 -0.0692523 -0.430814 -0.0586512 2.6941 0.264456 0.424436 0.740447 0.375602 -2.97773 1.9791 -0.00407932 -2.68211 2.72527 -2.56845 0.366683 
0.900933 -1.52403 -2.23373 -1.38574 2.52948 1.09502 0.890309 1.08244 -2.54052 -0.966276 2.58656 2.5959 -2.48304 1.05874 0.964196 -0.0552491 -0.431521 -0.0573488 2.6862 0.264527 0.425215 0.734485 0.368413 -2.98734 1.97216 -0.0258324 -2.67243 2.7878 -2.55664 0.369042 
0.884935 -1.51937 -2.23701 -1.3949 2.51801 1.10088 0.88803 1.08043 -2.55308 -0.956441 2.56882 2.59742 -2.47509 1.0632 0.949218 -0.0382415 -0.435294 -0.0591947 2.6748 0.268693 0.425307 0.727862 0.365847 -2.99257 1.96752 -0.0370133 -2.66162 2.84143 -2.54355 0.355703 
0.863374 -1.51974 -2.2378 -1.40289 2.5039 1.10498 0.880182 1.08402 -2.56537 -0.940341 2.55028 2.60102 -2.46596 1.06956 0.93287 -0.027615 -0.439522 -0.0568462 2.6647 0.276805 0.433177 0.724744 0.366252 -2.99883 1.95808 -0.0602042 -2.6573 2.88204 -2.52827 0.343953 
0.841462 -1.52034 -2.23445 -1.40669 2.48771 1.10687 0.873 1.09059 -2.5674 -0.913961 2.52785 2.60071 -2.45592 1.0776 0.914659 -0.015294 -0.444964 -0.0505121 2.6447 0.28261 0.444782 0.716189 0.368268 -2.99569 1.94858 -0.0804928 -2.6584 2.91496 -2.50665 0.332089 
0.828246 -1.52966 -2.22932 -1.40868 2.4734 1.11034 0.852616 1.09404 -2.56471 -0.891967 2.5151 2.60161 -2.45097 1.08919 0.896179 -0.0147022 -0.457877 -0.0416726 2.63143 0.2939 0.449442 0.712208 0.368243 -2.99233 1.93313 -0.097505 -2.66599 2.9324 -2.48308 0.319028 
0.819912 -1.54076 -2.21669 -1.41517 2.45996 1.1223 0.83033 1.0948 -2.56528 -0.885341 2.50784 2.60567 -2.45635 1.10212 0.883364 -0.0143664 -0.471804 -0.0426271 2.62695 0.306018 0.451174 0.71288 0.370063 -2.98631 1.9095 -0.113659 -2.67135 2.94381 -2.4596 0.314036 
0.809076 -1.55189 -2.18845 -1.43795 2.45048 1.15075 0.830086 1.10217 -2.57048 -0.873166 2.51111 2.59398 -2.45893 1.12212 0.869362 -0.0183838 -0.475998 -0.0382161 2.59996 0.315479 0.433453 0.712321 0.371886 -2.97208 1.8781 -0.13202 -2.66631 2.95257 -2.42689 0.317236 
0.795995 -1.5618 -2.17503 -1.46682 2.43272 1.17156 0.827852 1.12271 -2.5721 -0.854467 2.51167 2.59425 -2.45957 1.13637 0.862004 -0.0189111 -0.476748 -0.0325449 2.56563 0.320067 0.421064 0.705965 0.376364 -2.96687 1.85856 -0.147459 -2.66372 2.96779 -2.38935 0.321611 
0.782509 -1.56981 -2.17172 -1.49007 2.40695 1.177 0.83551 1.15164 -2.5695 -0.842615 2.51426 2.59065 -2.45797 1.14473 0.869034 -0.0215539 -0.474674 -0.0290904 2.52859 0.329008 0.401896 0.69236 0.377484 -2.96051 1.84139 -0.161346 -2.66522 2.97968 -2.35114 0.324911 
0.75926 -1.56768 -2.16743 -1.5142 2.37586 1.16513 0.840714 1.17873 -2.55615 -0.827776 2.50962 2.60581 -2.44658 1.15899 0.858262 -0.0281792 -0.455125 -0.0216887 2.51714 0.33644 0.385631 0.680729 0.37192 -2.94808 1.80833 -0.179015 -2.68922 2.99985 -2.30972 0.309278 
0.734807 -1.56382 -2.1809 -1.53993 2.34957 1.13307 0.82867 1.20795 -2.55173 -0.825079 2.47706 2.64254 -2.43621 1.17355 0.841239 -0.0309853 -0.423892 -0.0144826 2.51636 0.339173 0.383146 0.675134 0.370974 -2.95063 1.77657 -0.207666 -2.72213 3.01712 -2.26807 0.288597 
0.712959 -1.55498 -2.19481 -1.55145 2.32147 1.08851 0.816674 1.23351 -2.54169 -0.822325 2.44749 2.6719 -2.42173 1.17956 0.809631 -0.0345986 -0.394521 -0.000198032 2.51843 0.34195 0.391749 0.664734 0.373034 -2.95985 1.74505 -0.243896 -2.76108 3.03456 -2.2363 0.268782 
0.70193 -1.53873 -2.20213 -1.54582 2.30783 1.0376 0.805196 1.24569 -2.53618 -0.81663 2.42164 2.69297 -2.41172 1.18069 0.778393 -0.0336133 -0.377104 0.0133025 2.51549 0.343954 0.398606 0.658461 0.375516 -2.98377 1.7278 -0.273638 -2.7929 3.04961 -2.20597 0.251447 
0.740484 -1.5717 -2.25596 -1.49266 2.34602 0.945639 0.788898 1.24597 -2.47809 -0.785507 2.4582 2.67437 -2.39018 1.1425 0.7392 -0.0329583 -0.419241 0.0306737 2.48578 0.345487 0.375706 0.678388 0.364064 -3.01193 1.77137 -0.267403 -2.80195 3.03549 -2.19605 0.194791 
0.782124 -1.60314 -2.31019 -1.44188 2.36854 0.857804 0.755248 1.24224 -2.40723 -0.74343 2.52515 2.65795 -2.35691 1.10871 0.741508 -0.0602736 -0.493246 0.0340765 2.45432 0.368056 0.340734 0.707229 0.33814 -3.03804 1.85859 -0.22532 -2.79475 3.01749 -2.18083 0.116323 
0.856211 -1.65683 -2.38357 -1.37398 2.39708 0.725541 0.726478 1.24288 -2.31393 -0.691448 2.61243 2.64316 -2.2964 1.06574 0.738156 -0.0820104 -0.58817 0.0411525 2.41497 0.393311 0.296348 0.743979 0.308787 -3.07532 1.98364 -0.160792 -2.80133 2.9849 -2.17046 0.00296169 
0.899834 -1.69989 -2.443 -1.33715 2.42519 0.631159 0.70591 1.25054 -2.26362 -0.666522 2.68554 2.64244 -2.24529 1.03204 0.726537 -0.100133 -0.64977 0.0525038 2.39195 0.397562 0.278304 0.763269 0.295768 -3.09254 2.04802 -0.0968813 -2.80223 2.96358 -2.17415 -0.0759582 
0.902921 -1.69988 -2.4551 -1.33024 2.44044 0.582652 0.70034 1.24426 -2.27178 -0.672649 2.68552 2.65229 -2.20366 1.0204 0.716181 -0.100029 -0.669498 0.0510235 2.38409 0.385119 0.30491 0.769859 0.296373 -3.10411 2.04483 -0.0528039 -2.80916 2.97134 -2.18946 -0.0831361 
0.883555 -1.6812 -2.43765 -1.35197 2.4429 0.573653 0.710619 1.23554 -2.3082 -0.676589 2.65065 2.67462 -2.18722 1.03312 0.707088 -0.0740746 -0.665368 0.0575621 2.36734 0.36484 0.345505 0.765426 0.297838 -3.11571 2.00905 -0.0496101 -2.81444 2.99104 -2.1907 -0.0497498 
0.869229 -1.67244 -2.41341 -1.35939 2.45009 0.578973 0.718374 1.22712 -2.3388 -0.677598 2.61503 2.68297 -2.18752 1.04057 0.700015 -0.032679 -0.671981 0.0628816 2.35983 0.343404 0.378332 0.746419 0.290058 -3.12281 1.97831 -0.0585247 -2.81095 3.01197 -2.20563 0.00396676 
0.869734 -1.65854 -2.38538 -1.3696 2.45047 0.578688 0.739562 1.21466 -2.35928 -0.667084 2.59259 2.69153 -2.19819 1.04306 0.694728 0.00287161 -0.679744 0.0635777 2.35344 0.33011 0.394361 0.71883 0.277443 -3.12213 1.91355 -0.0603358 -2.81456 3.03757 -2.22445 0.0609413 
0.881584 -1.65092 -2.35393 -1.36712 2.44539 0.587702 0.756413 1.21219 -2.37637 -0.680059 2.55825 2.70087 -2.21156 1.03613 0.69905 0.0368208 -0.681034 0.0644686 2.3458 0.31643 0.393928 0.693637 0.270556 -3.14181 1.83276 -0.0587606 -2.83688 3.05459 -2.24855 0.102435 
0.900347 -1.63254 -2.30859 -1.34832 2.43831 0.604 0.775468 1.21602 -2.39484 -0.694824 2.51281 2.71795 -2.21343 1.0121 0.708239 0.0816929 -0.681491 0.0623639 2.31563 0.296931 0.369055 0.669142 0.265145 -3.16728 1.75606 -0.0426734 -2.87107 3.06954 -2.27085 0.127208 
0.908077 -1.59682 -2.27121 -1.29533 2.427 0.635316 0.777943 1.21542 -2.42483 -0.705067 2.47614 2.72756 -2.22521 0.981136 0.7255 0.10618 -0.667645 0.0690139 2.3103 0.283725 0.32798 0.660338 0.279804 -3.1993 1.68414 -0.00812953 -2.92344 3.09217 -2.31246 0.1189 
0.918868 -1.56926 -2.24856 -1.2647 2.41851 0.666715 0.774091 1.2058 -2.45314 -0.700353 2.46131 2.7444 -2.21173 0.948495 0.742359 0.115985 -0.66058 0.0643079 2.29859 0.264834 0.307846 0.645114 0.311279 -3.19449 1.64398 0.0316564 -2.92585 3.12268 -2.34045 0.134106 
0.935162 -1.57128 -2.23017 -1.24663 2.42222 0.676745 0.764461 1.17955 -2.48661 -0.674086 2.47153 2.75421 -2.20206 0.926096 0.742439 0.134199 -0.676896 0.0581697 2.30223 0.240857 0.283236 0.642541 0.330106 -3.19475 1.61899 0.07303 -2.88488 3.14421 -2.36261 0.177615 
0.919071 -1.58246 -2.22436 -1.23433 2.42823 0.675322 0.720526 1.14056 -2.53738 -0.644673 2.47572 2.76399 -2.19909 0.921277 0.745439 0.119045 -0.703946 0.0526154 2.31243 0.197913 0.265312 0.646589 0.340917 -3.21027 1.60371 0.0883935 -2.84713 3.16821 -2.36791 0.201656 
0.890931 -1.59141 -2.22996 -1.22456 2.44072 0.70263 0.681964 1.08876 -2.57625 -0.573052 2.4919 2.76423 -2.21742 0.947215 0.72968 0.10466 -0.761537 0.0550472 2.30712 0.165815 0.244218 0.649039 0.342892 -3.22448 1.60644 0.0859128 -2.7986 3.21449 -2.36063 0.237935 
0.863563 -1.60641 -2.25612 -1.27877 2.4522 0.774121 0.624292 1.10856 -2.59606 -0.576687 2.49536 2.78624 -2.22534 0.980352 0.775044 0.0687962 -0.791077 0.0989893 2.3267 0.128032 0.264075 0.66103 0.346684 -3.22001 1.62211 0.103175 -2.74596 3.21137 -2.3318 0.324148 
0.829156 -1.60102 -2.29472 -1.43112 2.42063 0.943759 0.558815 1.24278 -2.56866 -0.660337 2.46517 2.85195 -2.17097 0.999819 0.886663 0.00535301 -0.773667 0.20728 2.3999 0.127844 0.377516 0.681649 0.346619 -3.19442 1.67338 0.213113 -2.67995 3.1497 -2.29723 0.38634 
0.784062 -1.58441 -2.32745 -1.67673 2.34415 1.17872 0.491162 1.47381 -2.49068 -0.798739 2.40023 2.94831 -2.04723 1.00577 1.02266 -0.0594719 -0.725029 0.370463 2.51788 0.181004 0.596009 0.728258 0.33603 -3.15103 1.76875 0.419243 -2.61679 3.03712 -2.27418 0.423565 
