Mean 0 Mean 1 Mean 2 Mean 3 Mean 4 Mean 5 Mean 6 Mean 7 Mean 8 Mean 9 Mean 10 Mean 11 Mean 12 Mean 13 Mean 14 Mean 15 Mean 16 Mean 17 Mean 18 Mean 19 Mean 20 Mean 21 Mean 22 Mean 23 Mean 24 Mean 25 Mean 26 Mean 27 Mean 28 Mean 29 
-2.70208 -1.36235 -1.38025 -1.83942 2.64991 0.864835 0.928337 0.939455 -1.05384 -0.927398 -1.12882 1.52291 -1.43741 0.784462 -1.27708 -0.262471 -0.714353 0.0683529 2.69466 -0.273261 0.960372 0.580395 0.486637 -0.197814 2.5195 0.306625 -2.28705 -0.229302 1.2248 1.26816 
-2.70798 -1.34731 -1.37858 -1.85112 2.65187 0.859142 0.925687 0.934429 -1.05562 -0.929503 -1.12138 1.53917 -1.43749 0.789361 -1.26469 -0.264533 -0.717285 0.0836315 2.69217 -0.276383 0.954517 0.580626 0.48644 -0.197917 2.50574 0.303701 -2.29681 -0.22085 1.21727 1.26769 
-2.7062 -1.35137 -1.36781 -1.85543 2.64047 0.853442 0.919228 0.927234 -1.07808 -0.934756 -1.11574 1.53663 -1.43412 0.790409 -1.27212 -0.258015 -0.716121 0.0840437 2.69224 -0.279444 0.958205 0.577254 0.496824 -0.19358 2.51049 0.301134 -2.29558 -0.209884 1.22088 1.26761 
-2.69783 -1.38519 -1.37134 -1.84595 2.60993 0.859039 0.918505 0.923411 -1.11609 -0.93321 -1.11892 1.51837 -1.43716 0.784108 -1.28578 -0.236161 -0.721349 0.066137 2.69992 -0.277571 0.974482 0.566968 0.497061 -0.169742 2.5356 0.301204 -2.27865 -0.199242 1.23768 1.28404 
-2.69649 -1.39744 -1.36063 -1.8464 2.58821 0.858239 0.917838 0.917493 -1.13831 -0.929396 -1.10527 1.51612 -1.4382 0.791654 -1.29639 -0.229491 -0.722636 0.0649472 2.69821 -0.281431 0.981904 0.561125 0.500777 -0.157887 2.53578 0.293304 -2.27689 -0.196179 1.25314 1.29274 
-2.69131 -1.40397 -1.35271 -1.85344 2.57718 0.861023 0.924598 0.91902 -1.1524 -0.923795 -1.08776 1.51817 -1.43778 0.798316 -1.30698 -0.225893 -0.721976 0.0682758 2.70089 -0.284279 0.988827 0.557487 0.501967 -0.150082 2.53322 0.283185 -2.28185 -0.198691 1.26833 1.29777 
-2.68228 -1.4191 -1.34823 -1.85986 2.57261 0.872733 0.926832 0.9203 -1.17158 -0.919061 -1.07355 1.51663 -1.44136 0.801836 -1.31861 -0.221813 -0.731446 0.0662152 2.70803 -0.287461 0.986307 0.561359 0.493384 -0.145239 2.53214 0.271319 -2.28021 -0.200173 1.28039 1.3009 
-2.67461 -1.42634 -1.34367 -1.86576 2.56242 0.880625 0.930402 0.921998 -1.1868 -0.913013 -1.05582 1.51271 -1.445 0.807787 -1.33562 -0.206027 -0.740426 0.0661446 2.7217 -0.287557 0.993326 0.549571 0.480039 -0.130323 2.52043 0.258195 -2.28032 -0.211136 1.29892 1.30814 
-2.6686 -1.43299 -1.33834 -1.87076 2.54963 0.890237 0.928541 0.925391 -1.2019 -0.903368 -1.03788 1.50606 -1.44455 0.815368 -1.35055 -0.189638 -0.754953 0.0672788 2.72994 -0.28702 0.998623 0.534049 0.462543 -0.117438 2.51277 0.246536 -2.272 -0.220005 1.31986 1.32324 
-2.6766 -1.4236 -1.34507 -1.88005 2.54706 0.894489 0.915769 0.925851 -1.20362 -0.896016 -1.0281 1.49209 -1.44235 0.816161 -1.36445 -0.18306 -0.761157 0.0669136 2.71727 -0.287523 0.992225 0.527227 0.448436 -0.116489 2.51518 0.242593 -2.2544 -0.2135 1.33592 1.32022 
-2.68112 -1.40956 -1.35099 -1.88754 2.54849 0.898528 0.910268 0.926633 -1.19778 -0.886465 -1.01886 1.48704 -1.43651 0.813196 -1.38274 -0.185174 -0.767681 0.0637853 2.7024 -0.289587 0.986301 0.53213 0.440469 -0.115507 2.51805 0.245381 -2.24722 -0.215092 1.35073 1.3002 
-2.68069 -1.4124 -1.35136 -1.89658 2.53525 0.90541 0.912366 0.932344 -1.19721 -0.868425 -1.01026 1.48272 -1.43751 0.820754 -1.4005 -0.178094 -0.78267 0.0474755 2.68884 -0.289742 0.992112 0.54579 0.434338 -0.105821 2.50634 0.243152 -2.25012 -0.223309 1.36504 1.29171 
-2.67984 -1.40693 -1.35699 -1.91407 2.53588 0.889288 0.918853 0.955159 -1.18762 -0.828125 -1.0077 1.4754 -1.42938 0.818845 -1.41515 -0.18733 -0.780036 0.041395 2.64835 -0.297282 1.00248 0.547357 0.43902 -0.114839 2.51457 0.241793 -2.27456 -0.225231 1.37984 1.29098 
-2.65845 -1.39832 -1.36427 -1.93202 2.52466 0.865664 0.918643 0.936891 -1.17299 -0.791813 -1.0153 1.49043 -1.42843 0.819005 -1.40874 -0.207224 -0.762478 0.039382 2.62885 -0.307133 0.992132 0.552349 0.449592 -0.136781 2.54056 0.256727 -2.30053 -0.236336 1.38803 1.27539 
-2.64966 -1.39914 -1.35145 -1.9293 2.52087 0.849976 0.908293 0.935402 -1.15653 -0.78516 -1.01428 1.48914 -1.43615 0.814574 -1.40916 -0.207274 -0.761155 0.0329819 2.61898 -0.303968 0.996971 0.545879 0.436163 -0.144928 2.54507 0.265527 -2.31839 -0.237661 1.39712 1.27156 
-2.66768 -1.39991 -1.35576 -1.89197 2.52626 0.832114 0.919063 0.947246 -1.14921 -0.778927 -1.03643 1.43844 -1.44639 0.785405 -1.42049 -0.174643 -0.774149 0.0548361 2.58745 -0.272888 1.01531 0.505625 0.43453 -0.155058 2.57589 0.292414 -2.3375 -0.230679 1.41531 1.25409 
-2.67924 -1.41052 -1.31176 -1.89284 2.54429 0.824679 0.909091 0.952757 -1.15466 -0.807908 -1.02488 1.41999 -1.47962 0.770302 -1.44794 -0.151902 -0.776639 0.0266525 2.53611 -0.266537 1.01913 0.507551 0.425679 -0.175412 2.57817 0.3117 -2.37029 -0.247162 1.41839 1.25664 
-2.67819 -1.4138 -1.30603 -1.8787 2.56686 0.823142 0.916169 0.948425 -1.15324 -0.804934 -1.01229 1.40859 -1.4842 0.768605 -1.45967 -0.142016 -0.791859 0.047987 2.51979 -0.262647 1.02092 0.502922 0.417729 -0.189129 2.57709 0.303907 -2.37978 -0.246515 1.43408 1.2396 
-2.66435 -1.42818 -1.32708 -1.83505 2.56233 0.785713 0.893178 0.952081 -1.10172 -0.768272 -0.983603 1.42003 -1.45478 0.754536 -1.47791 -0.165182 -0.846024 0.0730626 2.49578 -0.255827 1.01009 0.516302 0.410684 -0.204664 2.60566 0.301308 -2.3804 -0.258577 1.46622 1.19209 
-2.64487 -1.44471 -1.35726 -1.80474 2.57239 0.739709 0.884668 0.953121 -1.06479 -0.758175 -0.970158 1.42796 -1.4368 0.743208 -1.5005 -0.168607 -0.876294 0.0917933 2.48405 -0.254305 0.995146 0.534723 0.407978 -0.223824 2.62658 0.287077 -2.38634 -0.272112 1.4855 1.16308 
-2.64011 -1.44996 -1.36169 -1.79142 2.57262 0.717447 0.884272 0.95179 -1.0511 -0.757891 -0.98594 1.43874 -1.42559 0.735481 -1.49916 -0.15461 -0.893122 0.101931 2.48222 -0.250656 0.999212 0.5321 0.402563 -0.241715 2.63666 0.287262 -2.39597 -0.261891 1.4853 1.16553 
-2.6367 -1.46241 -1.37126 -1.78785 2.60214 0.698299 0.882868 0.941771 -1.03345 -0.754581 -0.975552 1.44451 -1.41491 0.741873 -1.49961 -0.143727 -0.907312 0.111152 2.49396 -0.238911 1.00847 0.540845 0.392049 -0.253794 2.6318 0.283369 -2.38945 -0.260418 1.48595 1.15756 
-2.65037 -1.45415 -1.38028 -1.78566 2.62118 0.687026 0.881117 0.937869 -1.02939 -0.755292 -0.966245 1.45499 -1.4055 0.730128 -1.49982 -0.144383 -0.911395 0.115902 2.51341 -0.230528 1.02134 0.54621 0.394526 -0.263472 2.62117 0.279258 -2.39176 -0.25201 1.48654 1.13863 
-2.65279 -1.44988 -1.37014 -1.77511 2.64888 0.655513 0.896677 0.916282 -1.01972 -0.739838 -0.972776 1.46863 -1.39043 0.722347 -1.51701 -0.117609 -0.926977 0.134763 2.51504 -0.261331 1.01866 0.557132 0.379158 -0.284874 2.62692 0.294691 -2.4019 -0.230662 1.48025 1.13462 
-2.6441 -1.46147 -1.34863 -1.7669 2.70647 0.62678 0.909523 0.915465 -1.01284 -0.706098 -0.948994 1.48625 -1.38401 0.705632 -1.54214 -0.0680797 -0.961769 0.153213 2.53686 -0.301455 1.0198 0.585657 0.350355 -0.277102 2.60607 0.296916 -2.38519 -0.224654 1.46838 1.13229 
-2.62931 -1.4744 -1.32707 -1.75281 2.75983 0.608384 0.921345 0.92401 -1.01128 -0.664506 -0.913404 1.50666 -1.37786 0.686094 -1.56705 -0.0243412 -1.02229 0.156491 2.56555 -0.339936 1.01819 0.625865 0.320264 -0.258661 2.581 0.303111 -2.36607 -0.223891 1.4607 1.14701 
-2.62475 -1.47983 -1.32433 -1.74115 2.7924 0.604686 0.933217 0.906612 -1.00489 -0.628798 -0.875636 1.51175 -1.37236 0.687901 -1.58219 0.0073223 -1.06136 0.15463 2.60865 -0.364259 1.01022 0.641578 0.296621 -0.234891 2.56646 0.326 -2.34561 -0.214719 1.45959 1.19627 
-2.63651 -1.46421 -1.34408 -1.71305 2.77999 0.614238 0.945531 0.865777 -0.993867 -0.595725 -0.848129 1.49256 -1.38028 0.726 -1.57379 0.0223713 -1.08399 0.150783 2.62154 -0.366037 1.00444 0.634395 0.28603 -0.220425 2.57946 0.338168 -2.35162 -0.199576 1.47373 1.25028 
-2.6462 -1.44002 -1.36482 -1.71117 2.75923 0.619404 0.956617 0.846365 -0.967589 -0.580561 -0.834103 1.48034 -1.39063 0.739349 -1.54145 0.0437023 -1.10138 0.141127 2.62392 -0.367606 1.00572 0.596631 0.277924 -0.206505 2.59088 0.337664 -2.3706 -0.196174 1.47836 1.29149 
-2.64671 -1.41017 -1.3826 -1.71924 2.74279 0.636433 0.960932 0.838731 -0.949926 -0.566674 -0.840366 1.48188 -1.40425 0.750573 -1.50684 0.0605744 -1.11529 0.120709 2.60184 -0.367966 1.0159 0.561357 0.263548 -0.194578 2.59781 0.325567 -2.39345 -0.191707 1.4774 1.31214 
-2.65481 -1.4026 -1.39996 -1.74719 2.74556 0.664333 0.952605 0.84323 -0.960099 -0.536432 -0.829344 1.48415 -1.39125 0.762203 -1.4902 0.0709172 -1.13709 0.105167 2.58749 -0.380819 1.0131 0.547688 0.253847 -0.17525 2.6135 0.317715 -2.38242 -0.172052 1.48775 1.35028 
-2.6637 -1.39618 -1.42504 -1.79463 2.76362 0.711898 0.93729 0.85903 -0.973362 -0.519348 -0.816711 1.48709 -1.3794 0.779101 -1.47092 0.0609189 -1.14669 0.0971069 2.56636 -0.413626 0.997603 0.552614 0.252337 -0.159313 2.60806 0.292264 -2.33227 -0.150408 1.51813 1.38739 
-2.66775 -1.39785 -1.45113 -1.85263 2.80417 0.770867 0.930082 0.871893 -0.979369 -0.499542 -0.804599 1.4844 -1.33874 0.779648 -1.44939 0.0631729 -1.18151 0.0709381 2.54987 -0.470475 0.995666 0.605627 0.239973 -0.132736 2.61829 0.30164 -2.30368 -0.0986687 1.51947 1.42728 
-2.65476 -1.38018 -1.45464 -1.90189 2.82939 0.829372 0.934526 0.863831 -0.99263 -0.477486 -0.816007 1.4906 -1.28496 0.776438 -1.42797 0.0667906 -1.22187 0.0438561 2.53411 -0.521712 0.983759 0.653238 0.219124 -0.105296 2.64886 0.383653 -2.2664 -0.0481127 1.50384 1.44866 
-2.63595 -1.3715 -1.45003 -1.96568 2.83601 0.870179 0.959246 0.849272 -1.00888 -0.454024 -0.82812 1.49331 -1.24138 0.780861 -1.40941 0.0784777 -1.22645 0.022488 2.52407 -0.533245 0.976864 0.664355 0.184464 -0.0802921 2.69359 0.463658 -2.2447 -0.00280409 1.50238 1.45659 
-2.62613 -1.37044 -1.44286 -2.02503 2.83992 0.906876 0.997635 0.8358 -1.02565 -0.43504 -0.859025 1.47847 -1.14988 0.783795 -1.39186 0.0978141 -1.23614 0.00463418 2.52526 -0.505201 0.964892 0.679051 0.149298 -0.0690521 2.73188 0.524644 -2.2625 0.0436461 1.4924 1.45911 
-2.5933 -1.39127 -1.4579 -2.06968 2.83677 0.956538 1.03453 0.815567 -1.02688 -0.410458 -0.895686 1.44527 -1.07893 0.788042 -1.35063 0.125608 -1.25742 -0.009726 2.517 -0.481775 0.938376 0.672507 0.133221 -0.0763292 2.75414 0.537152 -2.26606 0.0788703 1.48749 1.47132 
-2.54478 -1.4365 -1.49516 -2.09137 2.82989 1.01317 1.05812 0.780759 -1.0175 -0.388192 -0.976753 1.40739 -1.04192 0.799979 -1.28385 0.142549 -1.30605 -0.0248376 2.50543 -0.483792 0.919967 0.631416 0.136107 -0.0971026 2.75284 0.51273 -2.2678 0.113101 1.48348 1.47703 
-2.47532 -1.48905 -1.54142 -2.04309 2.85502 1.07109 1.06018 0.726395 -1.01814 -0.378479 -1.02836 1.39068 -1.02742 0.812613 -1.19025 0.165675 -1.33553 -0.0250457 2.49773 -0.506426 0.863116 0.62316 0.146392 -0.140504 2.68499 0.457663 -2.2643 0.129768 1.47039 1.45307 
-2.40319 -1.53454 -1.56492 -1.97885 2.8782 1.10827 1.06025 0.67839 -1.0373 -0.391786 -1.06128 1.38188 -1.01602 0.83108 -1.1178 0.177991 -1.34513 -0.0341563 2.50814 -0.524633 0.828379 0.626521 0.17606 -0.167541 2.59329 0.418691 -2.26729 0.136716 1.45755 1.41426 
