Mean 0 Mean 1 Mean 2 Mean 3 Mean 4 Mean 5 Mean 6 Mean 7 Mean 8 Mean 9 Mean 10 Mean 11 Mean 12 Mean 13 Mean 14 Mean 15 Mean 16 Mean 17 Mean 18 Mean 19 Mean 20 Mean 21 Mean 22 Mean 23 Mean 24 Mean 25 Mean 26 Mean 27 Mean 28 Mean 29 
-2.46685 -1.37289 -1.34164 -2.52345 2.53476 -1.68688 1.08512 1.06492 -1.11722 -1.7093 2.45873 1.33701 0.99835 -2.28288 -1.73365 -0.271243 2.92293 0.246141 0.576407 -0.230648 0.999309 0.293934 -3.0356 2.91658 2.54464 0.275214 -2.54673 -2.37118 2.77655 -0.463291 
-2.47228 -1.36509 -1.32763 -2.52302 2.55395 -1.6783 1.09238 1.06481 -1.12615 -1.70563 2.46383 1.33141 1.0045 -2.27726 -1.73313 -0.257406 2.90327 0.249322 1.88499 -0.244653 0.983313 0.300649 -3.03303 2.90953 2.54934 0.276798 -2.55261 -2.69794 2.77366 -0.455994 
-2.47539 -1.3688 -1.3286 -2.52501 2.55378 -1.6717 1.08707 1.06239 -1.14282 -1.6995 2.4684 1.33249 1.0128 -2.27022 -1.73097 -0.248246 2.90261 0.245329 2.31756 -0.245787 0.977565 0.307369 -3.02966 2.90907 2.54751 0.275849 -2.55341 -2.80828 2.76955 -0.451513 
-2.47297 -1.36655 -1.3278 -2.52894 2.55827 -1.6603 1.07888 1.06023 -1.17848 -1.70152 2.48195 1.32641 1.01813 -2.25467 -1.72491 -0.24259 2.89087 0.242842 2.52878 -0.26577 0.958743 0.316016 -3.02927 2.89579 2.54316 0.271502 -2.55245 -2.85056 2.75911 -0.437899 
-2.47019 -1.37303 -1.32237 -2.5295 2.5551 -1.66064 1.07276 1.05684 -1.19773 -1.696 2.49261 1.3236 1.0153 -2.24817 -1.72715 -0.24109 2.88108 0.237587 2.66095 -0.266008 0.949917 0.318394 -3.02879 2.8922 2.544 0.266723 -2.54426 -2.87648 2.76606 -0.438628 
-2.47164 -1.37715 -1.31761 -2.53387 2.54651 -1.6661 1.06621 1.05618 -1.22591 -1.69608 2.49601 1.32009 1.01131 -2.24309 -1.72687 -0.235286 2.87399 0.228133 2.74806 -0.270155 0.941075 0.312158 -3.03069 2.89868 2.5407 0.259378 -2.53407 -2.88958 2.77086 -0.436633 
-2.47968 -1.37589 -1.31726 -2.54383 2.55133 -1.66433 1.06349 1.05415 -1.23429 -1.69186 2.48908 1.31723 1.0114 -2.23063 -1.73699 -0.231421 2.86937 0.231707 2.80093 -0.283355 0.934609 0.308897 -3.02449 2.89809 2.53869 0.256268 -2.53719 -2.90812 2.77549 -0.431692 
-2.47366 -1.38083 -1.3125 -2.55105 2.54969 -1.65261 1.05971 1.05494 -1.26281 -1.69149 2.50477 1.31121 1.00051 -2.22149 -1.75113 -0.221319 2.85603 0.219692 2.84214 -0.29485 0.918312 0.317516 -3.0231 2.89115 2.53223 0.255638 -2.5165 -2.90854 2.78182 -0.436872 
-2.47349 -1.38473 -1.31715 -2.57293 2.54353 -1.64429 1.05017 1.05825 -1.28864 -1.68425 2.50868 1.30087 0.996599 -2.20416 -1.77426 -0.203556 2.8503 0.206182 2.87352 -0.305256 0.915497 0.337316 -3.02094 2.8908 2.50975 0.248132 -2.50725 -2.91783 2.78987 -0.435364 
-2.48395 -1.38498 -1.33204 -2.59043 2.53237 -1.6529 1.02939 1.04497 -1.31259 -1.68862 2.49204 1.28711 0.991427 -2.17986 -1.80218 -0.180963 2.85723 0.1925 2.90958 -0.312762 0.903003 0.34757 -3.01795 2.89771 2.48672 0.247347 -2.51376 -2.9363 2.79762 -0.44459 
-2.48712 -1.38862 -1.33309 -2.59562 2.52378 -1.6531 1.02199 1.0415 -1.33001 -1.69157 2.48686 1.29064 0.988259 -2.17321 -1.81674 -0.176804 2.85287 0.187722 2.9197 -0.321211 0.89251 0.350088 -3.01109 2.91274 2.48131 0.248051 -2.52222 -2.94821 2.81279 -0.449462 
-2.4926 -1.39508 -1.34647 -2.60553 2.51618 -1.66876 1.0089 1.02808 -1.3465 -1.69701 2.46784 1.28082 0.983085 -2.152 -1.83974 -0.157374 2.8472 0.17616 2.93392 -0.338457 0.883508 0.368461 -3.00589 2.93415 2.458 0.249263 -2.54136 -2.97183 2.81818 -0.447893 
-2.48728 -1.40094 -1.33137 -2.60726 2.51161 -1.67012 1.00704 1.03134 -1.34056 -1.68849 2.46878 1.28214 0.981839 -2.14687 -1.84725 -0.155604 2.8474 0.185004 2.93293 -0.338972 0.884631 0.351435 -3.00425 2.94781 2.46042 0.253722 -2.56424 -2.98512 2.84082 -0.439426 
-2.47642 -1.40635 -1.29896 -2.58278 2.51642 -1.67461 0.995506 1.03814 -1.33492 -1.67308 2.4771 1.30747 0.977505 -2.13858 -1.8704 -0.161558 2.8401 0.20981 2.92081 -0.337438 0.892774 0.327647 -2.98108 2.95094 2.45797 0.245528 -2.59296 -2.99492 2.87991 -0.422431 
-2.45922 -1.40638 -1.27196 -2.56114 2.52572 -1.67548 0.98683 1.03182 -1.32879 -1.66978 2.48342 1.33535 0.972405 -2.1319 -1.89081 -0.160855 2.82855 0.215798 2.92416 -0.339333 0.890744 0.331062 -2.96091 2.95434 2.45255 0.240611 -2.62638 -3.00017 2.90401 -0.422668 
-2.45311 -1.41868 -1.24045 -2.5363 2.52942 -1.68316 0.972319 1.02279 -1.32858 -1.65922 2.47737 1.35514 0.967222 -2.11361 -1.91232 -0.14336 2.81837 0.240744 2.94038 -0.343967 0.910362 0.323011 -2.96026 2.95124 2.43215 0.214731 -2.64349 -3.00692 2.9308 -0.411597 
-2.44616 -1.4381 -1.21751 -2.53386 2.55129 -1.68187 0.973557 1.04147 -1.32883 -1.64704 2.46308 1.35966 0.956919 -2.11079 -1.92568 -0.122087 2.81349 0.262983 2.94496 -0.365392 0.917002 0.322846 -2.9647 2.9496 2.42453 0.200531 -2.63414 -3.02218 2.95256 -0.409544 
-2.43707 -1.45545 -1.19479 -2.52713 2.56883 -1.69003 0.974804 1.03843 -1.31474 -1.64668 2.47257 1.36288 0.950019 -2.11052 -1.94235 -0.091526 2.81196 0.270832 2.95077 -0.383866 0.920275 0.315743 -2.97184 2.9611 2.42129 0.197812 -2.64046 -3.01833 2.97504 -0.399811 
-2.4299 -1.45674 -1.20616 -2.52652 2.55985 -1.70152 0.986113 1.03568 -1.29387 -1.63829 2.47613 1.35126 0.953041 -2.1146 -1.93796 -0.0847722 2.82751 0.286839 2.9434 -0.390066 0.925714 0.288902 -2.98678 2.9626 2.42965 0.186711 -2.64729 -3.00831 3.00419 -0.397369 
-2.43435 -1.46248 -1.2041 -2.52424 2.54946 -1.7177 0.994035 1.03703 -1.27649 -1.62458 2.48083 1.34975 0.95488 -2.11943 -1.94272 -0.0821396 2.83704 0.285615 2.92373 -0.390932 0.92798 0.275106 -3.00457 2.9538 2.43901 0.18403 -2.65154 -3.00855 3.03126 -0.40673 
-2.44353 -1.4607 -1.22925 -2.51025 2.53349 -1.74862 0.990535 1.03728 -1.2523 -1.60372 2.47748 1.33737 0.957906 -2.12891 -1.94237 -0.0896736 2.84376 0.288195 2.89594 -0.381503 0.920959 0.257162 -3.02592 2.93774 2.45318 0.187514 -2.6556 -3.00773 3.05702 -0.437876 
-2.4544 -1.4561 -1.24421 -2.50615 2.52064 -1.78572 0.989492 1.03625 -1.24198 -1.57996 2.47627 1.3436 0.967993 -2.1283 -1.94253 -0.0903853 2.84508 0.295277 2.88216 -0.379811 0.93044 0.250096 -3.05202 2.90998 2.46979 0.185324 -2.65121 -3.0104 3.08597 -0.474537 
-2.46334 -1.46774 -1.27735 -2.49717 2.51126 -1.83212 0.98984 1.02995 -1.23446 -1.55494 2.49519 1.35724 0.984912 -2.13187 -1.93393 -0.100535 2.81044 0.294048 2.86392 -0.390944 0.935331 0.261534 -3.06342 2.88598 2.48687 0.207905 -2.63746 -3.02084 3.11642 -0.518181 
-2.47617 -1.47359 -1.27836 -2.49774 2.49783 -1.84841 1.00889 1.01473 -1.2462 -1.52329 2.52561 1.36441 0.991884 -2.12635 -1.92562 -0.0954421 2.78809 0.292219 2.84766 -0.38953 0.954062 0.25166 -3.07641 2.88208 2.46694 0.194557 -2.62673 -3.02439 3.12431 -0.525279 
-2.48431 -1.46355 -1.27551 -2.5058 2.51112 -1.84794 1.02636 1.0043 -1.25281 -1.49673 2.54364 1.37223 0.99439 -2.13096 -1.9079 -0.0825533 2.78168 0.267653 2.83222 -0.407153 0.94741 0.248268 -3.10549 2.89859 2.45166 0.18561 -2.60782 -3.0248 3.11075 -0.521922 
-2.45398 -1.43869 -1.27752 -2.5158 2.5432 -1.84109 1.04693 0.987702 -1.21606 -1.4976 2.55684 1.36194 0.998689 -2.10393 -1.88338 -0.0675544 2.80046 0.23836 2.83429 -0.409695 0.962451 0.228642 -3.1327 2.89523 2.4436 0.205369 -2.58133 -3.01052 3.08586 -0.516629 
-2.42808 -1.40404 -1.30642 -2.50559 2.5931 -1.83102 1.05711 0.965309 -1.19153 -1.47421 2.53373 1.35264 0.98893 -2.0406 -1.89579 -0.0355285 2.82997 0.225177 2.83956 -0.421295 0.987647 0.214782 -3.17338 2.88976 2.41441 0.211131 -2.55225 -3.00687 3.05542 -0.514104 
-2.45239 -1.38189 -1.3324 -2.53231 2.60514 -1.81823 1.05136 0.958699 -1.19451 -1.4654 2.52822 1.35655 0.981652 -2.04902 -1.86955 -0.039321 2.85469 0.212416 2.82065 -0.435083 0.979399 0.183768 -3.16927 2.88927 2.39969 0.205439 -2.58144 -2.99557 3.055 -0.524338 
-2.47673 -1.35943 -1.34504 -2.55557 2.60955 -1.81358 1.05905 0.952381 -1.20652 -1.46383 2.53303 1.3619 0.972601 -2.05747 -1.83286 -0.048982 2.85869 0.190653 2.79203 -0.445289 0.974317 0.164947 -3.16876 2.88335 2.39499 0.192253 -2.61488 -2.98391 3.06057 -0.522247 
-2.49687 -1.33812 -1.35785 -2.57095 2.60971 -1.80905 1.06642 0.94181 -1.22082 -1.46237 2.53057 1.36089 0.974496 -2.06307 -1.79363 -0.0548671 2.86501 0.181917 2.761 -0.436413 0.974858 0.133049 -3.15674 2.86874 2.40403 0.171889 -2.64611 -2.96873 3.06234 -0.511885 
-2.50002 -1.3368 -1.35928 -2.58465 2.61031 -1.80827 1.0678 0.918381 -1.24707 -1.43776 2.50494 1.37694 1.00306 -2.06356 -1.75245 -0.056048 2.8404 0.189815 2.72466 -0.424707 0.993668 0.0994892 -3.16939 2.84121 2.42317 0.140979 -2.67125 -2.95312 3.04102 -0.509964 
-2.50406 -1.34022 -1.33942 -2.60936 2.61177 -1.81136 1.0847 0.895887 -1.28477 -1.4182 2.46711 1.38899 1.04322 -2.04807 -1.73535 -0.0693168 2.80543 0.195432 2.68487 -0.424674 1.01011 0.0797461 -3.18461 2.81941 2.43257 0.12318 -2.6844 -2.93336 3.03389 -0.49882 
-2.52093 -1.33979 -1.29479 -2.65341 2.62948 -1.81531 1.11156 0.885633 -1.30852 -1.39396 2.4723 1.35975 1.08758 -2.00307 -1.7442 -0.0959943 2.79243 0.21337 2.64733 -0.447313 1.0082 0.0534811 -3.19603 2.83404 2.43527 0.168391 -2.65581 -2.90441 3.05504 -0.47452 
-2.53489 -1.30783 -1.27686 -2.66907 2.63124 -1.80606 1.14125 0.860404 -1.33008 -1.36328 2.50649 1.35815 1.09311 -1.9764 -1.75067 -0.0839797 2.77146 0.207256 2.61493 -0.46719 1.01149 0.0482941 -3.21453 2.84112 2.42457 0.206027 -2.60681 -2.84953 3.09994 -0.454338 
-2.54792 -1.27756 -1.25097 -2.67067 2.63233 -1.79154 1.1462 0.83695 -1.33838 -1.32947 2.52708 1.34341 1.10534 -1.93632 -1.76256 -0.0850493 2.75077 0.218349 2.59473 -0.467974 1.01313 0.0480027 -3.21339 2.84282 2.42383 0.246471 -2.57334 -2.8126 3.10323 -0.434107 
-2.56803 -1.27461 -1.2183 -2.66807 2.64295 -1.76844 1.14255 0.808621 -1.37161 -1.27931 2.54973 1.30859 1.11602 -1.88553 -1.79337 -0.107966 2.73572 0.250993 2.55365 -0.483107 1.00461 0.0610685 -3.19777 2.86043 2.4105 0.267132 -2.52095 -2.80245 3.0784 -0.417254 
-2.58648 -1.28454 -1.21126 -2.61674 2.67207 -1.74649 1.1302 0.769717 -1.43054 -1.20444 2.54708 1.26895 1.11487 -1.83946 -1.87338 -0.0916499 2.68698 0.285571 2.51657 -0.512998 0.995793 0.0966355 -3.22147 2.8414 2.36423 0.250619 -2.46112 -2.79453 3.04816 -0.352242 
-2.61217 -1.29626 -1.1881 -2.60943 2.66998 -1.73189 1.13105 0.740656 -1.47676 -1.14703 2.57897 1.2106 1.14056 -1.80971 -1.89654 -0.119004 2.62811 0.330476 2.45516 -0.551677 0.964818 0.0829913 -3.20013 2.83068 2.34281 0.269648 -2.41403 -2.78751 3.02969 -0.268444 
-2.63493 -1.29966 -1.15627 -2.60446 2.67374 -1.72254 1.12987 0.711041 -1.51066 -1.10554 2.63667 1.17505 1.15424 -1.7988 -1.86875 -0.130388 2.577 0.363722 2.40306 -0.584797 0.947647 0.0857889 -3.16864 2.82529 2.32455 0.282759 -2.36381 -2.76782 3.02275 -0.199811 
-2.62791 -1.29772 -1.14102 -2.62239 2.68352 -1.7229 1.10882 0.6923 -1.51798 -1.07624 2.69379 1.1666 1.15081 -1.82518 -1.82754 -0.143983 2.52787 0.378304 2.36066 -0.594287 0.922647 0.0903253 -3.15611 2.81383 2.28184 0.283968 -2.31591 -2.73809 3.02328 -0.14253 
