Mean 0 Mean 1 Mean 2 Mean 3 Mean 4 Mean 5 Mean 6 Mean 7 Mean 8 Mean 9 Mean 10 Mean 11 Mean 12 Mean 13 Mean 14 Mean 15 Mean 16 Mean 17 Mean 18 Mean 19 Mean 20 Mean 21 Mean 22 Mean 23 Mean 24 Mean 25 Mean 26 Mean 27 Mean 28 Mean 29 
-1.16115 -1.38323 -2.09185 -2.49993 2.4592 -1.09371 0.931953 -2.62232 -2.61476 -1.95401 -0.967421 1.49085 -1.18684 1.01895 1.00537 2.59154 -0.747859 -0.83734 2.43331 -2.46802 2.08594 0.607704 2.50554 0.765028 0.276234 -0.405237 -2.79381 -0.189977 -1.96377 -2.69421 
-1.16786 -1.37578 -2.09547 -2.49905 2.45244 -1.09602 0.930157 -2.62141 -2.62189 -1.95654 -0.961463 1.48721 -1.19768 1.02542 0.999471 2.59192 -0.74715 -0.831681 2.42624 -2.47338 2.0832 0.610708 2.50993 0.770386 0.281403 -0.413337 -2.80053 -0.191901 -1.9703 -2.75959 
-1.17881 -1.38866 -2.10415 -2.50987 2.45775 -1.09508 0.925824 -2.63108 -2.62777 -1.96139 -0.943096 1.48407 -1.20828 1.02969 1.00373 2.6037 -0.73585 -0.817099 2.41868 -2.46238 2.08246 0.618919 2.50228 0.774253 0.268894 -0.423815 -2.80183 -0.197687 -1.96541 -2.79761 
-1.19059 -1.4079 -2.11685 -2.52642 2.45932 -1.09481 0.921023 -2.64725 -2.62662 -1.96258 -0.930003 1.48158 -1.21075 1.03306 1.01313 2.6215 -0.709933 -0.80629 2.41031 -2.44224 2.08014 0.623917 2.49136 0.783579 0.253012 -0.439949 -2.80614 -0.214468 -1.95576 -2.83435 
-1.2061 -1.42429 -2.1242 -2.53869 2.4612 -1.09295 0.919563 -2.66154 -2.6247 -1.95916 -0.921517 1.4751 -1.21782 1.03257 1.02017 2.64215 -0.685281 -0.796046 2.40688 -2.42703 2.07422 0.625439 2.4794 0.7946 0.234616 -0.456373 -2.81778 -0.227448 -1.94976 -2.86519 
-1.21771 -1.43743 -2.13074 -2.5493 2.46107 -1.09594 0.922017 -2.66927 -2.62148 -1.95632 -0.908945 1.45746 -1.22502 1.0285 1.02593 2.66145 -0.663575 -0.786858 2.40338 -2.41477 2.06643 0.630497 2.47307 0.795225 0.225715 -0.474814 -2.83086 -0.239225 -1.94434 -2.89404 
-1.22637 -1.44897 -2.13507 -2.56666 2.45772 -1.0986 0.922819 -2.67205 -2.62026 -1.9548 -0.897411 1.44251 -1.22921 1.03327 1.03518 2.67614 -0.652757 -0.777842 2.38678 -2.41025 2.05239 0.629988 2.47287 0.794012 0.227498 -0.483874 -2.83682 -0.249053 -1.93443 -2.91212 
-1.23948 -1.45505 -2.13956 -2.58706 2.44912 -1.102 0.92436 -2.68112 -2.62309 -1.9512 -0.886236 1.43064 -1.2334 1.04083 1.04736 2.68962 -0.649968 -0.773726 2.3741 -2.41102 2.04296 0.629035 2.48077 0.793197 0.236186 -0.487229 -2.83733 -0.245942 -1.92533 -2.93062 
-1.24845 -1.45669 -2.14769 -2.61104 2.43402 -1.10799 0.928369 -2.67972 -2.62723 -1.94401 -0.872987 1.42487 -1.23516 1.04834 1.05594 2.69095 -0.646879 -0.773771 2.35431 -2.41693 2.02774 0.620487 2.49388 0.789078 0.247029 -0.484791 -2.83991 -0.240819 -1.9104 -2.94399 
-1.26673 -1.45739 -2.15965 -2.64205 2.40825 -1.12125 0.920969 -2.66511 -2.63117 -1.93525 -0.874048 1.42928 -1.24132 1.05624 1.06375 2.68123 -0.64786 -0.771172 2.32063 -2.39909 2.00574 0.604038 2.51886 0.794605 0.258746 -0.457689 -2.84161 -0.234297 -1.87032 -2.96184 
-1.26625 -1.46202 -2.16368 -2.65758 2.39881 -1.10591 0.918536 -2.6391 -2.62707 -1.93037 -0.866035 1.42357 -1.24595 1.05628 1.06295 2.66688 -0.639381 -0.755769 2.27986 -2.41838 1.97877 0.589645 2.53147 0.786022 0.263729 -0.460087 -2.84686 -0.247537 -1.84101 -2.95548 
-1.25867 -1.46517 -2.16393 -2.66315 2.382 -1.08641 0.91267 -2.62991 -2.61194 -1.91911 -0.862491 1.43012 -1.23928 1.04912 1.05679 2.64154 -0.625413 -0.748841 2.22997 -2.42763 1.95473 0.580845 2.54111 0.785114 0.274854 -0.463299 -2.84566 -0.248216 -1.80693 -2.97228 
-1.27044 -1.46283 -2.16879 -2.662 2.36031 -1.07923 0.897129 -2.63758 -2.59738 -1.90299 -0.860561 1.44531 -1.22531 1.04499 1.05639 2.6213 -0.61577 -0.755297 2.19681 -2.41466 1.94021 0.571267 2.55113 0.78414 0.285179 -0.4642 -2.85131 -0.232638 -1.77599 -3.01072 
-1.28537 -1.46114 -2.17634 -2.66983 2.35662 -1.0873 0.878178 -2.64942 -2.59235 -1.89814 -0.859768 1.45879 -1.21488 1.05668 1.06651 2.61754 -0.609955 -0.762934 2.17336 -2.4096 1.92607 0.571073 2.55921 0.776273 0.288082 -0.468784 -2.86729 -0.223444 -1.74686 -3.03388 
-1.30769 -1.46269 -2.18062 -2.68179 2.35158 -1.09668 0.858226 -2.66049 -2.59368 -1.89935 -0.863894 1.4725 -1.20882 1.07044 1.08143 2.62447 -0.600428 -0.771733 2.14602 -2.40581 1.91565 0.566012 2.57345 0.764944 0.28175 -0.47727 -2.88269 -0.210518 -1.71674 -3.04701 
-1.33732 -1.46766 -2.1801 -2.69044 2.35442 -1.12132 0.836393 -2.6795 -2.59459 -1.90384 -0.867209 1.4887 -1.19567 1.09097 1.10135 2.64073 -0.598423 -0.779167 2.1225 -2.40845 1.90578 0.572999 2.58204 0.746237 0.269717 -0.496342 -2.8988 -0.201027 -1.682 -3.05872 
-1.36141 -1.46319 -2.18701 -2.71023 2.34966 -1.14569 0.832812 -2.69266 -2.58946 -1.90083 -0.876063 1.50758 -1.18349 1.11268 1.10472 2.64085 -0.583612 -0.794951 2.1013 -2.41761 1.89424 0.579699 2.58057 0.740003 0.253264 -0.500816 -2.91816 -0.182994 -1.64616 -3.06809 
-1.38218 -1.4633 -2.18023 -2.72073 2.34422 -1.15682 0.82322 -2.70278 -2.58196 -1.8877 -0.871808 1.52485 -1.17087 1.12922 1.08959 2.63734 -0.585844 -0.811356 2.0996 -2.42246 1.89245 0.582633 2.57811 0.734497 0.236175 -0.489552 -2.92999 -0.168514 -1.62117 -3.07739 
-1.39346 -1.46015 -2.17252 -2.72823 2.32933 -1.16839 0.822598 -2.70586 -2.5683 -1.88254 -0.848928 1.53175 -1.15919 1.14042 1.08094 2.63447 -0.585788 -0.828301 2.09405 -2.41653 1.89824 0.57137 2.57721 0.733462 0.230623 -0.472488 -2.94159 -0.158446 -1.59805 -3.07161 
-1.38466 -1.44463 -2.1703 -2.72873 2.32357 -1.18121 0.831856 -2.71669 -2.54643 -1.88099 -0.833654 1.5291 -1.14464 1.15612 1.08081 2.63807 -0.582212 -0.842238 2.09144 -2.40673 1.90764 0.564912 2.56183 0.732209 0.230035 -0.458906 -2.95225 -0.154633 -1.58412 -3.06456 
-1.37547 -1.42784 -2.1756 -2.72571 2.32643 -1.20855 0.836304 -2.72268 -2.5391 -1.88423 -0.836701 1.52783 -1.14706 1.17132 1.09166 2.65304 -0.578916 -0.855613 2.08521 -2.39836 1.92773 0.555275 2.54059 0.730144 0.210325 -0.463445 -2.95784 -0.164602 -1.57886 -3.05899 
-1.34909 -1.40576 -2.17516 -2.72112 2.35575 -1.22855 0.844864 -2.71491 -2.52096 -1.89005 -0.831735 1.52401 -1.14609 1.18437 1.11231 2.66645 -0.573675 -0.876866 2.07983 -2.39263 1.94708 0.535041 2.51097 0.728649 0.200324 -0.465385 -2.97768 -0.166954 -1.57911 -3.05254 
-1.34485 -1.38448 -2.18885 -2.7172 2.38097 -1.24886 0.852612 -2.72373 -2.51418 -1.89001 -0.826336 1.52163 -1.14905 1.18748 1.11103 2.68125 -0.564326 -0.887171 2.06018 -2.39003 1.97563 0.520522 2.49948 0.706657 0.180991 -0.467656 -2.96078 -0.162987 -1.58403 -3.07017 
-1.34374 -1.37343 -2.19954 -2.71203 2.40684 -1.26903 0.840022 -2.7369 -2.49825 -1.88321 -0.828378 1.52764 -1.1458 1.18129 1.09629 2.7002 -0.560274 -0.896637 2.04623 -2.38552 1.99539 0.513364 2.48798 0.689859 0.142752 -0.490415 -2.93597 -0.161444 -1.59123 -3.1033 
-1.34167 -1.37933 -2.21317 -2.70631 2.43412 -1.30536 0.821684 -2.75204 -2.49212 -1.88508 -0.824799 1.51448 -1.15535 1.17178 1.0591 2.70506 -0.562326 -0.894918 2.04084 -2.36212 1.9835 0.524424 2.49072 0.685261 0.0963413 -0.500651 -2.92258 -0.155598 -1.58861 -3.11782 
-1.33869 -1.36499 -2.22295 -2.71209 2.44841 -1.33517 0.791127 -2.78231 -2.48446 -1.88062 -0.816656 1.5086 -1.14205 1.16896 1.04595 2.70895 -0.570138 -0.8798 2.05142 -2.34288 1.97473 0.551095 2.49677 0.688151 0.0628625 -0.494218 -2.90523 -0.153593 -1.58407 -3.10636 
-1.32627 -1.34781 -2.2446 -2.70578 2.45597 -1.36194 0.761408 -2.82511 -2.46349 -1.87051 -0.8047 1.49413 -1.12264 1.16245 1.03699 2.7104 -0.580539 -0.860051 2.05903 -2.3138 1.96373 0.570036 2.50483 0.681949 0.0336362 -0.472957 -2.88114 -0.148195 -1.59093 -3.09892 
-1.31261 -1.36908 -2.26493 -2.69197 2.48196 -1.40293 0.732957 -2.81895 -2.44489 -1.85331 -0.778612 1.47 -1.14463 1.14763 1.01796 2.71759 -0.600283 -0.842611 2.04486 -2.28302 1.93465 0.575459 2.50169 0.699299 -0.00375191 -0.462894 -2.85775 -0.15773 -1.5959 -3.06713 
-1.30126 -1.35979 -2.26959 -2.68119 2.50365 -1.41693 0.730059 -2.82498 -2.43292 -1.84416 -0.782225 1.45073 -1.15183 1.13924 1.01579 2.74462 -0.619931 -0.82369 2.05401 -2.26865 1.93264 0.574014 2.49838 0.709027 -0.017353 -0.458343 -2.83902 -0.164192 -1.61586 -3.07845 
-1.30008 -1.3593 -2.2642 -2.68531 2.50231 -1.42082 0.737103 -2.83617 -2.45194 -1.84334 -0.787828 1.417 -1.12196 1.1591 1.01552 2.76558 -0.639741 -0.788495 2.05359 -2.28724 1.94664 0.564693 2.52718 0.699472 -0.00513538 -0.448611 -2.82523 -0.194879 -1.64075 -3.08108 
-1.2655 -1.35476 -2.26462 -2.68423 2.51208 -1.41863 0.745263 -2.85985 -2.44759 -1.85189 -0.7815 1.40625 -1.09657 1.16108 1.01247 2.7921 -0.64058 -0.762828 2.06082 -2.29328 1.95198 0.568144 2.56734 0.69841 -0.00225282 -0.447727 -2.79569 -0.214099 -1.66219 -3.07757 
-1.22921 -1.33639 -2.27825 -2.66994 2.52608 -1.40876 0.743852 -2.90022 -2.45083 -1.84761 -0.781969 1.39814 -1.06855 1.16251 0.994026 2.81669 -0.641226 -0.726743 2.04509 -2.30976 1.96053 0.587432 2.60605 0.690495 -0.0130316 -0.45914 -2.77345 -0.235602 -1.69044 -3.07889 
-1.18651 -1.32346 -2.29551 -2.65537 2.5322 -1.42336 0.732997 -2.93856 -2.43243 -1.85143 -0.784537 1.39587 -1.04173 1.16724 0.979289 2.84211 -0.640997 -0.694536 2.02432 -2.32189 1.96718 0.589921 2.63924 0.674013 -0.021359 -0.451338 -2.76479 -0.240414 -1.72813 -3.06953 
-1.17761 -1.30952 -2.29198 -2.65592 2.51136 -1.39602 0.717774 -2.93812 -2.43137 -1.85308 -0.79897 1.40875 -1.05516 1.16764 0.983549 2.84699 -0.648497 -0.674381 1.99153 -2.32942 1.97571 0.554752 2.65982 0.682491 -0.00372141 -0.454487 -2.77523 -0.255735 -1.72655 -3.02109 
-1.17363 -1.29097 -2.29045 -2.66828 2.49614 -1.33314 0.697218 -2.92032 -2.42627 -1.85377 -0.816966 1.43918 -1.07462 1.18032 0.99244 2.84748 -0.649819 -0.650752 1.96693 -2.34485 1.98123 0.524775 2.67966 0.695785 0.00134039 -0.465915 -2.77768 -0.276551 -1.71871 -2.97842 
-1.1821 -1.31538 -2.36696 -2.74043 2.48429 -1.17885 0.617452 -2.8403 -2.42088 -1.87493 -0.803958 1.48635 -1.16482 1.2299 1.06207 2.79541 -0.654618 -0.564469 1.91773 -2.43513 1.92565 0.476274 2.7144 0.720241 -0.00568494 -0.522742 -2.72115 -0.335084 -1.60024 -2.88663 
-1.18925 -1.33034 -2.43329 -2.80048 2.4836 -1.03352 0.54018 -2.77521 -2.41846 -1.89785 -0.771886 1.5394 -1.26735 1.2792 1.12618 2.74356 -0.663087 -0.48599 1.87189 -2.53212 1.8773 0.438243 2.75826 0.745753 -0.00394367 -0.57974 -2.6663 -0.392204 -1.48294 -2.78953 
-1.17958 -1.33765 -2.45861 -2.84405 2.48725 -0.907999 0.460413 -2.75009 -2.41614 -1.9193 -0.73288 1.58688 -1.348 1.30179 1.15759 2.71756 -0.666742 -0.426079 1.8156 -2.60603 1.86845 0.411334 2.80579 0.767704 0.00593934 -0.621514 -2.63576 -0.428303 -1.37896 -2.70639 
-1.13358 -1.33915 -2.42702 -2.86033 2.49576 -0.820398 0.402914 -2.7691 -2.42218 -1.93805 -0.691496 1.63374 -1.36895 1.27981 1.13595 2.71771 -0.670451 -0.412153 1.75742 -2.63494 1.90746 0.422776 2.86721 0.796151 0.04442 -0.62178 -2.66047 -0.437521 -1.31129 -2.62965 
-1.06159 -1.33895 -2.38141 -2.86289 2.50076 -0.772421 0.367332 -2.79663 -2.43759 -1.93879 -0.630105 1.68375 -1.30445 1.22646 1.11648 2.73522 -0.660454 -0.42252 1.69019 -2.66185 1.97494 0.441639 2.9356 0.807469 0.102067 -0.606539 -2.7125 -0.445763 -1.27404 -2.56616 
