Mean 0 Mean 1 Mean 2 Mean 3 Mean 4 Mean 5 Mean 6 Mean 7 Mean 8 Mean 9 Mean 10 Mean 11 Mean 12 Mean 13 Mean 14 Mean 15 Mean 16 Mean 17 Mean 18 Mean 19 Mean 20 Mean 21 Mean 22 Mean 23 Mean 24 Mean 25 Mean 26 Mean 27 Mean 28 Mean 29 
0.944756 0.749219 -1.31484 1.0236 1.22511 -1.21761 0.923281 0.950016 0.965381 -1.50142 -1.0018 1.42638 -1.40229 -1.56536 1.04387 1.75892 0.405147 2.60956 2.8612 0.455243 -0.367632 0.246911 2.77111 0.869166 -0.420469 0.147801 -0.0295968 2.1448 -0.221361 -1.46072 
0.946389 0.757906 -1.31043 1.01504 1.23017 -1.20654 0.924026 0.956648 0.966762 -1.4979 -0.98962 1.42286 -1.41931 -1.56457 1.05733 2.44817 0.396633 2.61208 2.85794 0.442831 -0.378233 0.244179 2.76766 0.851981 -1.851 0.139085 -0.0280082 2.1515 -0.224467 -2.32667 
0.944898 0.759264 -1.30357 1.01691 1.23867 -1.19802 0.925335 0.964951 0.94936 -1.50029 -0.984328 1.42184 -1.42955 -1.55959 1.06982 2.68214 0.391171 2.61104 2.84737 0.438024 -0.38651 0.233357 2.76614 0.838768 -2.33352 0.138448 -0.0160762 2.15264 -0.22154 -2.60639 
0.93867 0.763842 -1.30139 1.01584 1.23831 -1.20743 0.921922 0.951867 0.930749 -1.50171 -0.981134 1.41354 -1.41391 -1.54772 1.07169 2.80185 0.397354 2.60206 2.84553 0.444063 -0.383102 0.236149 2.77299 0.846908 -2.57292 0.136359 -0.0235288 2.15051 -0.219766 -2.73944 
0.930936 0.76979 -1.299 1.01054 1.24229 -1.2152 0.920974 0.946929 0.91869 -1.4942 -0.968654 1.40706 -1.4084 -1.5366 1.07069 2.87046 0.400409 2.59416 2.83926 0.441953 -0.386917 0.235623 2.77412 0.850401 -2.71898 0.128708 -0.0339614 2.14643 -0.217251 -2.82396 
0.920363 0.7799 -1.29485 1.00429 1.25914 -1.21483 0.926592 0.944712 0.908244 -1.49098 -0.956375 1.39055 -1.41203 -1.53453 1.07074 2.92319 0.403621 2.59422 2.81974 0.43875 -0.395455 0.225326 2.77083 0.849356 -2.82011 0.114232 -0.0536709 2.13608 -0.208151 -2.88131 
0.923986 0.791553 -1.29335 0.991555 1.27846 -1.21254 0.924811 0.950199 0.90159 -1.47414 -0.953001 1.37886 -1.42223 -1.53028 1.07616 2.96203 0.403715 2.60015 2.82467 0.457658 -0.416911 0.221296 2.75877 0.859922 -2.89043 0.0913429 -0.0908834 2.12406 -0.21272 -2.96042 
0.911858 0.794236 -1.29225 0.975747 1.27295 -1.22275 0.915148 0.941108 0.896845 -1.47011 -0.960584 1.37899 -1.4202 -1.51488 1.07196 2.9988 0.405791 2.59666 2.82051 0.46946 -0.423035 0.225338 2.75849 0.868701 -2.93548 0.0844795 -0.1008 2.12662 -0.210148 -3.00065 
0.903445 0.798929 -1.29433 0.96181 1.26931 -1.22855 0.909215 0.933345 0.890535 -1.46857 -0.961319 1.37469 -1.41929 -1.50167 1.06156 3.02185 0.40131 2.59328 2.81456 0.474644 -0.426316 0.233615 2.75523 0.8759 -2.96852 0.0799764 -0.103813 2.12321 -0.202294 -3.04101 
0.896817 0.805219 -1.29213 0.945878 1.26318 -1.23328 0.903986 0.931351 0.874552 -1.46551 -0.954107 1.37352 -1.41809 -1.48851 1.05602 3.03329 0.393422 2.59502 2.80817 0.47072 -0.429406 0.232869 2.75336 0.878227 -2.99085 0.0767656 -0.0947865 2.12107 -0.192711 -3.05811 
0.885444 0.802804 -1.29927 0.932398 1.24892 -1.23541 0.892683 0.928167 0.865511 -1.46764 -0.95552 1.37852 -1.42212 -1.48074 1.05128 3.05256 0.383584 2.59856 2.78237 0.474566 -0.425408 0.240204 2.75718 0.873579 -3.01161 0.0680814 -0.0828067 2.11963 -0.177079 -3.07399 
0.872382 0.792939 -1.31269 0.915765 1.22734 -1.24379 0.884577 0.930934 0.858343 -1.47424 -0.959442 1.39437 -1.4237 -1.47706 1.0472 3.06805 0.370958 2.60133 2.76092 0.489519 -0.417868 0.247616 2.76185 0.871774 -3.03338 0.0717368 -0.0863519 2.12059 -0.16706 -3.08784 
0.866565 0.788915 -1.3177 0.898191 1.21272 -1.25048 0.88165 0.93461 0.860863 -1.46349 -0.962667 1.40212 -1.42332 -1.47425 1.05486 3.0901 0.353088 2.60182 2.73155 0.496601 -0.40442 0.252224 2.7573 0.875604 -3.04366 0.0705225 -0.0900086 2.11467 -0.158255 -3.11507 
0.862228 0.780272 -1.3181 0.881898 1.1919 -1.25742 0.882009 0.943788 0.879179 -1.46113 -0.980398 1.41448 -1.41538 -1.47267 1.06896 3.11194 0.332097 2.6043 2.70937 0.494667 -0.385393 0.243627 2.74663 0.878242 -3.04568 0.0706442 -0.0806433 2.11376 -0.14563 -3.13305 
0.852715 0.761871 -1.32503 0.877909 1.19883 -1.25333 0.880473 0.958658 0.891995 -1.45003 -0.97712 1.41382 -1.41193 -1.48103 1.06457 3.12971 0.323787 2.61853 2.68644 0.496278 -0.385282 0.233898 2.73473 0.871114 -3.03162 0.0849918 -0.0830338 2.12551 -0.136241 -3.143 
0.853975 0.735946 -1.3173 0.886905 1.21423 -1.24919 0.876108 0.963089 0.915717 -1.43958 -0.964432 1.41624 -1.41764 -1.48996 1.0656 3.15612 0.302131 2.64484 2.67041 0.501411 -0.389172 0.223709 2.69506 0.848532 -2.99636 0.120984 -0.084319 2.13692 -0.135498 -3.16036 
0.84423 0.705704 -1.3031 0.904757 1.20635 -1.2497 0.847992 0.957911 0.92011 -1.43588 -0.942609 1.4015 -1.42759 -1.49452 1.05018 3.17136 0.286949 2.67615 2.67158 0.509661 -0.390903 0.206767 2.66389 0.8144 -2.96041 0.145967 -0.0752199 2.15127 -0.1166 -3.16578 
0.848627 0.674444 -1.27533 0.922574 1.22379 -1.25297 0.852518 0.950534 0.933436 -1.42307 -0.938973 1.41116 -1.43905 -1.49037 1.05219 3.19952 0.255339 2.70416 2.66701 0.514941 -0.398466 0.196252 2.62123 0.789383 -2.92726 0.176343 -0.0920895 2.16033 -0.121983 -3.16148 
0.854529 0.656561 -1.26787 0.931715 1.24428 -1.2645 0.862335 0.944838 0.930781 -1.41531 -0.943411 1.40277 -1.45069 -1.4913 1.05082 3.21852 0.246184 2.72798 2.65628 0.526188 -0.405264 0.19169 2.5971 0.770629 -2.91309 0.194489 -0.116935 2.15331 -0.123404 -3.16769 
0.862887 0.635056 -1.26486 0.941522 1.25216 -1.27969 0.864697 0.937938 0.930783 -1.41515 -0.94916 1.39824 -1.46073 -1.4942 1.05205 3.24534 0.234999 2.74978 2.65105 0.551302 -0.404417 0.187708 2.57926 0.747262 -2.89893 0.215079 -0.13353 2.14645 -0.123741 -3.16812 
0.870773 0.622338 -1.25795 0.957329 1.24986 -1.29114 0.859812 0.926794 0.940586 -1.4155 -0.953375 1.4079 -1.46041 -1.48982 1.05264 3.26457 0.231292 2.75728 2.65877 0.56299 -0.397234 0.188476 2.56987 0.730953 -2.89196 0.230227 -0.141437 2.1426 -0.111252 -3.162 
0.866658 0.61355 -1.24644 0.966155 1.26421 -1.30142 0.849277 0.900338 0.945407 -1.40748 -0.958388 1.41245 -1.46056 -1.48206 1.04663 3.28075 0.218799 2.76653 2.66717 0.584966 -0.396035 0.191043 2.56175 0.716097 -2.89408 0.238141 -0.150853 2.14695 -0.104654 -3.16135 
0.86288 0.603698 -1.25469 0.961305 1.29201 -1.34316 0.841286 0.877939 0.926778 -1.41082 -0.943657 1.38331 -1.4821 -1.49321 1.05341 3.31546 0.214707 2.8175 2.6423 0.659391 -0.380465 0.196017 2.5464 0.675555 -2.88333 0.238124 -0.187732 2.1499 -0.103912 -3.17482 
0.856433 0.610779 -1.28375 0.947468 1.34344 -1.38165 0.847416 0.853003 0.886917 -1.42505 -0.957343 1.32702 -1.50491 -1.52385 1.06885 3.34527 0.228478 2.87729 2.61856 0.742074 -0.373528 0.209828 2.51742 0.637977 -2.86009 0.266148 -0.25586 2.15351 -0.103655 -3.21642 
0.848999 0.617314 -1.30474 0.935396 1.38871 -1.41534 0.853268 0.830899 0.857822 -1.43946 -0.995231 1.27485 -1.52552 -1.55015 1.0773 3.36617 0.243887 2.92071 2.60672 0.808101 -0.378781 0.226249 2.49661 0.616994 -2.8485 0.313451 -0.314336 2.16158 -0.0936172 -3.24813 
0.85131 0.606301 -1.2888 0.95495 1.40032 -1.42068 0.849661 0.821291 0.889068 -1.42121 -0.968063 1.28118 -1.50914 -1.53658 1.05103 3.38564 0.225399 2.91829 2.63531 0.802915 -0.38038 0.238413 2.49153 0.624552 -2.8641 0.328246 -0.3192 2.18769 -0.0687951 -3.22287 
0.848593 0.581698 -1.27588 0.96682 1.41146 -1.43006 0.839978 0.817373 0.911723 -1.40195 -0.930573 1.28169 -1.48602 -1.53034 1.03187 3.40383 0.205073 2.9192 2.65528 0.768466 -0.38253 0.241295 2.49007 0.62949 -2.88243 0.344794 -0.316439 2.20515 -0.0554458 -3.19894 
0.851119 0.558862 -1.25362 0.979695 1.42028 -1.44431 0.832815 0.829156 0.918932 -1.38561 -0.911602 1.29197 -1.46176 -1.53554 1.01676 3.42571 0.161143 2.91157 2.66665 0.709426 -0.381843 0.247555 2.49088 0.631352 -2.91339 0.356779 -0.298504 2.20829 -0.0465992 -3.19217 
0.835075 0.530518 -1.24092 0.972791 1.40508 -1.45214 0.822146 0.853511 0.910842 -1.38618 -0.901744 1.29421 -1.44689 -1.54807 1.01347 3.43305 0.125083 2.90085 2.668 0.654272 -0.385663 0.243284 2.51424 0.64492 -2.94705 0.368032 -0.299436 2.20027 -0.0342745 -3.18555 
0.777434 0.457788 -1.28111 0.892996 1.38334 -1.45484 0.828476 0.90228 0.853628 -1.41468 -0.885055 1.27822 -1.44255 -1.5529 1.04691 3.45105 0.0838453 2.87151 2.57715 0.534599 -0.366725 0.243171 2.57564 0.69283 -3.05236 0.418864 -0.296042 2.205 0.0601493 -3.17729 
0.734204 0.407436 -1.29378 0.847969 1.36261 -1.46935 0.81243 0.930726 0.818999 -1.42186 -0.861494 1.25998 -1.42071 -1.55649 1.05437 3.44382 0.0537652 2.84776 2.52391 0.447443 -0.335821 0.234721 2.63302 0.729128 -3.15856 0.455085 -0.274624 2.20856 0.117765 -3.15778 
0.728018 0.420185 -1.26959 0.854984 1.32977 -1.4874 0.799657 0.919229 0.795021 -1.3958 -0.842271 1.26527 -1.37669 -1.57269 1.01076 3.4369 0.0268387 2.83379 2.50297 0.385457 -0.311759 0.215742 2.65658 0.740574 -3.24208 0.433772 -0.224513 2.21424 0.125036 -3.12428 
0.729419 0.435868 -1.2459 0.842928 1.28505 -1.49781 0.779083 0.921743 0.763186 -1.40654 -0.802929 1.26468 -1.37341 -1.58341 0.992168 3.39111 0.00296211 2.82726 2.47774 0.333294 -0.31232 0.20196 2.66767 0.763327 -3.28122 0.441582 -0.195381 2.20371 0.152127 -3.06895 
0.756696 0.432202 -1.22934 0.798144 1.25406 -1.501 0.775349 0.914276 0.751024 -1.40528 -0.774473 1.29719 -1.38257 -1.55414 0.971957 3.34909 -0.0195887 2.81363 2.49943 0.322608 -0.329975 0.19563 2.65331 0.818827 -3.29743 0.446828 -0.21435 2.19491 0.133047 -3.00176 
0.754132 0.440272 -1.24215 0.759823 1.25463 -1.48805 0.755292 0.927854 0.717295 -1.40921 -0.777998 1.32271 -1.35135 -1.54534 0.97323 3.29903 -0.0237751 2.80873 2.5057 0.295051 -0.31754 0.194188 2.66445 0.847017 -3.33564 0.470281 -0.204016 2.20005 0.077137 -2.94704 
0.749984 0.435353 -1.25661 0.720001 1.26514 -1.49592 0.740714 0.917704 0.662048 -1.4048 -0.793491 1.33324 -1.29733 -1.54363 0.969535 3.28248 -0.0322818 2.78581 2.49403 0.259485 -0.302907 0.191192 2.68079 0.862499 -3.38138 0.486521 -0.195523 2.21689 0.0493434 -2.88666 
0.74124 0.442768 -1.27046 0.707223 1.26929 -1.49687 0.714597 0.908456 0.617265 -1.37979 -0.80378 1.29857 -1.2609 -1.55873 0.969484 3.26383 -0.0498882 2.76142 2.48696 0.232088 -0.314016 0.184044 2.68503 0.867926 -3.41291 0.499164 -0.165028 2.23443 0.0223277 -2.84337 
0.754225 0.435134 -1.27152 0.698077 1.26953 -1.4944 0.706021 0.911761 0.58071 -1.36492 -0.783415 1.27446 -1.23104 -1.55588 0.981264 3.25615 -0.0596321 2.75701 2.47618 0.20748 -0.327787 0.199321 2.67817 0.863329 -3.46983 0.489959 -0.15033 2.24741 -0.0146848 -2.81023 
0.770109 0.428614 -1.29183 0.711552 1.27201 -1.48174 0.700469 0.911764 0.552622 -1.35205 -0.765139 1.26466 -1.23186 -1.55924 1.01366 3.2502 -0.0623359 2.74311 2.46033 0.188418 -0.339382 0.227802 2.67894 0.841622 -3.52607 0.467395 -0.13038 2.26683 -0.0370133 -2.77732 
0.774942 0.413292 -1.3253 0.721449 1.26712 -1.45833 0.708097 0.88888 0.522056 -1.34244 -0.741908 1.2899 -1.24487 -1.54311 1.03655 3.25471 -0.0739602 2.71384 2.45244 0.164378 -0.340207 0.259088 2.6741 0.816108 -3.55217 0.422184 -0.0691683 2.3063 -0.0426512 -2.74406 
