Mean 0 Mean 1 Mean 2 Mean 3 Mean 4 Mean 5 Mean 6 Mean 7 Mean 8 Mean 9 Mean 10 Mean 11 Mean 12 Mean 13 Mean 14 Mean 15 Mean 16 Mean 17 Mean 18 Mean 19 Mean 20 Mean 21 Mean 22 Mean 23 Mean 24 Mean 25 Mean 26 Mean 27 Mean 28 Mean 29 
-2.51931 -1.50846 -1.36643 -1.47875 2.57937 1.10076 1.109 0.94728 0.976451 -1.04766 1.16142 2.42089 -1.51387 0.899794 -2.0502 -0.0426716 2.37134 0.745593 2.81035 0.171709 -0.6276 0.759905 0.651637 0.086737 1.96079 0.259644 -0.758456 -0.0121645 1.04522 0.264193 
-2.51752 -1.52801 -1.37926 -1.47277 2.58705 1.09522 1.09861 0.949498 0.971454 -1.05124 1.17402 2.43058 -1.5183 0.899639 -2.05029 -0.045594 2.66233 0.722515 2.81145 0.158771 -0.619983 2.01921 0.661264 0.106624 1.9669 0.242639 -1.96082 -0.0121072 1.0529 0.267853 
-2.52407 -1.53265 -1.3923 -1.47585 2.583 1.09201 1.10277 0.951563 0.967175 -1.05161 1.18963 2.43121 -1.51688 0.90646 -2.04763 -0.047837 2.76125 0.714277 2.8106 0.151396 -0.603216 2.4323 0.656112 0.124864 1.97604 0.237607 -2.36547 -0.0109093 1.05336 0.269528 
-2.51438 -1.55871 -1.43726 -1.46463 2.57561 1.08619 1.11249 0.953098 0.964037 -1.05783 1.22288 2.43077 -1.51705 0.919986 -2.0154 -0.0440324 2.82826 0.683026 2.80242 0.119051 -0.578919 2.62886 0.646149 0.172486 1.98306 0.220215 -2.54792 -0.0198568 1.07556 0.279106 
-2.48713 -1.57765 -1.4721 -1.45312 2.56619 1.08441 1.09759 0.951234 0.957443 -1.07107 1.23447 2.43169 -1.50897 0.926053 -2.0059 -0.0212838 2.86157 0.661847 2.79328 0.0781825 -0.562003 2.73089 0.645049 0.219846 2.01902 0.217122 -2.65687 -0.0054087 1.06048 0.293483 
-2.45934 -1.5861 -1.4932 -1.45379 2.56391 1.0761 1.07642 0.945759 0.956332 -1.08251 1.24292 2.43305 -1.50034 0.924873 -2.00151 -0.00223733 2.87388 0.6509 2.78959 0.0500084 -0.558565 2.7912 0.635877 0.268293 2.06618 0.225727 -2.74044 0.0069193 1.03888 0.306384 
-2.44263 -1.58086 -1.50369 -1.45921 2.57003 1.07948 1.0673 0.940323 0.965839 -1.08689 1.24808 2.42247 -1.49442 0.925074 -2.0056 0.0104825 2.87071 0.64371 2.78099 0.0342921 -0.564628 2.8371 0.629731 0.298674 2.08996 0.240974 -2.80275 0.00885163 1.02975 0.310872 
-2.45293 -1.56873 -1.50632 -1.46669 2.58046 1.09032 1.0701 0.939096 0.971533 -1.07703 1.25534 2.41347 -1.50141 0.931332 -2.0054 0.00935665 2.86705 0.640379 2.76428 0.0327672 -0.578174 2.86894 0.625175 0.292441 2.08299 0.249134 -2.85193 -0.0037763 1.05267 0.303106 
-2.4644 -1.56123 -1.50893 -1.48046 2.57188 1.10516 1.03005 0.934637 0.962163 -1.08326 1.26977 2.38927 -1.50202 0.931797 -2.01845 0.0173324 2.86751 0.651239 2.75042 0.0278771 -0.592854 2.88809 0.615493 0.290308 2.09497 0.247844 -2.87008 0.002679 1.08135 0.306865 
-2.47423 -1.55583 -1.51579 -1.48337 2.56329 1.11271 1.01775 0.938433 0.961778 -1.09277 1.26479 2.38252 -1.50233 0.913296 -2.02365 0.0244397 2.87271 0.639325 2.74225 0.0303367 -0.617501 2.90288 0.624634 0.312547 2.09047 0.257187 -2.89481 0.00664441 1.08975 0.287416 
-2.48616 -1.54603 -1.51298 -1.48727 2.55661 1.11239 1.00464 0.946925 0.958671 -1.09572 1.25658 2.38283 -1.5102 0.902141 -2.03131 0.0239206 2.87887 0.635812 2.72291 0.0374431 -0.632692 2.91338 0.626521 0.318779 2.07845 0.247675 -2.91747 0.00832561 1.10053 0.270764 
-2.48489 -1.54214 -1.50428 -1.49208 2.54797 1.11226 1.00294 0.950137 0.966063 -1.09621 1.24731 2.38719 -1.5168 0.900628 -2.03875 0.028529 2.88755 0.632043 2.70522 0.0402481 -0.63447 2.93046 0.620665 0.318259 2.06303 0.240337 -2.93969 0.00464292 1.1081 0.266504 
-2.47093 -1.53849 -1.47417 -1.50613 2.54728 1.10446 1.00872 0.963252 0.975191 -1.08108 1.24696 2.39234 -1.52562 0.908808 -2.04345 0.0311547 2.88186 0.624633 2.70428 0.0470324 -0.637142 2.93661 0.599408 0.325207 2.05687 0.231394 -2.96983 0.000651666 1.12552 0.261877 
-2.45231 -1.54987 -1.40941 -1.51691 2.54438 1.10698 1.00926 0.994492 0.970906 -1.06789 1.26761 2.39158 -1.55271 0.890903 -2.0506 0.0432326 2.88757 0.597967 2.71044 0.0533807 -0.640065 2.93639 0.600072 0.309821 2.02717 0.242058 -2.99261 -0.0112425 1.13779 0.260109 
-2.43983 -1.55713 -1.38113 -1.51866 2.52515 1.10103 1.01087 1.00756 0.972168 -1.05717 1.2616 2.38867 -1.57356 0.878888 -2.04829 0.0545878 2.87511 0.601569 2.70152 0.0616006 -0.627697 2.92851 0.589346 0.287585 2.01374 0.237362 -2.99634 -0.023833 1.15497 0.256049 
-2.43454 -1.573 -1.37062 -1.5055 2.5173 1.09227 0.995317 1.00824 0.964732 -1.05923 1.26974 2.3618 -1.59479 0.877934 -2.0572 0.0502509 2.8664 0.609291 2.68917 0.0738488 -0.629074 2.92347 0.579153 0.26825 2.01166 0.23655 -3.0069 -0.0305101 1.17585 0.268405 
-2.4214 -1.60199 -1.32881 -1.50143 2.4932 1.08299 0.988585 1.03888 0.950872 -1.05447 1.28521 2.35865 -1.64499 0.854012 -2.0491 0.0391213 2.85832 0.610485 2.68982 0.104631 -0.64363 2.89895 0.583471 0.253025 1.97425 0.243535 -3.02161 -0.05434 1.19247 0.273169 
-2.41988 -1.62043 -1.32202 -1.48773 2.46077 1.06175 0.995359 1.05958 0.96897 -1.06415 1.22395 2.37 -1.65739 0.848982 -2.03249 0.0604504 2.82644 0.634937 2.67042 0.12282 -0.617697 2.87707 0.56025 0.228571 1.96068 0.229931 -3.04293 -0.0758875 1.19999 0.257784 
-2.42172 -1.63688 -1.31436 -1.46908 2.45581 1.03903 0.991333 1.06223 0.984618 -1.05789 1.1997 2.3724 -1.64356 0.838173 -2.04233 0.0708607 2.80851 0.653425 2.65766 0.129833 -0.619987 2.86492 0.549946 0.205688 1.96608 0.239812 -3.07219 -0.0750405 1.20156 0.250748 
-2.41938 -1.63909 -1.32144 -1.45555 2.45749 1.01641 0.986229 1.06476 1.00685 -1.05688 1.16714 2.36998 -1.63971 0.836087 -2.04871 0.0945292 2.79269 0.668969 2.64174 0.135082 -0.608216 2.86085 0.531076 0.186442 1.96356 0.2304 -3.07827 -0.0800406 1.21244 0.239851 
-2.42076 -1.62862 -1.34466 -1.42995 2.47781 0.965855 0.969888 1.03879 1.01703 -1.04248 1.14536 2.35831 -1.63895 0.840064 -2.06928 0.115137 2.78378 0.690377 2.61604 0.13825 -0.606612 2.87638 0.515893 0.153808 1.95751 0.218966 -3.07105 -0.0756669 1.22909 0.236885 
-2.41722 -1.62786 -1.37119 -1.38972 2.50071 0.910297 0.97208 1.02703 1.04544 -1.01313 1.13585 2.34507 -1.62011 0.83458 -2.09235 0.133351 2.74939 0.704133 2.58153 0.155896 -0.600372 2.87769 0.506079 0.117399 1.99466 0.236827 -3.07376 -0.0660002 1.24589 0.231675 
-2.41403 -1.61944 -1.38825 -1.38278 2.55847 0.848075 0.943005 1.01762 1.05266 -1.00367 1.12078 2.3238 -1.65689 0.832277 -2.11595 0.124155 2.75153 0.736699 2.53143 0.185149 -0.619979 2.90334 0.48478 0.0765926 1.98583 0.199904 -3.05941 -0.0574816 1.25448 0.231656 
-2.40578 -1.59508 -1.40151 -1.37139 2.64222 0.754073 0.900032 1.01717 1.05924 -1.00747 1.09942 2.26805 -1.73985 0.816872 -2.1386 0.112316 2.77255 0.790655 2.43389 0.240549 -0.673608 2.92601 0.457932 0.042757 1.95639 0.142812 -3.02195 -0.0234585 1.26866 0.251271 
-2.37446 -1.60288 -1.38411 -1.35576 2.69908 0.674065 0.898681 1.01941 1.07713 -1.00979 1.06479 2.26945 -1.78871 0.810696 -2.15786 0.09851 2.75698 0.836669 2.39021 0.265747 -0.726249 2.95032 0.427797 0.00639794 1.9828 0.147143 -3.05443 -0.0116777 1.26888 0.301888 
-2.35755 -1.58381 -1.39594 -1.34284 2.75273 0.57567 0.867459 1.02779 1.09098 -1.00521 1.06504 2.23565 -1.82115 0.774892 -2.17668 0.094375 2.77566 0.87564 2.30428 0.311491 -0.770132 2.96297 0.415837 -0.019401 1.9693 0.140012 -3.0226 0.0255763 1.2848 0.323437 
-2.3397 -1.57346 -1.37518 -1.32714 2.76532 0.511688 0.871731 1.02349 1.09591 -1.0032 1.04579 2.23765 -1.81136 0.73589 -2.19546 0.112405 2.78014 0.905258 2.2619 0.313189 -0.803874 2.95597 0.417656 -0.0682072 1.98427 0.173792 -3.05287 0.0557542 1.28469 0.319619 
-2.33186 -1.56459 -1.31851 -1.30133 2.73126 0.488097 0.908617 0.987505 1.09114 -0.980153 1.02516 2.27251 -1.7334 0.705122 -2.23053 0.150529 2.74989 0.924405 2.26532 0.272136 -0.792801 2.91716 0.432523 -0.110927 1.98982 0.205975 -3.10509 0.0813696 1.27035 0.299307 
-2.32108 -1.57532 -1.24953 -1.2806 2.70281 0.471334 0.938143 0.963033 1.07849 -0.971732 0.989432 2.26671 -1.65442 0.697179 -2.26634 0.1731 2.71752 0.96625 2.26931 0.210439 -0.791044 2.90233 0.455985 -0.173249 2.02017 0.273928 -3.155 0.0897099 1.23824 0.290898 
-2.33204 -1.57026 -1.21487 -1.29316 2.69165 0.49423 0.946149 0.942831 1.05138 -0.968106 0.983914 2.23459 -1.58742 0.741012 -2.26835 0.156016 2.71783 1.00408 2.28117 0.157452 -0.786412 2.90295 0.483503 -0.197746 2.04992 0.350974 -3.17654 0.0807759 1.21345 0.274069 
-2.33588 -1.56573 -1.19192 -1.30986 2.67518 0.514962 0.932221 0.923529 1.0241 -0.970404 0.985769 2.21317 -1.5277 0.771222 -2.26866 0.147171 2.70612 1.03646 2.28806 0.121313 -0.77718 2.90917 0.497415 -0.213257 2.0603 0.406751 -3.18476 0.0712753 1.1949 0.261979 
-2.33341 -1.52818 -1.19507 -1.34773 2.67639 0.548452 0.885117 0.874444 1.01781 -0.971363 1.00166 2.17662 -1.44396 0.825601 -2.24929 0.123696 2.70698 1.07984 2.29462 0.109382 -0.740936 2.93782 0.526041 -0.237497 2.02506 0.462063 -3.15278 0.0722997 1.16065 0.22412 
-2.32229 -1.47284 -1.21189 -1.38796 2.68213 0.581068 0.839931 0.817577 1.01061 -0.969053 1.02381 2.14719 -1.32959 0.879708 -2.22475 0.0950131 2.71588 1.11878 2.28208 0.0958814 -0.688265 2.97343 0.58314 -0.269344 1.96517 0.5212 -3.10967 0.0731351 1.10232 0.181031 
-2.31421 -1.43398 -1.24149 -1.40433 2.68925 0.624572 0.816827 0.783074 0.998219 -0.951542 1.04807 2.15454 -1.27206 0.896785 -2.2028 0.0981839 2.719 1.097 2.28855 0.0787204 -0.663496 2.97999 0.60101 -0.287865 1.92452 0.539937 -3.0597 0.0740856 1.08542 0.164162 
-2.31778 -1.40536 -1.27074 -1.4111 2.68773 0.657809 0.789457 0.758456 0.984713 -0.941776 1.07866 2.16212 -1.22052 0.913247 -2.18558 0.0862481 2.72299 1.08265 2.29089 0.0741062 -0.637779 2.99036 0.630119 -0.319319 1.88905 0.559585 -3.01276 0.0746426 1.06055 0.158272 
-2.32903 -1.38042 -1.29702 -1.40432 2.67234 0.694741 0.765395 0.745504 0.97395 -0.92417 1.10338 2.19314 -1.17447 0.899134 -2.16412 0.083487 2.72224 1.05647 2.3022 0.0826726 -0.624061 2.99772 0.671443 -0.345479 1.84758 0.557477 -2.96389 0.0849802 1.04793 0.134797 
-2.36065 -1.35603 -1.30346 -1.4074 2.65947 0.754651 0.742268 0.748755 0.937093 -0.899366 1.13527 2.21826 -1.14986 0.881581 -2.14661 0.0720677 2.70337 1.03931 2.29834 0.0724721 -0.635288 3.00025 0.699178 -0.352431 1.82688 0.533698 -2.88717 0.0656933 1.0423 0.0988998 
-2.38656 -1.37575 -1.2976 -1.41251 2.65463 0.829242 0.69883 0.721848 0.885267 -0.844872 1.1288 2.26016 -1.15238 0.8591 -2.12377 0.0771051 2.62903 0.997692 2.29145 0.0574197 -0.66453 3.01579 0.694127 -0.370054 1.79772 0.468448 -2.81902 0.0678288 1.03614 0.0367323 
-2.39857 -1.39228 -1.29219 -1.41105 2.6487 0.898528 0.651207 0.707669 0.864078 -0.797377 1.09978 2.32281 -1.16136 0.839451 -2.08401 0.0926998 2.55673 0.934094 2.29705 0.066444 -0.65931 3.03718 0.680955 -0.386924 1.77362 0.413877 -2.75984 0.0734545 1.05274 -0.0385749 
-2.41568 -1.3954 -1.28282 -1.39075 2.64991 0.967515 0.631602 0.711161 0.840984 -0.795017 1.09544 2.35965 -1.1664 0.819594 -1.99162 0.127962 2.51828 0.908292 2.34276 0.0735281 -0.645772 3.08177 0.675591 -0.38449 1.75562 0.366197 -2.68523 0.0461074 1.07925 -0.0616775 
