Mean 0 Mean 1 Mean 2 Mean 3 Mean 4 Mean 5 Mean 6 Mean 7 Mean 8 Mean 9 Mean 10 Mean 11 Mean 12 Mean 13 Mean 14 Mean 15 Mean 16 Mean 17 Mean 18 Mean 19 Mean 20 Mean 21 Mean 22 Mean 23 Mean 24 Mean 25 Mean 26 Mean 27 Mean 28 Mean 29 
-1.24122 1.16364 -2.31489 -1.72388 1.75423 -2.58319 1.0066 0.933014 1.05521 -2.60816 2.72757 2.8533 0.899734 -1.08038 0.784281 0.0917956 3.02237 0.0179861 -0.814997 -0.941976 2.93553 0.13945 -2.35546 -0.797034 2.70599 -0.321157 -2.79722 1.47765 2.56975 0.651292 
-1.24599 1.15681 -2.30303 -1.73644 1.75383 -2.56922 0.990686 0.939174 1.0585 -2.62111 2.73859 2.84837 0.883066 -1.09111 0.783336 0.0934122 3.02228 0.0311878 -0.821012 -0.948528 2.93593 0.150757 -2.73145 -0.782197 2.69316 -0.318745 -2.78385 1.48733 2.58853 0.650693 
-1.24284 1.15711 -2.30991 -1.7349 1.75949 -2.57009 0.995632 0.942183 1.06149 -2.60567 2.73844 2.84225 0.885377 -1.09164 0.787528 0.0883035 3.02212 0.0239291 -0.81998 -0.944291 2.92806 0.146388 -2.85114 -0.791667 2.69791 -0.319193 -2.79241 1.49164 2.58907 0.646747 
-1.23956 1.1565 -2.31019 -1.74528 1.7694 -2.57507 0.996161 0.949879 1.06124 -2.59297 2.74406 2.83597 0.888236 -1.08814 0.785318 0.0822244 3.0233 0.0207698 -0.822053 -0.93689 2.92071 0.141812 -2.91078 -0.794364 2.69771 -0.322596 -2.80095 1.49265 2.59126 0.638307 
-1.24166 1.15902 -2.3117 -1.74527 1.78025 -2.58119 0.999187 0.952487 1.06087 -2.5819 2.74898 2.83072 0.889288 -1.08531 0.784632 0.0795518 3.02318 0.0192083 -0.815773 -0.924018 2.91125 0.134846 -2.94899 -0.795005 2.70228 -0.327266 -2.81701 1.48728 2.58968 0.635815 
-1.24522 1.1647 -2.30953 -1.74749 1.78231 -2.58176 1.00226 0.955818 1.05297 -2.57232 2.75209 2.82288 0.888947 -1.08594 0.785034 0.0774689 3.01965 0.0191441 -0.814486 -0.917573 2.90272 0.123968 -2.97827 -0.79954 2.7064 -0.333224 -2.82752 1.48511 2.5964 0.634539 
-1.24484 1.16863 -2.29881 -1.7595 1.77779 -2.57635 1.00365 0.96233 1.04336 -2.56676 2.75807 2.81405 0.884686 -1.08915 0.789458 0.0804315 3.00858 0.0200687 -0.822148 -0.916191 2.89935 0.11795 -2.99516 -0.807544 2.7112 -0.336822 -2.82764 1.49121 2.60586 0.634937 
-1.25247 1.1689 -2.29104 -1.77873 1.76394 -2.56554 1.00022 0.967394 1.0257 -2.56616 2.75761 2.80585 0.875225 -1.08971 0.793614 0.0923928 3.00029 0.0243402 -0.835738 -0.916599 2.9017 0.115449 -3.0077 -0.813443 2.70569 -0.353643 -2.81881 1.49465 2.61614 0.64512 
-1.262 1.1698 -2.27914 -1.79415 1.75104 -2.55037 0.997984 0.977286 0.99835 -2.55818 2.75027 2.79983 0.872631 -1.08819 0.797228 0.103522 2.99268 0.0270813 -0.850001 -0.912741 2.90595 0.110421 -3.016 -0.821159 2.70053 -0.36674 -2.80813 1.50155 2.62888 0.658374 
-1.26437 1.16693 -2.26513 -1.80532 1.74529 -2.53295 0.995343 0.986436 0.967263 -2.54778 2.73301 2.79906 0.872783 -1.08896 0.794879 0.122485 2.98451 0.0282413 -0.862984 -0.910392 2.90804 0.103086 -3.02336 -0.824182 2.69199 -0.37656 -2.79463 1.50577 2.63994 0.675712 
-1.27115 1.16307 -2.25844 -1.82095 1.73818 -2.51689 0.993157 0.993935 0.934829 -2.53861 2.71648 2.79674 0.875457 -1.09702 0.796229 0.137347 2.97981 0.0344753 -0.885009 -0.914692 2.90382 0.0910637 -3.03367 -0.827135 2.68525 -0.386429 -2.77967 1.50455 2.65118 0.687525 
-1.27413 1.16197 -2.25341 -1.82478 1.74034 -2.50213 0.988075 1.01448 0.918516 -2.52669 2.70736 2.7937 0.883638 -1.10593 0.780065 0.133144 2.97715 0.0397408 -0.910256 -0.931732 2.90786 0.0917785 -3.03061 -0.826553 2.68454 -0.386995 -2.78783 1.49379 2.67277 0.684216 
-1.27471 1.15822 -2.23962 -1.83228 1.72978 -2.48318 0.987873 1.03327 0.890146 -2.51178 2.69325 2.7975 0.891836 -1.12827 0.779993 0.126335 2.98098 0.0460163 -0.93121 -0.957192 2.91469 0.0949803 -3.03942 -0.819716 2.68385 -0.387852 -2.8007 1.47934 2.69073 0.683739 
-1.27614 1.15606 -2.22768 -1.84337 1.70434 -2.47409 0.998264 1.03231 0.856201 -2.49621 2.68304 2.81128 0.905711 -1.15489 0.805714 0.111413 3.00435 0.0582838 -0.949415 -1.00349 2.92296 0.109234 -3.05061 -0.814591 2.69653 -0.3766 -2.84578 1.47182 2.69815 0.681726 
-1.27825 1.15209 -2.22029 -1.85205 1.68254 -2.47047 0.99859 1.02666 0.828173 -2.48276 2.67423 2.83343 0.917248 -1.17742 0.832529 0.0924523 3.02496 0.0716429 -0.965742 -1.04442 2.92806 0.131565 -3.05955 -0.816149 2.71308 -0.368493 -2.89745 1.46435 2.70011 0.668224 
-1.28495 1.14068 -2.21109 -1.85572 1.67075 -2.46851 0.987909 1.01377 0.807802 -2.48132 2.6612 2.84957 0.910117 -1.17964 0.841637 0.0759617 3.03804 0.0867683 -0.966499 -1.05524 2.93073 0.146028 -3.0693 -0.822757 2.71482 -0.377075 -2.93152 1.45079 2.70376 0.662106 
-1.2894 1.12801 -2.19541 -1.85322 1.68159 -2.46634 0.960306 1.00917 0.811515 -2.49618 2.65286 2.85603 0.889155 -1.16213 0.812246 0.0577237 3.02814 0.0930146 -0.952603 -1.05149 2.92729 0.149641 -3.08059 -0.828175 2.69922 -0.397875 -2.93911 1.43399 2.71766 0.673918 
-1.2952 1.11272 -2.18847 -1.85816 1.67747 -2.47222 0.924445 1.01367 0.80758 -2.50624 2.65388 2.85235 0.874409 -1.13371 0.779291 0.0335331 3.01651 0.103374 -0.933101 -1.05067 2.92251 0.153029 -3.09133 -0.828763 2.6801 -0.411361 -2.93393 1.41675 2.75187 0.690558 
-1.29109 1.1069 -2.19535 -1.85631 1.67569 -2.48579 0.9021 1.01744 0.82406 -2.50568 2.64646 2.86222 0.873268 -1.10371 0.746681 0.021791 3.00869 0.111026 -0.91195 -1.04255 2.9256 0.153564 -3.10209 -0.82594 2.66287 -0.423522 -2.94359 1.40684 2.78478 0.689204 
-1.27517 1.09439 -2.21145 -1.83774 1.68669 -2.5169 0.867362 1.01329 0.855849 -2.49831 2.64307 2.87923 0.88864 -1.08757 0.708416 0.0120574 2.97609 0.108812 -0.904592 -1.0254 2.92402 0.170838 -3.10745 -0.832552 2.65249 -0.4321 -2.95851 1.39318 2.81376 0.6614 
-1.26715 1.0759 -2.22633 -1.80734 1.69159 -2.54835 0.818169 0.995774 0.890585 -2.46653 2.61958 2.91069 0.907678 -1.0924 0.659323 -0.000869076 2.9256 0.099025 -0.904076 -1.00121 2.91873 0.185729 -3.11585 -0.839979 2.62379 -0.457037 -2.96982 1.39135 2.8396 0.608725 
-1.25193 1.08318 -2.25806 -1.79805 1.70188 -2.59049 0.80307 1.00639 0.913137 -2.45489 2.61154 2.92249 0.930293 -1.08496 0.630923 -0.00194912 2.919 0.0970112 -0.901965 -0.991322 2.92153 0.198978 -3.12145 -0.844999 2.6181 -0.478951 -2.97628 1.38067 2.87531 0.589246 
-1.2025 1.06234 -2.33595 -1.75374 1.70921 -2.69948 0.766173 1.02886 1.01378 -2.38976 2.66259 2.91826 0.985509 -1.10706 0.614586 -0.044741 2.85106 0.100242 -0.945133 -0.967075 2.88817 0.239385 -3.15899 -0.871368 2.70435 -0.453038 -2.96438 1.33779 2.93193 0.464454 
-1.19356 1.0575 -2.35491 -1.7491 1.70736 -2.74417 0.749987 1.03055 1.04645 -2.35562 2.6619 2.93281 1.01017 -1.09742 0.591028 -0.0597874 2.83344 0.0953048 -0.946132 -0.966026 2.88745 0.246411 -3.18035 -0.879323 2.69639 -0.479282 -2.97364 1.33301 2.95738 0.418822 
-1.21766 1.06063 -2.34381 -1.76035 1.70241 -2.75271 0.736813 1.03197 1.03667 -2.33064 2.63555 2.95804 0.986588 -1.07431 0.572142 -0.0648447 2.84991 0.105224 -0.925176 -0.982651 2.90681 0.231864 -3.18164 -0.883695 2.6427 -0.534705 -2.97553 1.34493 2.98424 0.437493 
-1.25824 1.07199 -2.34117 -1.74976 1.70167 -2.74551 0.721979 1.0421 1.01223 -2.31778 2.62738 2.96363 0.93868 -1.03654 0.572304 -0.0599151 2.88884 0.138773 -0.891398 -1.01451 2.91904 0.224476 -3.16301 -0.898376 2.5839 -0.58863 -2.95984 1.35064 3.00062 0.466325 
-1.2982 1.07136 -2.32818 -1.72812 1.70994 -2.76468 0.701671 1.01773 0.992813 -2.29909 2.61618 2.97698 0.932995 -0.999602 0.558329 -0.0499308 2.8999 0.160171 -0.857376 -1.04092 2.93636 0.243457 -3.16508 -0.910347 2.53695 -0.620024 -2.94791 1.36585 3.00676 0.48868 
-1.33712 1.045 -2.31805 -1.71067 1.73036 -2.787 0.699193 1.01383 0.981468 -2.2881 2.64727 2.99033 0.935887 -0.977847 0.556724 -0.0439386 2.89979 0.193916 -0.837451 -1.05397 2.95883 0.243545 -3.16029 -0.923115 2.53143 -0.645712 -2.92094 1.37858 3.01935 0.529672 
-1.35878 1.02492 -2.31658 -1.72255 1.74851 -2.79238 0.700457 1.00455 0.975224 -2.29058 2.65136 3.00138 0.945461 -0.940482 0.551371 -0.029779 2.88796 0.219863 -0.827783 -1.06032 2.98051 0.242329 -3.16584 -0.924402 2.51863 -0.664928 -2.90579 1.39133 3.01238 0.55109 
-1.37004 1.01353 -2.33141 -1.72434 1.77176 -2.81539 0.705953 0.996052 0.966699 -2.2964 2.66501 3.0068 0.963785 -0.917505 0.548516 -0.0171421 2.87484 0.236811 -0.82915 -1.06652 2.99489 0.24379 -3.1642 -0.923323 2.50409 -0.678598 -2.88394 1.39871 2.99673 0.573912 
-1.37936 1.02702 -2.33703 -1.72435 1.78555 -2.82597 0.711319 0.993262 0.964755 -2.30473 2.6714 3.01793 0.996184 -0.893772 0.562147 -0.00769133 2.86281 0.244452 -0.816237 -1.06736 3.00999 0.246661 -3.16444 -0.924446 2.48118 -0.681701 -2.86111 1.40742 2.9796 0.594412 
-1.37259 1.03738 -2.34576 -1.70484 1.80605 -2.83745 0.717232 0.974346 0.96448 -2.30244 2.69092 3.01883 1.01924 -0.880422 0.57503 0.0215224 2.85459 0.24057 -0.81926 -1.07357 2.99841 0.244984 -3.15869 -0.938555 2.46119 -0.66941 -2.82232 1.41188 2.96944 0.610027 
-1.3644 1.06556 -2.35685 -1.693 1.83067 -2.84661 0.723024 0.951873 0.95875 -2.28786 2.70598 3.01933 1.04503 -0.878007 0.58115 0.0503038 2.85814 0.221577 -0.835821 -1.09419 2.974 0.239178 -3.1567 -0.961955 2.44168 -0.6489 -2.7928 1.41277 2.9587 0.607874 
-1.35915 1.10522 -2.36926 -1.6797 1.84293 -2.84145 0.72852 0.926854 0.949863 -2.27657 2.70523 3.02091 1.05348 -0.881018 0.618662 0.0719336 2.87856 0.213144 -0.853716 -1.12057 2.9679 0.217561 -3.14982 -0.989078 2.42326 -0.6309 -2.76969 1.41746 2.93244 0.598179 
-1.3665 1.17127 -2.37775 -1.66238 1.83375 -2.79438 0.726715 0.904808 0.940044 -2.27931 2.65511 3.02885 1.01818 -0.8763 0.650203 0.116131 2.90293 0.191733 -0.872652 -1.13715 2.97672 0.188847 -3.15875 -1.01395 2.38951 -0.643517 -2.76928 1.42546 2.88692 0.565701 
-1.3723 1.24232 -2.38487 -1.62509 1.82885 -2.73046 0.717682 0.893805 0.915291 -2.28189 2.61179 3.03154 1.00137 -0.879971 0.714039 0.173949 2.93238 0.17729 -0.886576 -1.16589 2.98464 0.171087 -3.1556 -1.03551 2.34587 -0.646942 -2.76406 1.44641 2.84123 0.555142 
-1.38432 1.31004 -2.3761 -1.5866 1.8169 -2.68465 0.714383 0.883614 0.879647 -2.29266 2.56978 3.04585 0.978799 -0.886511 0.781897 0.230574 2.97132 0.180823 -0.89078 -1.19082 2.97308 0.170047 -3.13862 -1.062 2.30638 -0.634722 -2.77911 1.46951 2.78471 0.547646 
-1.39445 1.36589 -2.36577 -1.55387 1.8114 -2.64732 0.717225 0.869555 0.858627 -2.30566 2.52968 3.06583 0.957325 -0.896642 0.83739 0.283954 3.00357 0.202682 -0.896558 -1.19862 2.94921 0.171651 -3.12082 -1.07895 2.28725 -0.623339 -2.80703 1.49172 2.73377 0.539682 
-1.36991 1.40411 -2.35502 -1.51425 1.80695 -2.64528 0.742947 0.864391 0.844736 -2.31733 2.49536 3.07556 0.959086 -0.922843 0.868082 0.344832 3.01205 0.227428 -0.911816 -1.21569 2.90972 0.183504 -3.11533 -1.11231 2.25134 -0.583653 -2.82775 1.52094 2.69745 0.54362 
-1.31641 1.42505 -2.30784 -1.47723 1.79509 -2.66819 0.789874 0.883329 0.831143 -2.34715 2.45377 3.06999 1.01783 -0.975267 0.889763 0.427058 3.01447 0.256338 -0.92792 -1.21673 2.87704 0.202491 -3.13428 -1.15622 2.15682 -0.524214 -2.86112 1.53846 2.66401 0.578429 
