Mean 0 Mean 1 Mean 2 Mean 3 Mean 4 Mean 5 Mean 6 Mean 7 Mean 8 Mean 9 Mean 10 Mean 11 Mean 12 Mean 13 Mean 14 Mean 15 Mean 16 Mean 17 Mean 18 Mean 19 Mean 20 Mean 21 Mean 22 Mean 23 Mean 24 Mean 25 Mean 26 Mean 27 Mean 28 Mean 29 
1.21326 -0.901839 -2.51536 -1.29837 2.53589 -1.40285 0.971233 -1.04145 -1.13438 -1.24847 -0.887645 2.63448 -1.92245 0.965699 -2.47531 0.0948286 -0.546683 -0.477965 2.80957 -0.686048 2.7041 0.461153 -0.611364 2.65727 2.80071 -0.764378 -2.3286 0.583533 2.89805 2.10311 
1.21293 -0.890793 -2.51492 -1.30609 2.54341 -1.40427 0.969079 -1.04268 -1.1367 -1.25884 -0.899053 2.63147 -1.92011 0.977075 -2.48361 0.0896176 -0.539442 -0.486303 2.80018 -0.68199 2.70312 0.46136 -0.61313 2.66057 2.8038 -0.765057 -2.32673 0.593457 2.91171 2.09795 
1.20721 -0.913503 -2.50002 -1.31091 2.53291 -1.40884 0.969748 -1.05787 -1.15099 -1.26144 -0.88537 2.63876 -1.90594 0.981655 -2.48575 0.104548 -0.530947 -0.482854 2.80226 -0.694631 2.70336 0.45959 -0.601743 2.66726 2.79454 -0.780911 -2.3308 0.589216 2.9017 2.10441 
1.19787 -0.908351 -2.49468 -1.31898 2.54009 -1.41552 0.963697 -1.05902 -1.15603 -1.26342 -0.895433 2.63658 -1.90528 0.995574 -2.49145 0.107161 -0.538421 -0.496682 2.79247 -0.685506 2.69555 0.464418 -0.606458 2.67343 2.79989 -0.782994 -2.33847 0.586533 2.92257 2.09144 
1.19426 -0.907754 -2.49315 -1.32324 2.53267 -1.41042 0.962103 -1.06822 -1.15768 -1.26211 -0.897552 2.63923 -1.89465 1.00968 -2.49808 0.103325 -0.533186 -0.508901 2.77659 -0.680216 2.68544 0.467753 -0.606186 2.67109 2.79195 -0.783461 -2.34219 0.580588 2.94145 2.08499 
1.19193 -0.909568 -2.48744 -1.3317 2.5306 -1.40721 0.966257 -1.07553 -1.16224 -1.25485 -0.889754 2.62962 -1.8879 1.01866 -2.49895 0.106785 -0.537964 -0.513485 2.76705 -0.672514 2.68191 0.476507 -0.601902 2.66402 2.79641 -0.781649 -2.35812 0.578039 2.9522 2.07853 
1.18582 -0.905826 -2.47591 -1.33527 2.53796 -1.41021 0.965296 -1.08206 -1.17439 -1.24794 -0.881893 2.61292 -1.88803 1.02574 -2.49538 0.118614 -0.539667 -0.517397 2.75989 -0.674585 2.67617 0.478566 -0.603592 2.66108 2.8042 -0.791823 -2.37208 0.577585 2.95569 2.07377 
1.18625 -0.902349 -2.45841 -1.33775 2.55108 -1.3991 0.971178 -1.10514 -1.18295 -1.23918 -0.869622 2.59702 -1.87071 1.03055 -2.49973 0.134626 -0.546934 -0.51861 2.75646 -0.66764 2.67754 0.479352 -0.611866 2.66625 2.80816 -0.803061 -2.36006 0.561001 2.96227 2.07867 
1.17623 -0.902509 -2.44432 -1.34467 2.56133 -1.40098 0.965154 -1.12063 -1.19548 -1.23319 -0.854136 2.58006 -1.87194 1.03605 -2.49971 0.151651 -0.546242 -0.518441 2.74772 -0.664793 2.67251 0.481592 -0.607267 2.6576 2.81784 -0.81394 -2.36055 0.558376 2.96927 2.07242 
1.1758 -0.901077 -2.43961 -1.36258 2.55937 -1.40577 0.954963 -1.11559 -1.21009 -1.22426 -0.843193 2.56697 -1.88023 1.03742 -2.50848 0.14817 -0.550705 -0.520649 2.73324 -0.66122 2.66425 0.464911 -0.619703 2.66442 2.82196 -0.824036 -2.34767 0.563784 2.98971 2.07135 
1.16684 -0.90525 -2.44254 -1.38056 2.54278 -1.4191 0.917291 -1.1131 -1.23596 -1.22199 -0.825684 2.54678 -1.88991 1.04368 -2.51377 0.133489 -0.539802 -0.509764 2.70557 -0.678652 2.66347 0.445885 -0.629749 2.66235 2.84298 -0.836747 -2.32945 0.588866 3.03526 2.08632 
1.1619 -0.90528 -2.43786 -1.40025 2.5371 -1.42939 0.911391 -1.10376 -1.25159 -1.21444 -0.820491 2.53377 -1.89834 1.05228 -2.52167 0.124433 -0.537988 -0.511701 2.68232 -0.685918 2.64856 0.42757 -0.624456 2.674 2.84322 -0.833745 -2.33257 0.595305 3.05374 2.07333 
1.15976 -0.900983 -2.43228 -1.41896 2.52477 -1.42959 0.895088 -1.09531 -1.26243 -1.20456 -0.81987 2.53064 -1.90539 1.05248 -2.52315 0.118274 -0.531348 -0.514269 2.6604 -0.693506 2.64668 0.421757 -0.635268 2.67343 2.84855 -0.840501 -2.32906 0.604558 3.07331 2.07684 
1.17309 -0.896457 -2.4274 -1.43964 2.51689 -1.42861 0.901526 -1.09977 -1.26345 -1.17745 -0.81741 2.5297 -1.90817 1.05379 -2.52017 0.112749 -0.511287 -0.509401 2.63252 -0.703969 2.63527 0.412071 -0.638359 2.66915 2.8562 -0.832336 -2.33701 0.600801 3.08191 2.06665 
1.18577 -0.896801 -2.39806 -1.44199 2.51542 -1.4374 0.902741 -1.09624 -1.25736 -1.16537 -0.825432 2.53705 -1.91582 1.06055 -2.53099 0.109607 -0.511344 -0.517581 2.60407 -0.714562 2.62414 0.410611 -0.650331 2.66558 2.86505 -0.822343 -2.35655 0.593011 3.09407 2.06775 
1.20113 -0.898917 -2.37033 -1.43302 2.50696 -1.44831 0.9147 -1.09232 -1.23937 -1.16111 -0.842643 2.53949 -1.92035 1.06802 -2.53819 0.120873 -0.528755 -0.513851 2.5877 -0.714737 2.61304 0.398926 -0.66634 2.67528 2.86446 -0.816179 -2.3772 0.587224 3.1046 2.06143 
1.17932 -0.920514 -2.35562 -1.43374 2.51235 -1.46519 0.912135 -1.07195 -1.24641 -1.14241 -0.808522 2.52724 -1.92996 1.07258 -2.54741 0.133489 -0.555341 -0.498926 2.5955 -0.701442 2.63156 0.402559 -0.661633 2.67912 2.84178 -0.818395 -2.37044 0.587879 3.1371 2.05383 
1.16436 -0.945698 -2.3347 -1.42229 2.51542 -1.48132 0.903036 -1.0597 -1.26783 -1.12451 -0.763249 2.51445 -1.94897 1.07051 -2.57089 0.160969 -0.573008 -0.484355 2.61979 -0.711729 2.64844 0.415745 -0.670658 2.67851 2.83168 -0.817304 -2.34428 0.587523 3.16 2.03946 
1.15541 -0.971492 -2.32729 -1.41652 2.49799 -1.50106 0.890206 -1.05632 -1.2732 -1.1028 -0.731509 2.49868 -1.95227 1.06676 -2.58689 0.166895 -0.601595 -0.469395 2.61394 -0.706786 2.66006 0.407014 -0.679888 2.68048 2.83198 -0.824071 -2.34347 0.594526 3.18676 2.04972 
1.13514 -0.98791 -2.33819 -1.4034 2.50641 -1.53329 0.883516 -1.04533 -1.26687 -1.08576 -0.726517 2.49822 -1.93707 1.0566 -2.60056 0.176478 -0.62313 -0.468004 2.59792 -0.711317 2.65532 0.416882 -0.671761 2.67214 2.83625 -0.803342 -2.3652 0.592037 3.1953 2.04093 
1.11691 -1.0178 -2.35966 -1.37302 2.4836 -1.568 0.859778 -1.02761 -1.23249 -1.06231 -0.709295 2.49103 -1.90849 1.03261 -2.60637 0.164534 -0.648254 -0.465073 2.58167 -0.715084 2.64657 0.423488 -0.665889 2.66668 2.85172 -0.777633 -2.37196 0.588049 3.20009 2.02353 
1.08585 -1.05029 -2.37785 -1.36792 2.43285 -1.57761 0.822819 -1.0153 -1.20655 -1.03632 -0.682621 2.48019 -1.8707 1.01444 -2.60865 0.140082 -0.684865 -0.464249 2.57436 -0.72779 2.66192 0.423809 -0.675354 2.66801 2.85021 -0.769616 -2.35851 0.591032 3.20236 2.00939 
1.07263 -1.06696 -2.386 -1.36747 2.41692 -1.57503 0.80877 -1.02184 -1.19575 -1.00031 -0.663213 2.48307 -1.8481 1.00992 -2.60888 0.130942 -0.721948 -0.467146 2.57956 -0.744534 2.66788 0.436008 -0.697048 2.68061 2.84805 -0.763106 -2.34295 0.594031 3.20917 1.99353 
1.07635 -1.06979 -2.38166 -1.36293 2.4619 -1.57389 0.817949 -1.0233 -1.19195 -0.975764 -0.638774 2.49296 -1.83789 1.00633 -2.6068 0.139156 -0.748609 -0.480432 2.5763 -0.775752 2.66795 0.461852 -0.722932 2.68855 2.83574 -0.755651 -2.3368 0.591325 3.21415 1.97567 
1.07306 -1.06436 -2.38498 -1.34847 2.49049 -1.57632 0.825547 -1.02964 -1.18751 -0.956841 -0.604802 2.49147 -1.83231 0.986378 -2.60714 0.149938 -0.752163 -0.490186 2.57306 -0.794234 2.68121 0.475222 -0.735104 2.6893 2.81854 -0.763914 -2.33953 0.593226 3.22434 1.96464 
1.0672 -1.04475 -2.3869 -1.33352 2.5077 -1.58153 0.838926 -1.03766 -1.19329 -0.937409 -0.5724 2.49426 -1.82686 0.969734 -2.61113 0.159791 -0.742408 -0.494852 2.57143 -0.814609 2.6947 0.488572 -0.737685 2.68431 2.80861 -0.774534 -2.35741 0.600488 3.24922 1.96154 
1.06685 -1.02924 -2.38045 -1.3357 2.52078 -1.57409 0.826539 -1.03903 -1.21259 -0.919631 -0.549685 2.5063 -1.81305 0.961181 -2.6072 0.158896 -0.755036 -0.501954 2.57215 -0.823918 2.69794 0.516319 -0.743172 2.68763 2.81543 -0.767947 -2.35972 0.603806 3.26978 1.95338 
1.0679 -1.02805 -2.36823 -1.33669 2.53878 -1.58188 0.8171 -1.05085 -1.23813 -0.898583 -0.529361 2.51249 -1.8035 0.947488 -2.60827 0.172443 -0.775543 -0.497425 2.57002 -0.841235 2.68777 0.527791 -0.743431 2.69294 2.82022 -0.765933 -2.35408 0.611731 3.28586 1.95463 
1.06546 -1.03929 -2.35414 -1.34989 2.57011 -1.60493 0.806933 -1.06022 -1.25857 -0.888028 -0.518762 2.52431 -1.79054 0.941998 -2.59806 0.188702 -0.795055 -0.502256 2.57759 -0.891003 2.66758 0.528075 -0.752489 2.69874 2.81436 -0.755458 -2.32351 0.621968 3.29858 1.98499 
1.09561 -1.02322 -2.33683 -1.37474 2.59975 -1.60369 0.808242 -1.07372 -1.24505 -0.885236 -0.538142 2.53541 -1.78277 0.959147 -2.59161 0.210426 -0.8152 -0.517803 2.60232 -0.935395 2.64744 0.50898 -0.775314 2.69673 2.821 -0.727714 -2.26752 0.640641 3.28571 2.02725 
1.11851 -1.00825 -2.33593 -1.37549 2.63411 -1.59686 0.80205 -1.09029 -1.23178 -0.878519 -0.548535 2.55194 -1.7745 0.970493 -2.57671 0.219878 -0.842282 -0.533645 2.60969 -0.953443 2.61489 0.486262 -0.785914 2.71394 2.82614 -0.703434 -2.2353 0.658108 3.27852 2.04596 
1.15949 -0.982178 -2.34085 -1.37706 2.66607 -1.57525 0.797956 -1.11919 -1.20044 -0.883781 -0.57221 2.59669 -1.77186 0.992792 -2.55996 0.243884 -0.845331 -0.545193 2.62241 -0.970093 2.57893 0.430389 -0.788175 2.74136 2.8307 -0.680344 -2.21271 0.68335 3.27212 2.06521 
1.17637 -0.965534 -2.35301 -1.40584 2.689 -1.53647 0.789641 -1.14279 -1.195 -0.887717 -0.590033 2.62982 -1.77927 1.01237 -2.5255 0.265955 -0.849165 -0.546705 2.61534 -1.00173 2.53534 0.373271 -0.78365 2.77877 2.82299 -0.667618 -2.1811 0.710171 3.30379 2.08104 
1.20883 -0.97343 -2.37604 -1.45511 2.69659 -1.48319 0.77343 -1.11715 -1.19344 -0.887725 -0.616099 2.64998 -1.81315 1.0512 -2.50496 0.275621 -0.846474 -0.517738 2.59796 -1.03476 2.51649 0.345021 -0.759541 2.78921 2.77504 -0.67972 -2.13376 0.69194 3.35438 2.1065 
1.23918 -0.969607 -2.36398 -1.49232 2.70319 -1.48142 0.790017 -1.10964 -1.19912 -0.876314 -0.637459 2.65676 -1.8173 1.06663 -2.5238 0.32403 -0.851362 -0.521088 2.5952 -1.03798 2.54008 0.343856 -0.745613 2.78803 2.72171 -0.647077 -2.11845 0.701987 3.37307 2.11149 
1.25284 -1.01618 -2.34717 -1.53487 2.67415 -1.50196 0.805296 -1.09987 -1.2271 -0.857136 -0.630207 2.66401 -1.83828 1.0318 -2.55363 0.367614 -0.867998 -0.536617 2.6098 -1.04193 2.53642 0.348971 -0.712169 2.82537 2.65258 -0.630784 -2.11057 0.689215 3.37061 2.12591 
1.23258 -1.07642 -2.33345 -1.57861 2.65873 -1.51646 0.821254 -1.0735 -1.273 -0.855983 -0.623791 2.66564 -1.84409 0.968653 -2.55593 0.387082 -0.865154 -0.547684 2.58802 -1.09058 2.53529 0.342006 -0.668003 2.82111 2.57709 -0.628859 -2.08284 0.678747 3.32888 2.16032 
1.19904 -1.12644 -2.3427 -1.60895 2.64401 -1.53526 0.811318 -1.06031 -1.30546 -0.847887 -0.606678 2.67501 -1.87276 0.89471 -2.53546 0.363444 -0.827257 -0.552542 2.54961 -1.12675 2.51953 0.31569 -0.649356 2.82251 2.52057 -0.641649 -2.05052 0.657195 3.31471 2.25043 
1.1445 -1.23116 -2.34524 -1.60569 2.57372 -1.57074 0.813949 -1.04919 -1.36571 -0.870569 -0.537943 2.68996 -1.89731 0.781349 -2.49037 0.335359 -0.779618 -0.566423 2.60487 -1.1642 2.46227 0.294423 -0.602874 2.8599 2.48152 -0.656533 -2.00469 0.593621 3.30089 2.35636 
1.08139 -1.37541 -2.35731 -1.59808 2.48018 -1.58974 0.824085 -1.04939 -1.42577 -0.886967 -0.444399 2.69003 -1.93906 0.6567 -2.46317 0.335157 -0.753032 -0.58853 2.68621 -1.16483 2.40418 0.259884 -0.555401 2.91168 2.44297 -0.689001 -1.96894 0.534371 3.29629 2.44798 
