Mean 0 Mean 1 Mean 2 Mean 3 Mean 4 Mean 5 Mean 6 Mean 7 Mean 8 Mean 9 Mean 10 Mean 11 Mean 12 Mean 13 Mean 14 Mean 15 Mean 16 Mean 17 Mean 18 Mean 19 Mean 20 Mean 21 Mean 22 Mean 23 Mean 24 Mean 25 Mean 26 Mean 27 Mean 28 Mean 29 
0.922286 -1.94968 -2.45099 -2.24286 2.08619 -1.16225 0.874427 1.07242 -2.53928 -1.08484 2.18441 2.04792 0.837607 -1.34613 -1.62119 0.52481 -0.802049 -0.562245 -2.79543 0.573979 -0.519046 0.752317 0.642344 2.80019 2.87144 -2.62826 -3.05262 -2.64172 2.62304 2.76389 
0.920251 -1.9412 -2.44589 -2.2464 2.0884 -1.15332 0.869821 1.06431 -2.54307 -1.09132 2.18516 2.04544 0.845789 -1.34447 -1.61052 0.529634 -0.811565 -0.560817 -2.94311 0.564233 -0.517814 0.754596 0.635991 2.80486 2.8702 -2.62174 -3.05238 -2.63765 2.62178 2.76886 
0.911208 -1.93515 -2.44355 -2.2392 2.07593 -1.1459 0.857619 1.05132 -2.54957 -1.10464 2.1803 2.05096 0.848084 -1.34466 -1.60957 0.53434 -0.801726 -0.562995 -2.9972 0.550082 -0.511962 0.760784 0.63903 2.81033 2.86528 -2.62172 -3.05065 -2.63104 2.62012 2.77131 
0.906183 -1.93457 -2.43718 -2.24469 2.03384 -1.14256 0.846082 1.04685 -2.579 -1.11069 2.1803 2.05403 0.849504 -1.34194 -1.60051 0.532552 -0.786438 -0.551672 -3.02214 0.529208 -0.498136 0.756157 0.64686 2.82181 2.85397 -2.62432 -3.0519 -2.61273 2.61562 2.76487 
0.897918 -1.93457 -2.41582 -2.2381 2.00029 -1.14384 0.83558 1.02583 -2.59605 -1.12353 2.18633 2.06318 0.844739 -1.3419 -1.6086 0.53538 -0.761062 -0.545991 -3.04081 0.504311 -0.4799 0.759577 0.653889 2.83534 2.84985 -2.63925 -3.04752 -2.6038 2.61409 2.76764 
0.896898 -1.9334 -2.40194 -2.22912 1.98358 -1.14783 0.838959 1.0052 -2.614 -1.13373 2.19516 2.06562 0.83698 -1.34012 -1.62339 0.53737 -0.738146 -0.542101 -3.04925 0.492857 -0.46615 0.761455 0.657005 2.84591 2.84976 -2.66288 -3.0421 -2.59781 2.61855 2.77134 
0.913239 -1.9387 -2.39689 -2.23373 2.00736 -1.14358 0.851697 0.998937 -2.60413 -1.12517 2.20893 2.06541 0.838113 -1.32739 -1.63389 0.537312 -0.751577 -0.550444 -3.0604 0.491247 -0.483439 0.760269 0.650543 2.84866 2.86036 -2.67175 -3.05182 -2.61077 2.6261 2.7755 
0.930292 -1.93767 -2.38918 -2.23039 2.02411 -1.13929 0.862176 0.990995 -2.59853 -1.12308 2.22143 2.0634 0.840741 -1.32153 -1.64633 0.53822 -0.766328 -0.563439 -3.0659 0.478712 -0.501098 0.768595 0.645686 2.85306 2.87294 -2.67887 -3.06005 -2.62514 2.62941 2.76763 
0.942783 -1.93881 -2.38037 -2.22984 2.03845 -1.129 0.869402 0.982277 -2.59332 -1.12307 2.22624 2.05975 0.83746 -1.3156 -1.66073 0.55079 -0.782785 -0.57535 -3.07371 0.478513 -0.516143 0.770911 0.642399 2.85765 2.87705 -2.67981 -3.06507 -2.63827 2.63584 2.75891 
0.945683 -1.93416 -2.37524 -2.22868 2.04824 -1.11428 0.871625 0.971151 -2.59248 -1.12175 2.23073 2.05454 0.834074 -1.31267 -1.6713 0.564205 -0.795564 -0.583483 -3.07636 0.480993 -0.527011 0.771023 0.637876 2.85918 2.87914 -2.67919 -3.05811 -2.64523 2.64633 2.74536 
0.942673 -1.93345 -2.37439 -2.22935 2.05162 -1.11435 0.862849 0.964467 -2.59444 -1.11795 2.23363 2.05194 0.829596 -1.31234 -1.68082 0.563188 -0.809201 -0.588503 -3.08678 0.482445 -0.53564 0.773668 0.640876 2.86149 2.88611 -2.67947 -3.06502 -2.65222 2.66003 2.74157 
0.938908 -1.9345 -2.37037 -2.23222 2.04789 -1.11173 0.858349 0.973294 -2.5972 -1.10787 2.22702 2.04952 0.824519 -1.31444 -1.69549 0.57298 -0.814381 -0.592986 -3.10261 0.479439 -0.541648 0.775068 0.643576 2.86373 2.88772 -2.68153 -3.07394 -2.65545 2.67238 2.74376 
0.941162 -1.93832 -2.34661 -2.2357 2.04781 -1.09823 0.855599 0.996242 -2.59761 -1.0936 2.20865 2.04871 0.818002 -1.31744 -1.71644 0.598718 -0.811296 -0.600681 -3.13243 0.465786 -0.550805 0.774507 0.647334 2.85498 2.89662 -2.67759 -3.09503 -2.6506 2.68612 2.76004 
0.920104 -1.94271 -2.34122 -2.25571 2.03687 -1.09937 0.844379 1.02105 -2.60685 -1.08591 2.20263 2.03511 0.804138 -1.3246 -1.72755 0.612388 -0.806985 -0.626204 -3.16535 0.477659 -0.551164 0.766525 0.649265 2.86292 2.89201 -2.6682 -3.11366 -2.6524 2.69432 2.75617 
0.909633 -1.95306 -2.3312 -2.27675 2.02896 -1.10796 0.834181 1.04714 -2.61459 -1.08174 2.20023 2.02022 0.789536 -1.3272 -1.74501 0.622434 -0.800331 -0.655777 -3.20402 0.483025 -0.544333 0.761431 0.642255 2.86861 2.88498 -2.65975 -3.13793 -2.65808 2.69741 2.76897 
0.893898 -1.96401 -2.31909 -2.30089 2.02951 -1.12196 0.823305 1.06695 -2.62424 -1.07627 2.19596 2.00915 0.774404 -1.32068 -1.76673 0.629836 -0.800799 -0.675278 -3.2365 0.485396 -0.53475 0.765422 0.634503 2.86607 2.86848 -2.66048 -3.15538 -2.67109 2.70836 2.78338 
0.888403 -1.97098 -2.30235 -2.29856 2.03337 -1.13136 0.820374 1.05358 -2.61962 -1.06396 2.20199 1.99655 0.767664 -1.312 -1.78111 0.641225 -0.817146 -0.679008 -3.24126 0.480575 -0.534606 0.768251 0.619986 2.86818 2.84301 -2.66816 -3.16283 -2.67384 2.7177 2.79403 
0.880753 -1.97163 -2.2911 -2.28355 2.03688 -1.14669 0.817203 1.04131 -2.60976 -1.05644 2.2034 1.97995 0.761041 -1.31055 -1.7973 0.662216 -0.830979 -0.676006 -3.24549 0.479504 -0.519029 0.763283 0.60648 2.86619 2.81647 -2.68248 -3.16996 -2.67251 2.73039 2.8064 
0.874677 -1.98691 -2.26416 -2.28402 2.05278 -1.1623 0.801246 1.03185 -2.60586 -1.05665 2.21628 1.97029 0.750893 -1.3107 -1.8143 0.692026 -0.842823 -0.680406 -3.2308 0.479817 -0.502605 0.769148 0.586666 2.86491 2.78044 -2.69046 -3.17216 -2.67632 2.7329 2.81021 
0.865098 -1.99858 -2.22563 -2.28192 2.08961 -1.16906 0.802984 1.03055 -2.59446 -1.03505 2.23983 1.97564 0.755301 -1.30475 -1.83145 0.713588 -0.869206 -0.660798 -3.18573 0.467528 -0.481337 0.788914 0.56171 2.86636 2.75417 -2.71192 -3.16679 -2.68544 2.73294 2.81176 
0.884712 -2.01361 -2.19067 -2.27758 2.1513 -1.18636 0.812882 1.03164 -2.57413 -0.999345 2.26486 1.98014 0.751063 -1.31124 -1.85003 0.762091 -0.901237 -0.63711 -3.1303 0.461928 -0.458671 0.806504 0.52108 2.8933 2.72923 -2.73003 -3.15223 -2.69586 2.71486 2.81007 
0.897306 -2.0558 -2.14766 -2.27007 2.25303 -1.2091 0.833808 1.04817 -2.57485 -0.937933 2.28573 1.9958 0.743953 -1.33697 -1.88889 0.843789 -0.972348 -0.613643 -3.0655 0.419603 -0.431612 0.856409 0.462529 2.92824 2.687 -2.73135 -3.09301 -2.71595 2.68131 2.78731 
0.904665 -2.05785 -2.14058 -2.25977 2.29588 -1.22848 0.842593 1.03948 -2.55037 -0.896461 2.30865 2.00354 0.745576 -1.35837 -1.91091 0.873659 -0.992317 -0.59886 -3.03095 0.401615 -0.416674 0.860573 0.436592 2.94617 2.65799 -2.74867 -3.08652 -2.71187 2.68524 2.78923 
0.908926 -2.05986 -2.1282 -2.25139 2.32075 -1.23099 0.847599 1.02146 -2.52924 -0.856857 2.32612 2.01902 0.748498 -1.37357 -1.93872 0.893742 -1.02085 -0.590231 -2.99488 0.393949 -0.413115 0.865459 0.413445 2.96393 2.63498 -2.75879 -3.08572 -2.71067 2.68467 2.79079 
0.905903 -2.08638 -2.11378 -2.25124 2.33884 -1.22807 0.824927 1.01139 -2.51761 -0.822671 2.34065 2.03395 0.749329 -1.38424 -1.96578 0.908793 -1.07957 -0.582642 -2.96762 0.381524 -0.410401 0.861121 0.394607 2.97452 2.61849 -2.74575 -3.06891 -2.71254 2.68437 2.7882 
0.899471 -2.13 -2.10174 -2.25977 2.36104 -1.23088 0.814748 1.01714 -2.52749 -0.78574 2.34451 2.0592 0.73968 -1.39857 -1.98794 0.939015 -1.15481 -0.587918 -2.96496 0.357282 -0.398365 0.851261 0.360147 2.99139 2.58167 -2.74332 -3.04338 -2.71053 2.67929 2.75675 
0.889382 -2.1815 -2.12302 -2.28884 2.32944 -1.25024 0.820804 0.998011 -2.57046 -0.7618 2.40143 2.07917 0.739859 -1.40562 -1.95643 0.962004 -1.21456 -0.582538 -3.03573 0.375371 -0.355627 0.821936 0.346548 2.95947 2.56614 -2.78525 -3.05505 -2.69888 2.66522 2.73819 
0.870073 -2.19492 -2.16016 -2.31376 2.32311 -1.26489 0.823902 1.01058 -2.58514 -0.768826 2.41881 2.0688 0.728862 -1.40745 -1.93938 0.962297 -1.23255 -0.582951 -3.10381 0.366605 -0.336539 0.791662 0.348387 2.95408 2.53696 -2.79923 -3.04458 -2.6742 2.69438 2.73607 
0.854781 -2.17643 -2.18993 -2.32503 2.33949 -1.29215 0.812606 1.04345 -2.5871 -0.754291 2.41374 2.05515 0.705721 -1.42577 -1.9461 0.941487 -1.23043 -0.561445 -3.15676 0.368648 -0.331619 0.773788 0.326986 2.94975 2.49476 -2.83454 -3.02126 -2.6399 2.74244 2.72484 
0.86439 -2.149 -2.22597 -2.33147 2.366 -1.35893 0.778887 1.07865 -2.57406 -0.741682 2.4264 2.03944 0.650913 -1.46086 -1.95304 0.898313 -1.18456 -0.54137 -3.27895 0.413344 -0.370468 0.759348 0.321928 2.94782 2.44327 -2.83629 -2.97621 -2.58747 2.80622 2.73409 
0.856226 -2.11584 -2.24703 -2.33073 2.36784 -1.37063 0.767414 1.07993 -2.5841 -0.731553 2.41168 2.02546 0.629625 -1.45469 -1.94103 0.883726 -1.15245 -0.523183 -3.32205 0.419433 -0.386939 0.758635 0.319811 2.94455 2.42179 -2.85573 -2.94828 -2.55997 2.83887 2.73564 
0.864273 -2.07382 -2.26636 -2.31201 2.36238 -1.3729 0.763323 1.06254 -2.56503 -0.730289 2.40361 2.01986 0.618871 -1.43803 -1.92893 0.861545 -1.13663 -0.494318 -3.3384 0.437261 -0.399603 0.74082 0.31629 2.93566 2.41731 -2.87212 -2.95235 -2.55229 2.82737 2.75323 
0.856417 -2.03373 -2.27226 -2.31459 2.35797 -1.38937 0.728657 1.06252 -2.56909 -0.742222 2.38547 1.99991 0.590256 -1.42867 -1.90598 0.820198 -1.12001 -0.449113 -3.37853 0.4609 -0.423049 0.705405 0.313223 2.91149 2.42333 -2.89133 -2.95254 -2.54027 2.82989 2.76432 
0.829264 -1.99796 -2.2856 -2.3165 2.35236 -1.37968 0.681786 1.06643 -2.57753 -0.761027 2.36112 1.99673 0.549111 -1.40985 -1.88122 0.775043 -1.08367 -0.403902 -3.40403 0.490547 -0.435163 0.698948 0.320243 2.89149 2.41152 -2.92574 -2.96418 -2.52868 2.81363 2.75271 
0.825561 -1.96241 -2.29261 -2.32501 2.33748 -1.34897 0.652991 1.05888 -2.58967 -0.785505 2.32025 2.00965 0.520091 -1.37849 -1.85342 0.772038 -1.07084 -0.377781 -3.4064 0.494284 -0.438763 0.694355 0.333152 2.87614 2.40933 -2.94091 -2.96707 -2.53435 2.78866 2.75108 
0.8404 -1.96026 -2.32496 -2.34483 2.31566 -1.31102 0.626919 1.04464 -2.59563 -0.789146 2.28978 2.0151 0.507101 -1.328 -1.8386 0.777637 -1.0685 -0.352109 -3.40662 0.467107 -0.450868 0.682956 0.34093 2.86173 2.41561 -2.94051 -2.953 -2.56122 2.78741 2.77989 
0.861831 -1.95931 -2.41013 -2.38637 2.3212 -1.22568 0.570475 1.08486 -2.56805 -0.821891 2.28294 2.04304 0.450477 -1.26364 -1.7566 0.734197 -1.08215 -0.28602 -3.42731 0.391562 -0.515051 0.623646 0.367686 2.8802 2.40746 -2.96908 -2.90326 -2.62065 2.87154 2.85208 
0.8698 -1.94291 -2.43667 -2.37434 2.3415 -1.16958 0.557519 1.06212 -2.56797 -0.803887 2.26336 2.0415 0.396623 -1.24236 -1.70179 0.720683 -1.11333 -0.279639 -3.43372 0.381105 -0.523459 0.607048 0.35578 2.89111 2.3904 -2.95848 -2.8837 -2.61697 2.88407 2.91309 
0.864138 -1.90805 -2.43189 -2.39069 2.32719 -1.18359 0.558379 1.04588 -2.59603 -0.776237 2.22541 2.04726 0.326492 -1.23988 -1.68725 0.70593 -1.14318 -0.303521 -3.44937 0.37083 -0.532542 0.613408 0.369579 2.88952 2.34756 -2.95268 -2.86703 -2.5967 2.85906 2.96885 
0.868938 -1.87128 -2.42715 -2.38956 2.31746 -1.17881 0.577324 1.02522 -2.61774 -0.758747 2.19139 2.06373 0.305951 -1.25172 -1.63769 0.707914 -1.16499 -0.320196 -3.43361 0.338918 -0.530181 0.635243 0.41825 2.89347 2.31386 -2.92228 -2.86252 -2.58641 2.83381 3.00498 
