Mean 0 Mean 1 Mean 2 Mean 3 Mean 4 Mean 5 Mean 6 Mean 7 Mean 8 Mean 9 Mean 10 Mean 11 Mean 12 Mean 13 Mean 14 Mean 15 Mean 16 Mean 17 Mean 18 Mean 19 Mean 20 Mean 21 Mean 22 Mean 23 Mean 24 Mean 25 Mean 26 Mean 27 Mean 28 Mean 29 
1.23322 -1.11583 -2.39898 0.877741 1.36482 -1.45768 0.770613 0.904026 -1.35078 -2.41036 2.41886 2.1513 0.876698 -2.76576 0.974821 2.87676 -0.895556 -0.326147 -2.64257 0.490449 -0.208138 1.22861 0.619516 -0.385604 -0.250919 0.281401 2.71061 0.59511 2.64063 -0.964161 
1.23622 -1.1111 -2.41046 0.87628 1.36286 -1.46111 0.762762 0.916637 -1.34947 -2.40138 2.43245 2.15343 0.879688 -2.77133 0.985224 2.88901 -0.876122 -0.342622 -2.63912 0.488904 -0.220575 1.24209 0.604824 -0.369308 -1.78085 0.266985 2.69401 0.606279 2.64145 -0.944408 
1.22069 -1.10061 -2.39938 0.880866 1.37987 -1.45893 0.756932 0.900959 -1.35093 -2.4108 2.42308 2.15177 0.885538 -2.76327 0.974407 2.88732 -0.896708 -0.320972 -2.669 0.477928 -0.23063 1.23166 0.618119 -0.38406 -2.29552 0.271271 2.68838 0.597911 2.65065 -0.949409 
1.19807 -1.0906 -2.39903 0.890851 1.38417 -1.46253 0.744905 0.903111 -1.35799 -2.41515 2.41847 2.15525 0.888119 -2.74815 0.971221 2.89615 -0.899328 -0.323818 -2.67703 0.474008 -0.221646 1.23502 0.618785 -0.385887 -2.54673 0.269263 2.68115 0.594102 2.66325 -0.953736 
1.19524 -1.08737 -2.38315 0.878249 1.38518 -1.45232 0.74472 0.898604 -1.36874 -2.4171 2.40823 2.14834 0.896473 -2.74558 0.977296 2.89852 -0.905283 -0.314385 -2.68003 0.467618 -0.221984 1.22553 0.623785 -0.387361 -2.69378 0.26905 2.67298 0.590955 2.6645 -0.958388 
1.19295 -1.08902 -2.38088 0.866299 1.38709 -1.45669 0.741654 0.889113 -1.38051 -2.4163 2.41233 2.1287 0.895149 -2.7452 0.982923 2.91265 -0.903862 -0.315785 -2.66984 0.467616 -0.223956 1.21916 0.625439 -0.393924 -2.78757 0.259102 2.67147 0.593677 2.66072 -0.973226 
1.18986 -1.09563 -2.36419 0.855543 1.39632 -1.45465 0.746657 0.87335 -1.36705 -2.42126 2.42353 2.1056 0.894373 -2.74523 0.970026 2.92684 -0.911322 -0.304825 -2.66445 0.479574 -0.229357 1.21145 0.614963 -0.399641 -2.84552 0.252182 2.67086 0.586722 2.67543 -0.977124 
1.19598 -1.09639 -2.35691 0.84595 1.39166 -1.45969 0.744987 0.862076 -1.3756 -2.4229 2.42949 2.08964 0.899494 -2.74253 0.937772 2.93452 -0.901917 -0.313561 -2.65253 0.470874 -0.230197 1.20735 0.605733 -0.398988 -2.90005 0.239841 2.67345 0.582991 2.68605 -0.987994 
1.1895 -1.09523 -2.34859 0.832625 1.38689 -1.45954 0.738934 0.856692 -1.3813 -2.42308 2.43371 2.08219 0.8981 -2.73424 0.925151 2.943 -0.893803 -0.310435 -2.64583 0.46915 -0.232322 1.21256 0.600543 -0.39893 -2.94134 0.224219 2.66172 0.573137 2.69545 -0.992264 
1.18763 -1.09347 -2.34817 0.819247 1.38132 -1.46358 0.734243 0.851023 -1.39726 -2.42937 2.43101 2.07399 0.898131 -2.72836 0.886919 2.95068 -0.877834 -0.318008 -2.64517 0.463046 -0.240072 1.21406 0.587817 -0.397972 -2.98331 0.216008 2.66475 0.562256 2.70947 -1.00378 
1.17079 -1.09811 -2.33408 0.805545 1.38986 -1.46804 0.730392 0.841798 -1.4151 -2.42922 2.42389 2.07933 0.900102 -2.72222 0.87814 2.94727 -0.874671 -0.305832 -2.64139 0.468832 -0.248746 1.21026 0.587269 -0.394097 -3.01754 0.213207 2.64496 0.550038 2.71334 -1.00653 
1.15311 -1.0995 -2.33088 0.806604 1.39112 -1.46958 0.722093 0.838136 -1.41937 -2.42174 2.40961 2.08539 0.900675 -2.72144 0.868403 2.95895 -0.883673 -0.299244 -2.65728 0.461928 -0.252795 1.20522 0.590404 -0.387017 -3.03924 0.215781 2.63723 0.549706 2.72506 -1.00514 
1.13949 -1.12214 -2.29039 0.806354 1.44347 -1.45397 0.725443 0.828499 -1.41284 -2.4133 2.41638 2.08625 0.889229 -2.70905 0.85636 2.99829 -0.908315 -0.275364 -2.62968 0.442975 -0.254054 1.2247 0.565546 -0.392933 -3.04392 0.228079 2.64867 0.552114 2.7293 -1.03095 
1.12537 -1.13651 -2.25016 0.806108 1.4876 -1.44988 0.732778 0.830869 -1.4205 -2.38546 2.41299 2.08685 0.88164 -2.69897 0.847081 3.04173 -0.92694 -0.258507 -2.62232 0.408501 -0.24626 1.24304 0.548248 -0.390306 -3.05892 0.234778 2.66139 0.554148 2.73072 -1.05247 
1.11879 -1.13233 -2.23401 0.81087 1.49335 -1.45967 0.735551 0.841589 -1.43286 -2.34909 2.40282 2.08653 0.878425 -2.69444 0.85242 3.05758 -0.937567 -0.253981 -2.66644 0.379055 -0.245937 1.23829 0.55396 -0.407954 -3.06748 0.238412 2.64727 0.56168 2.72867 -1.05225 
1.12065 -1.13261 -2.21261 0.809331 1.49087 -1.45384 0.724331 0.85152 -1.45102 -2.33564 2.39348 2.10026 0.870872 -2.69405 0.839408 3.07314 -0.94881 -0.26595 -2.692 0.351072 -0.253975 1.25519 0.559178 -0.423362 -3.07879 0.245998 2.62001 0.566567 2.73512 -1.04154 
1.12918 -1.13699 -2.19042 0.819034 1.48901 -1.47247 0.722447 0.862838 -1.46166 -2.32467 2.38317 2.10733 0.865784 -2.70674 0.832442 3.08504 -0.950429 -0.26393 -2.72187 0.339042 -0.255941 1.24523 0.550537 -0.43455 -3.08569 0.256261 2.59077 0.564531 2.74122 -1.02831 
1.11082 -1.14518 -2.1768 0.809004 1.49507 -1.48258 0.704601 0.868788 -1.47667 -2.31917 2.39121 2.10491 0.875341 -2.71029 0.806359 3.07964 -0.956731 -0.267199 -2.74223 0.340142 -0.264036 1.24965 0.55499 -0.448291 -3.09235 0.251372 2.57768 0.578772 2.76864 -1.0227 
1.11499 -1.16412 -2.182 0.813417 1.47175 -1.50845 0.67779 0.869637 -1.48607 -2.31677 2.39984 2.09073 0.875586 -2.71636 0.799601 3.06662 -0.955222 -0.256566 -2.7554 0.32675 -0.267125 1.24262 0.540144 -0.45106 -3.10263 0.243683 2.57572 0.577489 2.80304 -1.00578 
1.109 -1.16804 -2.21002 0.819261 1.44469 -1.5455 0.645994 0.85034 -1.51026 -2.31501 2.38026 2.09042 0.880172 -2.70059 0.783943 3.06019 -0.94787 -0.247836 -2.75253 0.309107 -0.255749 1.25722 0.540063 -0.456941 -3.14464 0.232978 2.57374 0.56453 2.83463 -1.00488 
1.10952 -1.16614 -2.23385 0.815413 1.42581 -1.5955 0.62074 0.82166 -1.52706 -2.29329 2.35505 2.09146 0.904857 -2.678 0.774471 3.04808 -0.935728 -0.235955 -2.74466 0.282933 -0.253653 1.27793 0.535498 -0.463238 -3.17511 0.248425 2.5629 0.549915 2.85826 -0.995341 
1.11259 -1.17892 -2.24672 0.821046 1.41336 -1.63048 0.60819 0.820055 -1.5289 -2.27822 2.34879 2.09707 0.917097 -2.67005 0.754399 3.04918 -0.944011 -0.228703 -2.75547 0.277024 -0.243223 1.27687 0.519848 -0.471607 -3.19617 0.250119 2.5574 0.542623 2.87415 -0.999944 
1.10074 -1.17575 -2.27099 0.828374 1.3999 -1.67447 0.583043 0.808322 -1.53275 -2.27055 2.32237 2.10723 0.931563 -2.65741 0.734634 3.05238 -0.949191 -0.217047 -2.75146 0.25577 -0.231924 1.29053 0.512516 -0.481944 -3.23108 0.256607 2.54407 0.53423 2.8991 -1.01532 
1.08702 -1.16553 -2.29573 0.835071 1.38694 -1.72897 0.542602 0.790384 -1.5457 -2.25739 2.28973 2.11363 0.948615 -2.63529 0.719753 3.04214 -0.96136 -0.207822 -2.74201 0.229467 -0.227716 1.32166 0.501493 -0.489919 -3.27413 0.263258 2.5345 0.52565 2.92544 -1.03165 
1.09462 -1.15922 -2.30821 0.856459 1.37492 -1.78357 0.503345 0.773817 -1.5417 -2.22874 2.25527 2.11938 0.97658 -2.60911 0.69844 3.03567 -0.981842 -0.193266 -2.72813 0.210309 -0.238481 1.3523 0.470661 -0.498755 -3.35628 0.27529 2.52662 0.510575 2.94933 -1.07222 
1.11081 -1.17716 -2.32423 0.883874 1.38121 -1.831 0.490138 0.77483 -1.51764 -2.19565 2.25674 2.11854 0.995248 -2.61455 0.676875 3.04319 -1.02972 -0.183351 -2.7265 0.205288 -0.251692 1.36557 0.437131 -0.511473 -3.46164 0.303802 2.52194 0.497836 2.96244 -1.11892 
1.12013 -1.19706 -2.30861 0.90434 1.39305 -1.85937 0.485125 0.784932 -1.50954 -2.16017 2.25136 2.13331 1.00016 -2.63309 0.646755 3.07102 -1.08215 -0.176633 -2.70978 0.197235 -0.245074 1.36806 0.399291 -0.518146 -3.54865 0.297238 2.53179 0.491775 2.96636 -1.16922 
1.13366 -1.23188 -2.28878 0.914384 1.45285 -1.87364 0.510272 0.809851 -1.51776 -2.12598 2.28066 2.1449 0.987608 -2.65418 0.600241 3.13194 -1.13533 -0.1789 -2.66733 0.16256 -0.223633 1.39348 0.335601 -0.502504 -3.59641 0.299829 2.56565 0.480436 2.95981 -1.15613 
1.15197 -1.26672 -2.26382 0.931177 1.52896 -1.87619 0.552805 0.839417 -1.53344 -2.07288 2.32705 2.15623 0.963762 -2.67156 0.553734 3.19718 -1.20643 -0.18303 -2.6262 0.130973 -0.201182 1.41724 0.260107 -0.476144 -3.62314 0.306649 2.62738 0.473156 2.95258 -1.13902 
1.16638 -1.27566 -2.24305 0.927455 1.55786 -1.8696 0.582042 0.853365 -1.54123 -2.04674 2.34181 2.16517 0.948117 -2.67307 0.528063 3.22678 -1.23215 -0.177149 -2.61282 0.10887 -0.184803 1.42032 0.205086 -0.468613 -3.63905 0.309831 2.66076 0.472656 2.94999 -1.12769 
1.17161 -1.26882 -2.22257 0.911897 1.57326 -1.87154 0.591564 0.853629 -1.53941 -2.04448 2.35986 2.15997 0.933814 -2.672 0.509968 3.23864 -1.23447 -0.170019 -2.63555 0.11298 -0.182948 1.40704 0.172245 -0.466824 -3.64071 0.307909 2.67019 0.478549 2.9592 -1.1017 
1.14454 -1.25673 -2.20674 0.879881 1.57557 -1.87731 0.587428 0.859864 -1.55557 -2.05626 2.37581 2.164 0.931265 -2.66223 0.475911 3.22283 -1.21755 -0.166465 -2.66615 0.115615 -0.180549 1.40154 0.178727 -0.467301 -3.64736 0.307943 2.6639 0.487205 2.98274 -1.06834 
1.11292 -1.25389 -2.20207 0.833425 1.58084 -1.8806 0.575102 0.86877 -1.56797 -2.07596 2.38159 2.17452 0.928232 -2.64275 0.457037 3.21311 -1.19889 -0.165551 -2.68544 0.117714 -0.164552 1.40026 0.190066 -0.465505 -3.66185 0.304906 2.65288 0.493096 3.00903 -1.03847 
1.07995 -1.26025 -2.20588 0.77961 1.58523 -1.89916 0.556454 0.869246 -1.59557 -2.08353 2.39293 2.18376 0.928065 -2.62987 0.448774 3.19627 -1.19362 -0.171715 -2.70301 0.100403 -0.144599 1.3999 0.217412 -0.459578 -3.67344 0.296819 2.6488 0.497193 3.0135 -1.00044 
1.04304 -1.2457 -2.24105 0.738824 1.59002 -1.90885 0.522599 0.886314 -1.60851 -2.10209 2.40393 2.18169 0.95891 -2.64213 0.458614 3.15935 -1.19547 -0.177805 -2.7138 0.0722701 -0.1304 1.38324 0.268589 -0.454056 -3.68479 0.323045 2.63876 0.490196 2.97725 -0.953697 
1.01533 -1.25097 -2.29841 0.709243 1.58422 -1.92824 0.474515 0.908876 -1.65441 -2.14552 2.42552 2.16789 0.993456 -2.68171 0.48507 3.11485 -1.21673 -0.19597 -2.74917 0.041027 -0.102745 1.35892 0.318819 -0.454866 -3.71888 0.346551 2.62034 0.47379 2.92784 -0.901441 
0.990036 -1.2703 -2.35076 0.670069 1.57618 -1.8789 0.442707 0.93817 -1.66159 -2.16804 2.46203 2.17014 1.01065 -2.70616 0.531084 3.09681 -1.24087 -0.197765 -2.78314 0.0174934 -0.108141 1.32596 0.365578 -0.46446 -3.72572 0.326501 2.63104 0.463148 2.93713 -0.845681 
0.976055 -1.26429 -2.4279 0.623883 1.55989 -1.77581 0.40198 0.966511 -1.64829 -2.20456 2.51138 2.19519 0.968133 -2.68815 0.648916 3.06765 -1.24109 -0.16466 -2.82257 -0.0353464 -0.136278 1.27031 0.405705 -0.465892 -3.72073 0.288478 2.66405 0.42791 3.00411 -0.784449 
0.931084 -1.2101 -2.45911 0.593401 1.54784 -1.7619 0.395265 0.924881 -1.69357 -2.20585 2.54239 2.19078 0.962129 -2.71783 0.726313 3.08387 -1.19793 -0.139098 -2.83929 -0.0496243 -0.121396 1.25781 0.480253 -0.499731 -3.69225 0.313818 2.63408 0.425538 3.03076 -0.781186 
0.901715 -1.18228 -2.45276 0.565425 1.56512 -1.80444 0.375277 0.907759 -1.69856 -2.17967 2.55975 2.17873 0.904955 -2.75556 0.768207 3.04729 -1.16379 -0.12922 -2.77173 -0.0332104 -0.139512 1.23089 0.46563 -0.510817 -3.69836 0.296343 2.64436 0.459951 3.05597 -0.739518 
