Mean 0 Mean 1 Mean 2 Mean 3 Mean 4 Mean 5 Mean 6 Mean 7 Mean 8 Mean 9 Mean 10 Mean 11 Mean 12 Mean 13 Mean 14 Mean 15 Mean 16 Mean 17 Mean 18 Mean 19 Mean 20 Mean 21 Mean 22 Mean 23 Mean 24 Mean 25 Mean 26 Mean 27 Mean 28 Mean 29 
-2.10663 0.83989 -2.0937 -2.79692 2.23266 -0.842865 0.864372 -1.18213 0.927611 -1.14633 2.18795 2.65229 -2.39372 0.748688 -2.54378 2.48008 0.635229 2.67842 2.56667 -2.62486 1.6136 0.456552 2.25896 0.605034 2.22896 -2.82911 0.234802 2.58693 -2.38198 2.8691 
-2.11398 0.845986 -2.09146 -2.79231 2.23765 -0.832438 0.872174 -1.1795 0.92932 -1.14506 2.1835 2.64449 -2.39423 0.756028 -2.53057 2.47342 0.630626 2.67377 2.56298 -2.63482 1.60943 0.444539 2.25332 0.606308 2.22108 -2.84109 0.241156 2.58649 -2.38812 2.86332 
-2.11233 0.842101 -2.0921 -2.79343 2.23523 -0.83225 0.872968 -1.17897 0.930227 -1.14128 2.17854 2.63726 -2.39336 0.766157 -2.52379 2.47697 0.626026 2.67262 2.56461 -2.63989 1.60429 0.440572 2.24903 0.602894 2.22617 -2.84572 0.242267 2.58567 -2.39428 2.86352 
-2.11581 0.845215 -2.08591 -2.79142 2.22209 -0.837 0.874772 -1.1797 0.923714 -1.13857 2.18723 2.63273 -2.39458 0.777801 -2.51753 2.47041 0.622779 2.66626 2.56835 -2.65226 1.60004 0.432042 2.2452 0.603411 2.21729 -2.8471 0.242559 2.58603 -2.39538 2.86157 
-2.12477 0.849316 -2.08617 -2.79141 2.20902 -0.841146 0.869546 -1.17969 0.91901 -1.13791 2.19948 2.6267 -2.39627 0.788903 -2.51624 2.45825 0.61889 2.6596 2.56205 -2.66679 1.59954 0.426581 2.24666 0.607429 2.20906 -2.84997 0.246343 2.58536 -2.39969 2.86251 
-2.13189 0.849601 -2.08462 -2.79032 2.19205 -0.843775 0.869237 -1.17875 0.915711 -1.13114 2.20976 2.6205 -2.39535 0.799253 -2.51729 2.44439 0.617408 2.65718 2.55286 -2.68514 1.58762 0.415362 2.24994 0.610747 2.20655 -2.84821 0.243661 2.57957 -2.40182 2.86609 
-2.14211 0.854897 -2.08401 -2.79639 2.1942 -0.845869 0.868478 -1.18327 0.909037 -1.12964 2.20995 2.61228 -2.40291 0.809357 -2.51973 2.45155 0.617236 2.65355 2.53933 -2.69464 1.57462 0.399912 2.2514 0.61184 2.20305 -2.85182 0.238095 2.57643 -2.39313 2.8738 
-2.15096 0.862118 -2.08087 -2.8034 2.20096 -0.845113 0.863046 -1.19251 0.89953 -1.12685 2.21386 2.60188 -2.41074 0.809173 -2.51931 2.46497 0.616517 2.65302 2.53666 -2.69826 1.56378 0.392197 2.24827 0.618376 2.20639 -2.85608 0.226583 2.57916 -2.38805 2.86812 
-2.15351 0.866224 -2.07438 -2.80154 2.21097 -0.84572 0.850894 -1.21107 0.895246 -1.1261 2.22523 2.60607 -2.41001 0.8132 -2.51591 2.47667 0.610776 2.65403 2.5294 -2.71074 1.54919 0.392253 2.24505 0.614319 2.21841 -2.86439 0.211782 2.58817 -2.38199 2.86133 
-2.13483 0.869693 -2.06485 -2.7872 2.2267 -0.861359 0.852657 -1.2198 0.885121 -1.11531 2.21428 2.60219 -2.41063 0.813365 -2.52752 2.49146 0.612575 2.66377 2.51965 -2.70978 1.54145 0.380154 2.23606 0.609294 2.23899 -2.86901 0.192787 2.58687 -2.37574 2.84997 
-2.12908 0.867751 -2.05869 -2.77581 2.22617 -0.865889 0.83524 -1.22491 0.877181 -1.10464 2.20377 2.60676 -2.40351 0.804637 -2.54206 2.5022 0.606601 2.66877 2.50174 -2.71133 1.53365 0.364494 2.23851 0.606161 2.24717 -2.85851 0.182675 2.59349 -2.36068 2.84265 
-2.11504 0.867613 -2.05464 -2.76457 2.22793 -0.875951 0.830558 -1.22457 0.875606 -1.08674 2.19085 2.60106 -2.39368 0.796537 -2.56161 2.50759 0.602396 2.68179 2.47198 -2.71871 1.52643 0.346801 2.23966 0.596559 2.26497 -2.85332 0.170109 2.59798 -2.34224 2.84945 
-2.11643 0.872041 -2.05132 -2.76501 2.21387 -0.894699 0.823381 -1.23791 0.871376 -1.06436 2.19263 2.58477 -2.38824 0.796084 -2.56546 2.51142 0.603675 2.69762 2.45235 -2.7121 1.53382 0.330398 2.22817 0.595675 2.27523 -2.86756 0.173205 2.60188 -2.32494 2.85687 
-2.12313 0.868631 -2.04951 -2.75892 2.16046 -0.876776 0.827439 -1.2644 0.873832 -1.04348 2.19769 2.58726 -2.3784 0.811578 -2.56081 2.47477 0.586255 2.69118 2.483 -2.72013 1.53525 0.320021 2.22345 0.60027 2.25758 -2.8566 0.175322 2.61353 -2.342 2.85553 
-2.1234 0.864832 -2.05125 -2.76419 2.12994 -0.877382 0.802364 -1.28213 0.881768 -1.00946 2.18422 2.58526 -2.36837 0.80962 -2.56637 2.47797 0.58803 2.70312 2.48148 -2.70294 1.54392 0.29656 2.21598 0.605655 2.25515 -2.85858 0.176669 2.61878 -2.31652 2.84591 
-2.15207 0.854656 -2.04246 -2.7531 2.10246 -0.882349 0.765151 -1.30028 0.885926 -0.98735 2.17414 2.59462 -2.366 0.80827 -2.57861 2.47835 0.571621 2.6981 2.47834 -2.67822 1.55706 0.280061 2.20704 0.613994 2.23513 -2.8605 0.186383 2.6253 -2.28241 2.82509 
-2.18199 0.836715 -2.03535 -2.72408 2.07622 -0.894805 0.726051 -1.32452 0.892406 -0.957547 2.17018 2.61074 -2.36692 0.805831 -2.59223 2.47438 0.553492 2.68669 2.47988 -2.65786 1.57499 0.276538 2.20228 0.617982 2.20136 -2.86958 0.206514 2.62655 -2.24383 2.79565 
-2.18734 0.823616 -2.02974 -2.72201 2.04631 -0.89962 0.704861 -1.34482 0.896853 -0.939884 2.18108 2.6064 -2.36627 0.803006 -2.60277 2.47329 0.555013 2.68012 2.47848 -2.65242 1.59051 0.264772 2.18323 0.616619 2.18417 -2.87436 0.209772 2.63733 -2.21768 2.78991 
-2.20947 0.793508 -2.01349 -2.71031 2.02653 -0.873312 0.653868 -1.36904 0.905739 -0.909824 2.16608 2.62501 -2.35017 0.780923 -2.63829 2.46075 0.528631 2.66354 2.48535 -2.63506 1.60849 0.25799 2.17472 0.628488 2.12757 -2.88839 0.200822 2.64983 -2.21336 2.75739 
-2.22541 0.773128 -1.98316 -2.69208 2.02233 -0.859266 0.613393 -1.41545 0.906088 -0.868642 2.13296 2.65941 -2.35898 0.767805 -2.68888 2.46135 0.502294 2.64442 2.48581 -2.63078 1.62384 0.253659 2.17084 0.61678 2.05517 -2.93178 0.167319 2.66263 -2.20805 2.71584 
-2.24845 0.7641 -1.9578 -2.67905 2.02197 -0.851257 0.575242 -1.45675 0.905798 -0.825163 2.09289 2.69428 -2.36945 0.745995 -2.73773 2.46911 0.483417 2.62113 2.47957 -2.63801 1.64065 0.244071 2.16386 0.602827 1.98436 -2.98498 0.12768 2.68041 -2.20677 2.66778 
-2.27363 0.788482 -1.9565 -2.65526 2.02382 -0.857358 0.580082 -1.45963 0.901268 -0.795589 2.08946 2.70019 -2.38662 0.716352 -2.75759 2.48693 0.502987 2.62742 2.47914 -2.66114 1.66937 0.218327 2.15893 0.574782 1.94916 -3.03664 0.0921779 2.70302 -2.20773 2.6351 
-2.30101 0.819212 -1.9564 -2.63391 2.02979 -0.870871 0.599727 -1.45986 0.888842 -0.773109 2.10503 2.68499 -2.40915 0.693882 -2.75478 2.51322 0.535772 2.63444 2.47961 -2.67694 1.69678 0.19135 2.14993 0.546235 1.94761 -3.06479 0.0600453 2.72406 -2.20595 2.62282 
-2.33101 0.847696 -1.95525 -2.62476 2.0298 -0.881209 0.604216 -1.46545 0.871487 -0.745559 2.12035 2.67935 -2.43358 0.671864 -2.75578 2.53416 0.561169 2.6478 2.47276 -2.68664 1.7203 0.172119 2.1416 0.50591 1.93816 -3.10838 0.0282295 2.7472 -2.20192 2.59849 
-2.33235 0.878032 -1.97849 -2.64712 2.04306 -0.899852 0.635023 -1.46997 0.883029 -0.728464 2.15993 2.66604 -2.43301 0.666471 -2.74822 2.55135 0.586994 2.65647 2.45305 -2.70268 1.74365 0.151713 2.11846 0.489447 1.94169 -3.11948 0.00780426 2.76614 -2.17491 2.59529 
-2.32571 0.87717 -1.99007 -2.67624 2.05788 -0.912341 0.639763 -1.47724 0.872794 -0.720451 2.18075 2.672 -2.41702 0.682465 -2.7235 2.57249 0.574105 2.67179 2.43454 -2.70733 1.75352 0.142367 2.08703 0.472332 1.96879 -3.11145 0.00735612 2.75946 -2.16999 2.59147 
-2.32109 0.880652 -1.9975 -2.69685 2.07444 -0.919008 0.643204 -1.48861 0.856668 -0.71282 2.2054 2.67499 -2.39773 0.698813 -2.69778 2.59137 0.555152 2.67517 2.4153 -2.70746 1.76079 0.132881 2.05752 0.469885 1.98468 -3.1027 0.0220159 2.75094 -2.17408 2.58807 
-2.31978 0.896819 -2.00573 -2.70861 2.09013 -0.922419 0.637962 -1.49352 0.845322 -0.702589 2.20997 2.67496 -2.38562 0.699436 -2.67433 2.59629 0.53198 2.68008 2.40326 -2.72247 1.75803 0.11923 2.04226 0.471927 1.99923 -3.07582 0.0309005 2.7487 -2.16127 2.57593 
-2.29939 0.910876 -2.01708 -2.71767 2.11039 -0.931985 0.636366 -1.50971 0.842096 -0.701204 2.18802 2.68383 -2.36893 0.712753 -2.62148 2.61131 0.511307 2.68054 2.40187 -2.7228 1.75591 0.102803 2.0138 0.465637 2.01942 -3.06032 0.0263587 2.74092 -2.17043 2.58917 
-2.28908 0.930332 -2.01413 -2.71935 2.12954 -0.94533 0.633685 -1.52023 0.835459 -0.688197 2.14225 2.69266 -2.36918 0.732846 -2.59046 2.62247 0.481562 2.67753 2.40276 -2.73009 1.75155 0.0888504 1.96935 0.46117 2.03103 -3.05254 0.0111915 2.73724 -2.17101 2.59957 
-2.27497 0.951748 -2.02027 -2.7118 2.13224 -0.94977 0.640817 -1.52369 0.838914 -0.694967 2.10741 2.70997 -2.37366 0.730904 -2.56074 2.63089 0.465812 2.65579 2.38566 -2.7426 1.73759 0.064395 1.95042 0.455884 2.05592 -3.04969 -0.000978107 2.72798 -2.16977 2.60722 
-2.24449 0.98278 -2.02585 -2.70706 2.13626 -0.927367 0.643609 -1.53184 0.852969 -0.711911 2.06832 2.74888 -2.36819 0.719793 -2.5422 2.62077 0.471802 2.62191 2.35913 -2.75552 1.71499 0.052531 1.94356 0.475707 2.07697 -3.04849 -0.00896105 2.72101 -2.1857 2.59308 
-2.21793 0.990934 -2.03421 -2.72758 2.13903 -0.898882 0.64336 -1.54048 0.846939 -0.727395 2.04304 2.76936 -2.36236 0.727488 -2.52269 2.6253 0.470499 2.58703 2.33819 -2.77579 1.6911 0.0440001 1.92164 0.477191 2.08458 -3.05857 -0.00364768 2.70893 -2.18978 2.59273 
-2.21502 0.984236 -2.04585 -2.75441 2.14102 -0.877726 0.627898 -1.56002 0.821951 -0.733924 2.03175 2.77643 -2.34909 0.743091 -2.49982 2.62822 0.451288 2.56278 2.3374 -2.78695 1.67027 0.036736 1.90551 0.474233 2.06681 -3.07548 0.0208333 2.69207 -2.18298 2.5828 
-2.20831 0.974603 -2.07166 -2.78576 2.12873 -0.84585 0.591477 -1.58887 0.802336 -0.740842 2.02581 2.78062 -2.34077 0.764187 -2.48521 2.63682 0.423096 2.52101 2.35058 -2.79448 1.64981 0.0468894 1.89292 0.455324 2.05632 -3.09761 0.0436636 2.66839 -2.17895 2.57398 
-2.23509 0.973648 -2.10225 -2.80646 2.10607 -0.823331 0.546427 -1.62745 0.766634 -0.741967 2.02926 2.78015 -2.34 0.780081 -2.46291 2.63961 0.410286 2.49016 2.36534 -2.80396 1.62439 0.0543582 1.90834 0.428679 2.06246 -3.10119 0.0610758 2.64705 -2.15659 2.54292 
-2.26003 0.991027 -2.1502 -2.82233 2.08348 -0.819498 0.520188 -1.64972 0.710593 -0.769341 2.0343 2.79091 -2.31139 0.805699 -2.38647 2.66047 0.435765 2.4834 2.40957 -2.82711 1.62517 0.0501119 1.94717 0.390096 2.08096 -3.07407 0.0666094 2.5986 -2.13356 2.49052 
-2.28721 1.01387 -2.19357 -2.83256 2.05906 -0.821571 0.491911 -1.67344 0.652382 -0.798394 2.0506 2.79504 -2.27385 0.830762 -2.31283 2.6845 0.469402 2.47808 2.45674 -2.85346 1.63178 0.0573876 2.00071 0.355553 2.10136 -3.03981 0.0743553 2.55785 -2.09907 2.44257 
-2.29631 1.03228 -2.2353 -2.85838 2.03193 -0.797729 0.474221 -1.68832 0.62049 -0.807422 2.08657 2.79277 -2.24736 0.843432 -2.25298 2.69295 0.520676 2.48142 2.47683 -2.88701 1.62224 0.0756371 2.04214 0.316637 2.112 -3.00978 0.0812931 2.52427 -2.06517 2.37996 
-2.31392 1.05236 -2.23422 -2.85003 2.03698 -0.77604 0.516288 -1.70396 0.596825 -0.771145 2.16367 2.74825 -2.24039 0.845844 -2.23449 2.66849 0.543442 2.51884 2.42839 -2.92266 1.58191 0.0851732 2.0788 0.299908 2.13161 -2.94858 0.0989299 2.55413 -2.04248 2.30957 
