Mean 0 Mean 1 Mean 2 Mean 3 Mean 4 Mean 5 Mean 6 Mean 7 Mean 8 Mean 9 Mean 10 Mean 11 Mean 12 Mean 13 Mean 14 Mean 15 Mean 16 Mean 17 Mean 18 Mean 19 Mean 20 Mean 21 Mean 22 Mean 23 Mean 24 Mean 25 Mean 26 Mean 27 Mean 28 Mean 29 
-2.5926 -1.81587 -1.57358 0.967776 2.46927 -2.21368 0.822114 -1.31311 -1.30339 -2.63897 -0.721148 2.25588 -1.33767 0.659139 1.05029 0.541867 2.58122 0.109068 0.486224 -2.79268 -0.100012 -2.06453 -0.0450012 -0.0607977 2.80328 -1.21106 -2.49037 1.27921 1.34742 0.0171644 
-2.60613 -1.80473 -1.56634 0.956946 2.48138 -2.21484 0.818299 -1.31889 -1.3158 -2.62889 -0.72155 2.24548 -1.33224 0.659713 1.0563 0.544769 2.57498 0.1128 0.479333 -2.78166 -0.0991503 -2.07248 -0.0324592 -0.0655148 2.80606 -1.20371 -2.78319 1.27645 1.34766 0.0147074 
-2.60056 -1.80424 -1.5535 0.966877 2.47746 -2.21635 0.82295 -1.32708 -1.32216 -2.62998 -0.717648 2.24322 -1.33587 0.664236 1.06179 0.550077 2.57322 0.102061 0.483852 -2.7863 -0.0972055 -2.08922 -0.042823 -0.0656509 2.79544 -1.20682 -2.88065 1.27326 1.36 0.0239703 
-2.59547 -1.79925 -1.55646 0.964669 2.47074 -2.21042 0.814142 -1.33582 -1.33648 -2.61504 -0.708515 2.23643 -1.32219 0.67321 1.0653 0.541839 2.57136 0.0992914 0.483756 -2.79766 -0.105281 -2.09395 -0.0379862 -0.0692844 2.79186 -1.20378 -2.9185 1.27158 1.35728 0.0317934 
-2.59546 -1.78349 -1.56371 0.966228 2.46206 -2.19248 0.822784 -1.34551 -1.34429 -2.61525 -0.690163 2.21906 -1.32422 0.679591 1.06681 0.535396 2.57151 0.0997889 0.48882 -2.80374 -0.100767 -2.10037 -0.0429936 -0.0612679 2.78779 -1.20622 -2.93653 1.2561 1.35645 0.039804 
-2.59995 -1.77344 -1.56 0.964656 2.45544 -2.17632 0.829546 -1.35939 -1.35775 -2.60916 -0.67457 2.19822 -1.32182 0.681323 1.07084 0.531997 2.5658 0.107437 0.49666 -2.80555 -0.103459 -2.1068 -0.053116 -0.0502818 2.78564 -1.20958 -2.94375 1.24052 1.35768 0.0523644 
-2.60352 -1.77158 -1.54929 0.959409 2.43558 -2.16394 0.832633 -1.35846 -1.38414 -2.59573 -0.654916 2.19988 -1.31853 0.698679 1.07174 0.541905 2.55469 0.108138 0.508436 -2.80836 -0.0938419 -2.1119 -0.0625752 -0.0336333 2.77146 -1.22312 -2.95294 1.23065 1.36769 0.0596456 
-2.60994 -1.76947 -1.54248 0.949283 2.41669 -2.15395 0.833534 -1.36013 -1.41308 -2.57808 -0.638766 2.20152 -1.31571 0.71991 1.06774 0.551053 2.54189 0.108689 0.522117 -2.80586 -0.0901676 -2.12165 -0.07927 -0.0145372 2.75827 -1.23729 -2.9607 1.21926 1.38106 0.0623326 
-2.61812 -1.77345 -1.54098 0.937421 2.40869 -2.14594 0.81697 -1.36397 -1.44309 -2.55861 -0.617526 2.19897 -1.31802 0.73006 1.06321 0.555859 2.52463 0.109328 0.516208 -2.80361 -0.0910935 -2.12207 -0.0856284 -0.0239481 2.76575 -1.24217 -2.96028 1.22392 1.39648 0.053418 
-2.62557 -1.7774 -1.53249 0.924723 2.39508 -2.14734 0.789726 -1.3653 -1.47196 -2.54916 -0.598436 2.1887 -1.31985 0.732401 1.05345 0.558689 2.52075 0.115521 0.512981 -2.80473 -0.0908711 -2.13004 -0.0928622 -0.0346042 2.77902 -1.24444 -2.95073 1.23415 1.41909 0.0582828 
-2.63804 -1.78205 -1.52734 0.906967 2.37506 -2.15112 0.766725 -1.36624 -1.5062 -2.53942 -0.581327 2.17614 -1.32365 0.729129 1.04328 0.552462 2.52221 0.129818 0.498575 -2.81432 -0.0854585 -2.13075 -0.096945 -0.0497762 2.80802 -1.23528 -2.95551 1.24702 1.44496 0.0554214 
-2.64012 -1.7983 -1.52672 0.879496 2.34354 -2.14325 0.785053 -1.35143 -1.54029 -2.50861 -0.577756 2.18377 -1.31363 0.731791 1.03995 0.555509 2.50949 0.141839 0.474805 -2.82115 -0.0643425 -2.13051 -0.101007 -0.050393 2.81887 -1.23217 -2.98475 1.24119 1.45421 0.048065 
-2.6247 -1.796 -1.51702 0.866592 2.31949 -2.12303 0.796752 -1.34687 -1.56001 -2.49847 -0.573406 2.20158 -1.3062 0.722816 1.04529 0.54701 2.4975 0.141859 0.457472 -2.84512 -0.0721755 -2.09948 -0.0999787 -0.0440291 2.82905 -1.2256 -3.02165 1.22662 1.46026 0.0154754 
-2.62304 -1.81303 -1.511 0.84993 2.30811 -2.1064 0.800878 -1.3263 -1.57876 -2.48629 -0.583732 2.20026 -1.30619 0.719229 1.0524 0.548978 2.5069 0.16418 0.424763 -2.86428 -0.0663499 -2.10958 -0.103864 -0.0503154 2.84036 -1.22195 -3.04196 1.21475 1.47869 0.0197256 
-2.6117 -1.845 -1.51276 0.841797 2.30914 -2.0864 0.788613 -1.28112 -1.58625 -2.48269 -0.605685 2.18729 -1.3225 0.725668 1.04484 0.542037 2.51451 0.200112 0.378716 -2.87984 -0.0588454 -2.12413 -0.0985222 -0.0579462 2.84011 -1.24254 -3.03937 1.17792 1.51202 0.0434266 
-2.62427 -1.85489 -1.5117 0.841656 2.31181 -2.11578 0.771001 -1.30203 -1.59028 -2.47278 -0.598147 2.17607 -1.31654 0.719251 1.04943 0.552127 2.50359 0.221733 0.35377 -2.86668 -0.0444699 -2.13002 -0.11352 -0.0899595 2.86561 -1.23774 -3.0733 1.19483 1.5244 0.032371 
-2.63075 -1.85514 -1.50433 0.845708 2.33083 -2.13891 0.763806 -1.32687 -1.58157 -2.46866 -0.595625 2.17056 -1.31347 0.705473 1.04135 0.571577 2.49082 0.223831 0.326036 -2.85745 -0.0365432 -2.12217 -0.128863 -0.116032 2.87906 -1.22668 -3.10588 1.20382 1.53108 0.0167258 
-2.63742 -1.85816 -1.49559 0.843516 2.34176 -2.15967 0.749133 -1.36182 -1.57526 -2.46356 -0.601892 2.18053 -1.29742 0.696621 1.03375 0.59511 2.4812 0.23584 0.300524 -2.83785 -0.0181774 -2.11901 -0.151187 -0.145896 2.88606 -1.21816 -3.13324 1.20961 1.53511 -0.00252994 
-2.6406 -1.84895 -1.49408 0.841442 2.35829 -2.18313 0.730483 -1.39802 -1.54027 -2.466 -0.613678 2.18486 -1.27284 0.705932 1.02864 0.60937 2.48309 0.251581 0.2776 -2.82955 -0.0147383 -2.11013 -0.172121 -0.173551 2.90421 -1.1983 -3.15865 1.22144 1.54903 -0.0258151 
-2.63573 -1.84734 -1.50156 0.848989 2.37235 -2.19921 0.716036 -1.40635 -1.51999 -2.45655 -0.608639 2.17636 -1.26077 0.693181 1.02186 0.622135 2.4689 0.264911 0.268951 -2.81617 -0.0192602 -2.1058 -0.185842 -0.200238 2.93204 -1.18279 -3.17023 1.22159 1.55602 -0.0397421 
-2.63069 -1.8523 -1.50889 0.853329 2.37835 -2.22036 0.700841 -1.4007 -1.50897 -2.44358 -0.602971 2.17701 -1.25181 0.675392 1.02024 0.628982 2.46384 0.27859 0.267231 -2.80807 -0.0253484 -2.09775 -0.193904 -0.219047 2.96284 -1.15623 -3.19282 1.2153 1.55809 -0.0448549 
-2.64025 -1.85081 -1.50694 0.850186 2.37716 -2.24004 0.692026 -1.4109 -1.51553 -2.43445 -0.596387 2.18358 -1.24009 0.670897 1.02465 0.631843 2.47353 0.289204 0.29214 -2.82318 -0.0225739 -2.0867 -0.190404 -0.231336 2.98253 -1.12415 -3.23467 1.21752 1.55127 -0.0183266 
-2.64363 -1.84471 -1.49307 0.846114 2.38729 -2.25489 0.690474 -1.42243 -1.52453 -2.42107 -0.586783 2.19727 -1.22522 0.645624 1.02043 0.641771 2.50523 0.293773 0.313821 -2.84279 -0.0126554 -2.07592 -0.186225 -0.241376 2.9959 -1.1085 -3.29869 1.22745 1.53743 0.00638228 
-2.64392 -1.8294 -1.49068 0.8323 2.41247 -2.26526 0.698822 -1.41772 -1.52661 -2.39944 -0.569363 2.20466 -1.21328 0.613527 1.02886 0.65997 2.56008 0.291356 0.314224 -2.87828 0.0041726 -2.08024 -0.201557 -0.251812 2.99772 -1.0988 -3.35837 1.24367 1.52381 0.0285713 
-2.64555 -1.82613 -1.49578 0.821376 2.43749 -2.25985 0.703389 -1.40458 -1.54538 -2.37949 -0.562992 2.2235 -1.20794 0.57547 1.03397 0.697895 2.60573 0.28745 0.316904 -2.92146 0.0253701 -2.08924 -0.228885 -0.251766 2.99546 -1.09929 -3.4081 1.24883 1.50067 0.0347454 
-2.64485 -1.82689 -1.50746 0.813191 2.44911 -2.25518 0.708406 -1.40513 -1.5695 -2.37339 -0.550325 2.24158 -1.2158 0.541234 1.03616 0.724683 2.65333 0.284402 0.325328 -2.95902 0.0370446 -2.09043 -0.243417 -0.269052 2.99352 -1.10094 -3.46188 1.25414 1.48243 0.0440776 
-2.64244 -1.82364 -1.51816 0.807051 2.45099 -2.24158 0.709162 -1.40711 -1.58192 -2.36091 -0.543729 2.24951 -1.22531 0.528052 1.04392 0.737076 2.68633 0.292991 0.334363 -2.98045 0.0332238 -2.10362 -0.253063 -0.286624 2.98889 -1.1054 -3.49031 1.25408 1.46124 0.0470913 
-2.65644 -1.82386 -1.5328 0.826305 2.45667 -2.24292 0.69245 -1.41433 -1.58179 -2.35056 -0.535182 2.24092 -1.26072 0.542853 1.055 0.72117 2.68742 0.310162 0.345261 -2.99495 0.0104743 -2.10708 -0.251876 -0.306196 2.9638 -1.09836 -3.48945 1.26131 1.44735 0.0333625 
-2.65124 -1.84409 -1.53566 0.84239 2.45797 -2.24214 0.695998 -1.43031 -1.58401 -2.3477 -0.53792 2.24341 -1.26506 0.561554 1.06918 0.721685 2.66871 0.320222 0.354083 -3.01904 0.00296701 -2.11233 -0.253956 -0.320061 2.95388 -1.07994 -3.4906 1.26355 1.44041 0.020141 
-2.64307 -1.84091 -1.53239 0.86249 2.46467 -2.24931 0.70055 -1.4552 -1.56983 -2.35037 -0.535787 2.24186 -1.25131 0.575568 1.06644 0.726381 2.64653 0.326111 0.380483 -3.03933 -0.0118838 -2.11053 -0.251785 -0.335008 2.95527 -1.0518 -3.49661 1.28218 1.43464 0.0139649 
-2.63939 -1.83366 -1.52834 0.884332 2.47793 -2.26932 0.713762 -1.4723 -1.54029 -2.34211 -0.518118 2.22747 -1.23593 0.596487 1.0608 0.728676 2.61493 0.329103 0.402159 -3.04437 -0.0281873 -2.11827 -0.249988 -0.330948 2.96481 -1.0098 -3.49599 1.30746 1.44243 0.0128873 
-2.64529 -1.83268 -1.52349 0.902099 2.48007 -2.28879 0.725195 -1.48599 -1.52886 -2.34362 -0.516221 2.21687 -1.23669 0.623054 1.0606 0.729626 2.57981 0.338827 0.426471 -3.06326 -0.0481911 -2.12686 -0.256412 -0.327815 2.97699 -0.963878 -3.49751 1.31971 1.45461 0.0211042 
-2.65985 -1.84896 -1.52058 0.935078 2.48499 -2.30973 0.709766 -1.49377 -1.53346 -2.34813 -0.498819 2.19791 -1.22838 0.636598 1.06724 0.702454 2.53084 0.35557 0.451403 -3.08684 -0.0567153 -2.12229 -0.244178 -0.315559 2.98102 -0.901573 -3.49517 1.33038 1.45054 0.0175812 
-2.66886 -1.85278 -1.542 0.970466 2.48932 -2.35998 0.678552 -1.49517 -1.56942 -2.36916 -0.472801 2.17724 -1.20723 0.633736 1.0606 0.669572 2.48899 0.354153 0.469848 -3.11722 -0.0589924 -2.09642 -0.22314 -0.307319 2.97909 -0.821069 -3.47264 1.33439 1.43107 0.0252938 
-2.66788 -1.81779 -1.54626 1.01826 2.4954 -2.36662 0.63866 -1.49838 -1.56259 -2.36674 -0.433629 2.19163 -1.21162 0.645508 1.06148 0.654253 2.46798 0.345645 0.463836 -3.10411 -0.0771423 -2.07191 -0.199124 -0.287874 2.95043 -0.782497 -3.42037 1.36369 1.44111 0.0143436 
-2.65692 -1.80204 -1.56592 1.0351 2.49717 -2.34658 0.601052 -1.49092 -1.53394 -2.34917 -0.402395 2.19265 -1.20302 0.647214 1.06503 0.627185 2.45076 0.330266 0.449655 -3.08052 -0.0826307 -2.04585 -0.175182 -0.252946 2.91728 -0.760685 -3.37025 1.36344 1.44141 0.0158051 
-2.65158 -1.80707 -1.56232 1.07862 2.49586 -2.31082 0.550956 -1.49877 -1.49932 -2.32621 -0.329139 2.18125 -1.19601 0.670737 1.09603 0.587375 2.41798 0.317121 0.462064 -3.06072 -0.0805785 -2.03118 -0.158351 -0.202507 2.8915 -0.758204 -3.32558 1.36763 1.44149 0.0245509 
-2.6544 -1.81174 -1.54898 1.14526 2.51027 -2.28654 0.480185 -1.48555 -1.47045 -2.28895 -0.263892 2.14708 -1.18643 0.705323 1.13223 0.556841 2.371 0.319452 0.485961 -3.03132 -0.0825485 -2.03315 -0.153528 -0.154954 2.87862 -0.752027 -3.2953 1.36701 1.43615 0.0440265 
-2.63923 -1.82878 -1.57055 1.21893 2.5189 -2.24471 0.459473 -1.4811 -1.45333 -2.2622 -0.185156 2.10835 -1.16327 0.715169 1.18786 0.51801 2.32429 0.318945 0.513176 -3.02162 -0.0889904 -2.03274 -0.125403 -0.135316 2.85146 -0.761126 -3.29902 1.36189 1.40827 0.0499458 
-2.59777 -1.85546 -1.59894 1.26451 2.51969 -2.20204 0.456065 -1.49567 -1.44934 -2.24941 -0.114195 2.10106 -1.12686 0.730174 1.22932 0.517447 2.2941 0.308585 0.522321 -3.0289 -0.0991949 -2.02185 -0.103697 -0.136153 2.83383 -0.781823 -3.30323 1.34652 1.38309 0.0591788 
