Mean 0 Mean 1 Mean 2 Mean 3 Mean 4 Mean 5 Mean 6 Mean 7 Mean 8 Mean 9 Mean 10 Mean 11 Mean 12 Mean 13 Mean 14 Mean 15 Mean 16 Mean 17 Mean 18 Mean 19 Mean 20 Mean 21 Mean 22 Mean 23 Mean 24 Mean 25 Mean 26 Mean 27 Mean 28 Mean 29 
-1.19001 0.876918 -2.21471 -1.53507 2.15581 -1.20656 0.705509 0.980867 -1.80469 -2.43147 2.35067 1.22444 0.774928 -2.37739 -1.09995 2.00532 0.40734 -0.0658876 2.32165 -0.0464585 -0.386882 1.13072 -2.99221 -0.509445 2.94835 0.158223 -3.01756 0.609232 2.67824 2.57748 
-1.19038 0.874577 -2.21572 -1.54514 2.16706 -1.21307 0.710335 0.984065 -1.80008 -2.43089 2.35022 1.22731 0.762764 -2.37878 -1.10721 2.01322 0.407127 -0.067372 2.32166 -0.0364404 -0.389578 1.121 -2.98998 -0.506067 2.9503 0.15972 -3.01742 0.611899 2.68805 2.57846 
-1.1977 0.870014 -2.21941 -1.54997 2.17478 -1.22041 0.713423 0.977498 -1.80612 -2.43923 2.33625 1.23749 0.767416 -2.38302 -1.1216 2.01216 0.415354 -0.0701743 2.3252 -0.0374436 -0.396022 1.11479 -2.98496 -0.496094 2.95132 0.152143 -3.02469 0.617705 2.68708 2.56909 
-1.21184 0.867167 -2.22195 -1.55145 2.1715 -1.22503 0.72701 0.983257 -1.82205 -2.44979 2.33079 1.23813 0.765249 -2.36948 -1.12846 2.01088 0.421603 -0.0717122 2.3157 -0.0316566 -0.394893 1.09255 -2.98497 -0.485126 2.94848 0.154117 -3.00887 0.619224 2.69918 2.5699 
-1.21702 0.85343 -2.21526 -1.56985 2.17881 -1.22546 0.739503 0.993386 -1.8373 -2.46343 2.33539 1.23437 0.766617 -2.35206 -1.13636 2.01371 0.427758 -0.0871308 2.31386 -0.023002 -0.387715 1.06746 -2.97867 -0.474668 2.94615 0.16976 -2.98257 0.636949 2.706 2.57295 
-1.2127 0.850148 -2.22232 -1.57731 2.17719 -1.22655 0.744442 0.994118 -1.84125 -2.46758 2.33721 1.23309 0.76399 -2.34726 -1.1477 2.01311 0.425208 -0.091773 2.31773 -0.0296497 -0.389164 1.05875 -2.9829 -0.461605 2.95067 0.171097 -2.96635 0.644933 2.71281 2.55988 
-1.20518 0.848956 -2.22662 -1.59271 2.18206 -1.22763 0.750396 0.990447 -1.84236 -2.45703 2.34117 1.24305 0.759486 -2.33538 -1.14724 2.01148 0.427312 -0.0955744 2.3182 -0.0351598 -0.39026 1.04718 -2.98546 -0.451606 2.96016 0.175865 -2.95322 0.649438 2.71015 2.54173 
-1.19978 0.85064 -2.22829 -1.60741 2.17347 -1.23326 0.756718 0.97913 -1.84298 -2.43567 2.33666 1.26687 0.75765 -2.32511 -1.14424 2.01281 0.430601 -0.0883313 2.32054 -0.0433245 -0.390557 1.04349 -2.98878 -0.442192 2.97348 0.164387 -2.95727 0.646308 2.70894 2.52387 
-1.2005 0.858035 -2.22839 -1.61003 2.16615 -1.23478 0.757843 0.962138 -1.85144 -2.42991 2.32656 1.27025 0.752931 -2.32109 -1.16275 2.01982 0.432161 -0.0877829 2.32196 -0.0459759 -0.388386 1.03599 -2.99098 -0.438127 2.97396 0.157167 -2.95321 0.642864 2.71822 2.51582 
-1.20183 0.861305 -2.2203 -1.6079 2.17153 -1.23727 0.761079 0.95293 -1.85675 -2.42275 2.30981 1.27293 0.748074 -2.31874 -1.16907 2.02812 0.42466 -0.0842499 2.31231 -0.0493242 -0.392366 1.02924 -2.99109 -0.439099 2.97714 0.151808 -2.96795 0.6432 2.72579 2.51416 
-1.21269 0.877758 -2.21497 -1.58465 2.15652 -1.25284 0.773974 0.931581 -1.84044 -2.40457 2.26104 1.2749 0.756612 -2.32374 -1.17402 2.05844 0.418905 -0.0633415 2.29697 -0.060551 -0.371863 1.00453 -2.97675 -0.423595 2.99925 0.150083 -2.98035 0.655626 2.74353 2.51499 
-1.20977 0.878547 -2.20036 -1.58851 2.15119 -1.25173 0.77443 0.932896 -1.86034 -2.40929 2.25004 1.28408 0.749775 -2.33283 -1.17619 2.05472 0.42917 -0.0604862 2.28758 -0.0735963 -0.373989 1.01322 -2.98409 -0.413562 3.00361 0.135941 -3.02002 0.651465 2.75454 2.51986 
-1.20958 0.875347 -2.18892 -1.58829 2.15744 -1.27297 0.777194 0.933144 -1.86486 -2.40671 2.24412 1.28713 0.741132 -2.33209 -1.16918 2.04795 0.426646 -0.054635 2.26845 -0.0864387 -0.388729 1.01965 -2.97488 -0.422429 3.01269 0.1336 -3.06745 0.646713 2.77095 2.52298 
-1.2174 0.8563 -2.1685 -1.61138 2.16503 -1.30331 0.776992 0.938823 -1.88851 -2.39808 2.26172 1.25376 0.744211 -2.3081 -1.17783 2.03695 0.416509 -0.042293 2.24484 -0.0927868 -0.408279 1.02274 -2.95804 -0.431381 3.013 0.139055 -3.11571 0.628796 2.78391 2.51245 
-1.20676 0.860075 -2.17425 -1.61939 2.16171 -1.31628 0.769411 0.95224 -1.8855 -2.3858 2.28112 1.2561 0.754493 -2.31782 -1.17617 2.01701 0.395362 -0.0657111 2.21763 -0.0994451 -0.423023 1.05781 -2.9445 -0.441019 3.03246 0.149728 -3.15162 0.622156 2.79994 2.49403 
-1.20822 0.852513 -2.15111 -1.62765 2.15839 -1.31074 0.747171 0.972945 -1.89024 -2.38197 2.28828 1.26539 0.740115 -2.3231 -1.20301 2.02676 0.386329 -0.0951553 2.17375 -0.104137 -0.423531 1.07755 -2.94417 -0.44702 3.03097 0.150092 -3.17137 0.618984 2.82405 2.50181 
-1.21616 0.84317 -2.15428 -1.63014 2.15968 -1.30987 0.744176 0.989225 -1.89229 -2.36761 2.28341 1.27928 0.726176 -2.32362 -1.21253 2.03706 0.371139 -0.0956997 2.15087 -0.104033 -0.420883 1.08811 -2.94622 -0.444162 3.0051 0.138397 -3.17024 0.621281 2.84215 2.50356 
-1.21885 0.831232 -2.15378 -1.62841 2.15032 -1.30007 0.732923 1.00756 -1.88812 -2.3577 2.26886 1.28433 0.727906 -2.33032 -1.21618 2.04691 0.359463 -0.0863509 2.12957 -0.103004 -0.424004 1.08378 -2.95517 -0.442944 2.99286 0.129349 -3.1761 0.620545 2.85776 2.50057 
-1.23095 0.820088 -2.16309 -1.62298 2.15019 -1.30636 0.732645 1.01286 -1.88035 -2.36672 2.24652 1.29231 0.727527 -2.34243 -1.22581 2.05805 0.357726 -0.0899701 2.10987 -0.0956396 -0.432801 1.08549 -2.95192 -0.437764 2.96037 0.12867 -3.19648 0.623952 2.86777 2.50117 
-1.2512 0.817363 -2.17967 -1.61893 2.15096 -1.32061 0.730135 1.01326 -1.87706 -2.3824 2.21862 1.30616 0.729989 -2.3583 -1.23986 2.08289 0.361561 -0.098953 2.09081 -0.0924168 -0.424962 1.08094 -2.9376 -0.428857 2.92231 0.135531 -3.22324 0.636859 2.8732 2.51259 
-1.25255 0.811986 -2.19535 -1.60886 2.15349 -1.34642 0.721758 1.012 -1.87271 -2.39811 2.19564 1.3231 0.745154 -2.372 -1.244 2.10655 0.359613 -0.106408 2.07809 -0.0862043 -0.420927 1.08363 -2.92765 -0.437361 2.90896 0.136566 -3.24518 0.64151 2.88459 2.52188 
-1.23885 0.806228 -2.20715 -1.60633 2.14494 -1.37061 0.716836 1.01505 -1.8864 -2.40289 2.17707 1.34686 0.766261 -2.3977 -1.23105 2.13016 0.370577 -0.113038 2.06451 -0.09168 -0.412158 1.08754 -2.92892 -0.443741 2.9125 0.132091 -3.28283 0.634771 2.88847 2.5277 
-1.22363 0.805372 -2.22086 -1.62442 2.129 -1.39603 0.718331 1.01958 -1.93889 -2.39145 2.16694 1.37258 0.798816 -2.45006 -1.19284 2.16179 0.429228 -0.11401 2.04357 -0.133781 -0.384803 1.09592 -2.95375 -0.463265 2.93885 0.126772 -3.33749 0.627729 2.87725 2.55128 
-1.20919 0.798576 -2.22874 -1.64894 2.11759 -1.42064 0.725044 1.02146 -1.98393 -2.38936 2.16491 1.40473 0.822076 -2.50135 -1.14615 2.18171 0.503159 -0.12444 2.03161 -0.172524 -0.370227 1.11007 -2.97434 -0.480662 2.95736 0.123116 -3.41226 0.623863 2.86461 2.58231 
-1.19241 0.793848 -2.24502 -1.66753 2.11577 -1.44931 0.735574 1.01903 -2.00303 -2.38764 2.16973 1.42321 0.844396 -2.54584 -1.11326 2.20614 0.553952 -0.143017 2.02734 -0.190575 -0.35236 1.11445 -2.99007 -0.494677 2.96648 0.109695 -3.47831 0.62221 2.85032 2.60388 
-1.19101 0.787376 -2.27162 -1.68461 2.12002 -1.45815 0.742223 1.02109 -2.00717 -2.37077 2.19137 1.42168 0.855611 -2.58362 -1.08912 2.23793 0.56998 -0.162097 2.01603 -0.208604 -0.330492 1.10271 -3.01429 -0.491554 2.96317 0.0917304 -3.51484 0.601681 2.83649 2.6251 
-1.21516 0.787866 -2.30035 -1.69829 2.14064 -1.46704 0.733402 1.02358 -1.97634 -2.34745 2.22019 1.40267 0.857849 -2.5861 -1.09821 2.24633 0.53446 -0.183143 2.01393 -0.211752 -0.334657 1.08726 -3.02862 -0.474088 2.93426 0.0785862 -3.50545 0.584479 2.84923 2.63197 
-1.23961 0.792633 -2.32054 -1.71379 2.16745 -1.47971 0.730388 1.01924 -1.94681 -2.32745 2.25427 1.40145 0.865534 -2.59774 -1.11709 2.25262 0.508981 -0.203512 2.01891 -0.221009 -0.333142 1.0748 -3.03221 -0.467924 2.88423 0.0647326 -3.50862 0.585041 2.85896 2.63979 
-1.26271 0.784112 -2.3202 -1.71872 2.15977 -1.50019 0.704304 0.985684 -1.95532 -2.30756 2.25045 1.45212 0.860701 -2.56795 -1.1108 2.27538 0.48601 -0.247733 2.06439 -0.207313 -0.335631 1.07522 -3.05088 -0.487427 2.83751 0.0412458 -3.47099 0.578631 2.86864 2.61428 
-1.26564 0.766609 -2.31803 -1.72882 2.17905 -1.51739 0.692824 0.978032 -1.94955 -2.29212 2.25951 1.4665 0.860705 -2.54694 -1.10511 2.29459 0.464426 -0.236041 2.08298 -0.199699 -0.340689 1.06934 -3.06762 -0.49527 2.80573 0.0161199 -3.45332 0.574258 2.87223 2.62533 
-1.25244 0.749832 -2.31961 -1.72746 2.21036 -1.53363 0.677646 0.965806 -1.9364 -2.26253 2.27829 1.46708 0.868276 -2.54739 -1.11794 2.30354 0.425335 -0.223752 2.08866 -0.197904 -0.35139 1.06293 -3.07684 -0.504646 2.76901 -0.00748253 -3.43494 0.581175 2.86536 2.62822 
-1.21319 0.743586 -2.3278 -1.72107 2.2583 -1.54311 0.674361 0.97858 -1.92443 -2.23928 2.29207 1.46653 0.87671 -2.53727 -1.15428 2.31638 0.367158 -0.194351 2.10431 -0.222403 -0.379755 1.07024 -3.10007 -0.505502 2.71428 -0.00973166 -3.38254 0.575346 2.87721 2.63383 
-1.18837 0.764564 -2.33291 -1.73134 2.29307 -1.52287 0.65087 0.96417 -1.91967 -2.22716 2.31211 1.46319 0.913339 -2.51794 -1.15508 2.31079 0.316353 -0.164901 2.11128 -0.256244 -0.385888 1.08351 -3.09724 -0.5157 2.6848 0.0167003 -3.31751 0.586378 2.87964 2.6284 
-1.1845 0.753953 -2.32969 -1.74984 2.3225 -1.4886 0.624918 0.973438 -1.93776 -2.20596 2.34237 1.44188 0.922814 -2.50059 -1.16145 2.28989 0.269907 -0.135762 2.10975 -0.298252 -0.401307 1.08252 -3.03957 -0.517472 2.66242 0.0470363 -3.24748 0.579851 2.87128 2.62893 
-1.19271 0.756396 -2.3085 -1.79062 2.33922 -1.4425 0.587618 0.969847 -1.96691 -2.20861 2.3836 1.42675 0.940421 -2.48071 -1.17253 2.24357 0.213948 -0.119612 2.04302 -0.33582 -0.39633 1.07515 -2.99486 -0.521019 2.65343 0.0814854 -3.21636 0.576214 2.86697 2.63622 
-1.19421 0.755123 -2.30899 -1.81766 2.35411 -1.39424 0.541641 0.950117 -1.97177 -2.21959 2.40182 1.45101 0.971215 -2.48886 -1.20401 2.24057 0.157832 -0.095555 2.00467 -0.366399 -0.384054 1.07655 -2.94384 -0.513467 2.63099 0.100368 -3.18923 0.57941 2.8637 2.65778 
-1.18536 0.777067 -2.30186 -1.83248 2.36311 -1.35458 0.52173 0.920365 -1.97529 -2.20148 2.43268 1.48206 0.987887 -2.50814 -1.2307 2.23814 0.0917 -0.100923 1.96533 -0.402599 -0.384063 1.07443 -2.90253 -0.506905 2.6128 0.11415 -3.16465 0.598806 2.8544 2.72191 
-1.17819 0.818371 -2.29656 -1.84446 2.3841 -1.3246 0.491266 0.913354 -1.97549 -2.17666 2.46841 1.50212 0.995453 -2.54299 -1.24619 2.2409 0.0141519 -0.119181 1.92474 -0.432518 -0.384373 1.07745 -2.84855 -0.500349 2.58952 0.130304 -3.12899 0.609194 2.82993 2.77908 
-1.17425 0.851745 -2.29218 -1.8451 2.40458 -1.32349 0.481773 0.892746 -2.00312 -2.12496 2.47409 1.53358 0.97602 -2.58662 -1.22395 2.24469 -0.0712015 -0.167719 1.8995 -0.472631 -0.395924 1.09311 -2.8398 -0.523324 2.5628 0.129983 -3.10579 0.642 2.81983 2.83932 
-1.15935 0.863809 -2.30629 -1.85015 2.42532 -1.33268 0.479337 0.872616 -2.02679 -2.07834 2.48831 1.53675 0.929426 -2.62955 -1.19245 2.24687 -0.146826 -0.201392 1.87078 -0.504029 -0.414828 1.10355 -2.85332 -0.555303 2.54832 0.12462 -3.08649 0.675004 2.81182 2.89608 
