Mean 0 Mean 1 Mean 2 Mean 3 Mean 4 Mean 5 Mean 6 Mean 7 Mean 8 Mean 9 Mean 10 Mean 11 Mean 12 Mean 13 Mean 14 Mean 15 Mean 16 Mean 17 Mean 18 Mean 19 Mean 20 Mean 21 Mean 22 Mean 23 Mean 24 Mean 25 Mean 26 Mean 27 Mean 28 Mean 29 
-1.53787 -2.43863 -1.79166 -1.2228 1.92646 -1.69654 0.832465 0.887028 -1.59451 -2.62825 -1.06074 2.1583 0.971322 -1.74734 1.00981 -0.101132 0.470171 -0.69482 2.66004 0.539981 -1.92482 0.543192 0.275789 -0.406342 2.91617 -2.81372 -2.20796 0.287426 -0.121196 2.92637 
-1.53434 -2.43339 -1.77407 -1.23659 1.93347 -1.69177 0.815919 0.877641 -1.60403 -2.62558 -1.05268 2.13938 0.981536 -1.74696 1.01639 -0.10072 0.452998 -0.695096 2.66857 0.525388 -1.92501 0.559146 0.289972 -0.393531 2.92925 -2.80045 -2.20161 0.289372 -0.120798 2.98402 
-1.53697 -2.4374 -1.77514 -1.23622 1.94664 -1.70638 0.831178 0.878093 -1.58764 -2.61003 -1.06812 2.14814 0.972025 -1.74737 1.01728 -0.101122 0.435918 -0.698276 2.65324 0.520914 -1.92675 0.562488 0.281739 -0.399406 2.93376 -2.79132 -2.20731 0.300066 -0.112394 3.01406 
-1.54742 -2.44255 -1.78031 -1.2432 1.94189 -1.69395 0.847138 0.892952 -1.57779 -2.60554 -1.05483 2.13462 0.979769 -1.72774 1.0217 -0.102814 0.427104 -0.694301 2.65122 0.514775 -1.92617 0.559789 0.282043 -0.398316 2.92227 -2.79631 -2.20828 0.303301 -0.0963878 3.03534 
-1.53915 -2.43496 -1.77881 -1.24327 1.9522 -1.69864 0.864027 0.900278 -1.57547 -2.60279 -1.04735 2.1028 0.984087 -1.70613 1.00914 -0.100174 0.389401 -0.689595 2.63142 0.512947 -1.92722 0.561894 0.272223 -0.391789 2.9145 -2.79031 -2.21015 0.294008 -0.0661016 3.04434 
-1.54453 -2.43198 -1.77638 -1.25064 1.95412 -1.71141 0.875352 0.90164 -1.58923 -2.59695 -1.03756 2.07759 0.979013 -1.68635 0.998669 -0.0950165 0.367193 -0.681648 2.61715 0.516365 -1.93407 0.550018 0.279303 -0.387742 2.90945 -2.79355 -2.21414 0.281782 -0.052269 3.05338 
-1.55065 -2.42736 -1.77912 -1.26353 1.95265 -1.70764 0.8801 0.904648 -1.60093 -2.5907 -1.02889 2.05999 0.973704 -1.67631 0.999767 -0.0872124 0.357238 -0.683082 2.60669 0.506131 -1.94456 0.543113 0.278826 -0.382987 2.90412 -2.79712 -2.21597 0.275247 -0.0461088 3.06194 
-1.54834 -2.42648 -1.77626 -1.28368 1.93909 -1.70355 0.879106 0.917339 -1.61362 -2.57428 -1.00224 2.05821 0.96994 -1.66727 0.994701 -0.0901965 0.358677 -0.691733 2.60978 0.488023 -1.96413 0.546813 0.285567 -0.387597 2.91359 -2.78344 -2.22021 0.280722 -0.0340164 3.07696 
-1.54566 -2.41677 -1.77156 -1.29563 1.93438 -1.6946 0.87727 0.925954 -1.6337 -2.56387 -0.971527 2.05499 0.966163 -1.66602 0.992801 -0.0939187 0.364541 -0.695605 2.61895 0.475082 -1.98145 0.543998 0.282412 -0.393624 2.92873 -2.77063 -2.22383 0.280751 -0.0234126 3.08368 
-1.52888 -2.40251 -1.7673 -1.29103 1.92407 -1.66775 0.876428 0.918129 -1.64772 -2.57364 -0.948255 2.07776 0.973544 -1.67825 0.990575 -0.111768 0.346357 -0.703382 2.61545 0.448319 -2.01324 0.586237 0.283211 -0.386058 2.948 -2.77616 -2.22727 0.261942 -0.0186289 3.04251 
-1.53842 -2.40552 -1.76675 -1.29991 1.91884 -1.66793 0.876564 0.913143 -1.66803 -2.55919 -0.927504 2.07733 0.9767 -1.67362 0.977975 -0.110487 0.347865 -0.704096 2.6174 0.448839 -2.01296 0.581403 0.272686 -0.390053 2.95329 -2.78929 -2.21882 0.266227 3.03926e-05 3.03995 
-1.54982 -2.3992 -1.76444 -1.30765 1.91501 -1.67329 0.869301 0.911887 -1.68116 -2.54325 -0.903915 2.07951 0.979337 -1.66765 0.963578 -0.120598 0.346819 -0.703079 2.62117 0.441364 -2.02632 0.588444 0.268394 -0.403071 2.96906 -2.78204 -2.21853 0.269728 0.0168359 3.02752 
-1.56538 -2.38564 -1.7475 -1.32459 1.91643 -1.68971 0.857217 0.926291 -1.68467 -2.5107 -0.871615 2.084 0.98135 -1.66209 0.957032 -0.147019 0.35165 -0.695676 2.62203 0.405402 -2.04273 0.603251 0.263714 -0.414407 2.98777 -2.75643 -2.21778 0.275825 0.0312429 3.04931 
-1.58301 -2.35562 -1.74485 -1.33515 1.93378 -1.71065 0.830768 0.92276 -1.68681 -2.49211 -0.863718 2.07199 0.945548 -1.66597 0.961591 -0.151559 0.368534 -0.679555 2.56266 0.388969 -2.04752 0.611852 0.262023 -0.431865 2.97766 -2.77515 -2.21937 0.280178 0.0237827 3.05029 
-1.60407 -2.32758 -1.74651 -1.34528 1.95832 -1.74357 0.794414 0.913985 -1.69185 -2.48462 -0.865504 2.0443 0.894415 -1.67328 0.960488 -0.14162 0.394011 -0.65945 2.4805 0.384219 -2.03762 0.605129 0.256779 -0.458498 2.95406 -2.81276 -2.21785 0.284101 0.0196688 3.05815 
-1.63873 -2.32584 -1.72798 -1.34362 1.95569 -1.74197 0.78257 0.92449 -1.70088 -2.47048 -0.855996 2.04451 0.874178 -1.68105 0.960542 -0.135919 0.418774 -0.665523 2.48746 0.360479 -2.01895 0.602821 0.256209 -0.47049 2.9545 -2.82492 -2.24791 0.286816 0.019531 3.0547 
-1.66019 -2.33889 -1.71144 -1.3273 1.95578 -1.74089 0.768508 0.925073 -1.70399 -2.47322 -0.852965 2.05539 0.866108 -1.68499 0.953151 -0.118682 0.429111 -0.663816 2.49521 0.36727 -1.99997 0.591864 0.258383 -0.48983 2.94563 -2.85957 -2.27036 0.292765 0.0392725 3.05504 
-1.68069 -2.35292 -1.69519 -1.3202 1.96202 -1.73082 0.760639 0.923589 -1.70812 -2.49088 -0.863375 2.08204 0.874784 -1.67895 0.953071 -0.108489 0.437866 -0.655414 2.50926 0.372403 -1.98554 0.594464 0.247507 -0.503867 2.94503 -2.90145 -2.29066 0.288518 0.0510201 3.03801 
-1.69157 -2.36907 -1.67027 -1.30521 1.96993 -1.73073 0.74739 0.925177 -1.70738 -2.50961 -0.876881 2.10322 0.88051 -1.68165 0.945374 -0.0892944 0.442417 -0.655465 2.52466 0.385881 -1.96642 0.596665 0.238013 -0.523446 2.94601 -2.93215 -2.31129 0.27122 0.0594779 3.0257 
-1.69892 -2.37489 -1.65615 -1.29359 1.97573 -1.74119 0.737864 0.913751 -1.7104 -2.51517 -0.884428 2.12041 0.881404 -1.67577 0.932171 -0.0756192 0.44907 -0.648684 2.55573 0.393341 -1.95352 0.604647 0.227022 -0.545818 2.94519 -2.95084 -2.32896 0.256971 0.0745539 3.02571 
-1.71147 -2.38389 -1.6614 -1.28242 1.96615 -1.73869 0.733472 0.889377 -1.72177 -2.5159 -0.891305 2.1231 0.866786 -1.66315 0.922052 -0.0854355 0.443836 -0.635679 2.5753 0.405265 -1.94014 0.600828 0.211893 -0.545932 2.94266 -2.97482 -2.34253 0.25193 0.0924731 3.0309 
-1.71232 -2.39891 -1.68154 -1.24398 1.95357 -1.74385 0.737412 0.823824 -1.72882 -2.48332 -0.876883 2.08474 0.848084 -1.64012 0.92123 -0.0986881 0.412477 -0.612721 2.61208 0.424058 -1.93651 0.580175 0.182045 -0.5251 2.96629 -2.95804 -2.35411 0.265865 0.120755 3.06699 
-1.69672 -2.40348 -1.69663 -1.23463 1.95515 -1.76464 0.740859 0.806582 -1.72052 -2.4771 -0.868721 2.086 0.843804 -1.63613 0.926361 -0.0930425 0.402005 -0.607538 2.62479 0.431992 -1.92579 0.57492 0.166804 -0.522612 2.97033 -2.95116 -2.37756 0.260454 0.130511 3.08839 
-1.67645 -2.40478 -1.72457 -1.21942 1.95125 -1.79005 0.731138 0.804435 -1.69742 -2.44702 -0.838947 2.09992 0.860652 -1.64655 0.916565 -0.098566 0.369768 -0.605815 2.62981 0.450064 -1.92403 0.608407 0.159905 -0.535238 3.00506 -2.92209 -2.39075 0.249154 0.148338 3.11099 
-1.66649 -2.43039 -1.72246 -1.22028 1.98194 -1.80685 0.728351 0.820189 -1.69675 -2.41594 -0.809516 2.11273 0.867244 -1.6629 0.898267 -0.0748633 0.333218 -0.594541 2.64577 0.448074 -1.91312 0.637865 0.139445 -0.531718 3.00459 -2.90583 -2.38966 0.235563 0.14637 3.11405 
-1.66474 -2.42452 -1.71417 -1.23878 2.003 -1.80568 0.7354 0.82406 -1.69972 -2.40642 -0.819647 2.14811 0.836995 -1.65794 0.890432 -0.0903149 0.325465 -0.588279 2.64619 0.433422 -1.9143 0.65199 0.127952 -0.538595 3.00281 -2.92018 -2.43609 0.233473 0.14231 3.1156 
-1.65598 -2.42731 -1.69802 -1.24924 2.01965 -1.79954 0.745786 0.822822 -1.71234 -2.40371 -0.83059 2.17143 0.796475 -1.65111 0.890482 -0.0993949 0.331684 -0.579244 2.65366 0.423492 -1.93271 0.667656 0.112424 -0.542795 2.9998 -2.92141 -2.47291 0.235318 0.132284 3.11372 
-1.65441 -2.42527 -1.70402 -1.24414 2.02788 -1.79497 0.748027 0.810319 -1.72022 -2.39591 -0.820132 2.16946 0.788255 -1.65931 0.88649 -0.0791092 0.350851 -0.576243 2.66516 0.413889 -1.94749 0.675908 0.114714 -0.547324 2.98111 -2.91149 -2.49496 0.24669 0.114702 3.09884 
-1.63268 -2.45806 -1.75066 -1.22004 2.04745 -1.8249 0.755079 0.791793 -1.70988 -2.39934 -0.80599 2.15483 0.789358 -1.68961 0.84459 -0.0509189 0.36486 -0.577613 2.65295 0.401323 -1.97966 0.679989 0.139795 -0.551162 2.94241 -2.91963 -2.50837 0.252145 0.0836061 3.06985 
-1.63799 -2.46976 -1.76998 -1.21351 2.03659 -1.85009 0.756904 0.777599 -1.70656 -2.39673 -0.798563 2.14576 0.805394 -1.71522 0.830392 -0.0296394 0.389655 -0.58327 2.63695 0.405491 -1.98649 0.661978 0.161837 -0.552396 2.91612 -2.93568 -2.51563 0.264004 0.0704696 3.06687 
-1.66618 -2.46232 -1.79921 -1.21698 2.02302 -1.86252 0.743558 0.774056 -1.71154 -2.38785 -0.794572 2.12713 0.834411 -1.72152 0.822071 -0.0263538 0.398201 -0.570402 2.61597 0.399126 -1.99975 0.638777 0.185211 -0.554249 2.91192 -2.92603 -2.52252 0.257392 0.0575977 3.07454 
-1.68734 -2.4433 -1.82579 -1.22432 2.01848 -1.87733 0.740069 0.758759 -1.72817 -2.37444 -0.787269 2.11483 0.859198 -1.72167 0.809322 -0.0243595 0.409409 -0.547861 2.59297 0.390052 -2.00489 0.621906 0.207082 -0.558274 2.90657 -2.92435 -2.52216 0.269754 0.0491122 3.0664 
-1.69155 -2.43353 -1.86633 -1.24351 2.01536 -1.89822 0.726637 0.755042 -1.73204 -2.35391 -0.767551 2.12239 0.888127 -1.72452 0.812976 -0.0271398 0.420443 -0.533801 2.55312 0.368299 -2.03732 0.61184 0.226812 -0.558806 2.89352 -2.89785 -2.51396 0.268804 0.0514299 3.08619 
-1.69384 -2.42935 -1.90468 -1.23696 2.01891 -1.94399 0.717874 0.763138 -1.72603 -2.32835 -0.734102 2.11582 0.938721 -1.74015 0.813329 -0.0421608 0.421156 -0.527559 2.52359 0.361265 -2.07937 0.615387 0.250711 -0.567141 2.85651 -2.87191 -2.47377 0.26331 0.0391816 3.10516 
-1.68049 -2.41116 -1.91863 -1.22605 2.02739 -1.97361 0.737779 0.76343 -1.71314 -2.29695 -0.686263 2.1063 0.977121 -1.7488 0.8018 -0.0409778 0.413067 -0.523251 2.49244 0.348838 -2.09848 0.596493 0.252126 -0.564761 2.83052 -2.84098 -2.43469 0.275423 0.0533415 3.12173 
-1.63806 -2.38701 -1.92889 -1.17523 2.03823 -2.01362 0.759566 0.743174 -1.67664 -2.24653 -0.615775 2.09984 1.03099 -1.77946 0.778899 -0.0209564 0.38914 -0.532625 2.46343 0.342198 -2.10763 0.563342 0.240429 -0.569852 2.8038 -2.79383 -2.39795 0.319665 0.0727381 3.1602 
-1.60495 -2.34551 -1.93935 -1.15208 2.0351 -2.01726 0.781522 0.732235 -1.63976 -2.21087 -0.557796 2.0721 1.07237 -1.81516 0.764769 0.0217785 0.36492 -0.536992 2.44281 0.342942 -2.11291 0.531682 0.234308 -0.571985 2.78829 -2.75469 -2.36824 0.356412 0.0857048 3.19574 
-1.5934 -2.30187 -1.92984 -1.14469 2.03883 -2.04157 0.774056 0.734384 -1.6269 -2.16998 -0.508795 2.04828 1.05384 -1.83605 0.75044 0.0248785 0.351348 -0.537439 2.37596 0.360589 -2.12804 0.496159 0.203096 -0.571875 2.76426 -2.74566 -2.32246 0.405642 0.120423 3.23046 
-1.5879 -2.27193 -1.93401 -1.1399 2.0491 -2.0721 0.754263 0.745377 -1.60702 -2.14316 -0.468914 2.00986 1.00243 -1.83699 0.754189 -0.0199996 0.337981 -0.531297 2.29476 0.392654 -2.14975 0.476109 0.16989 -0.570706 2.74522 -2.72735 -2.28299 0.452395 0.152288 3.25688 
-1.5829 -2.26479 -1.93668 -1.16307 2.07653 -2.13611 0.710263 0.76683 -1.59026 -2.10238 -0.454691 1.98178 0.908343 -1.84582 0.770802 -0.0925954 0.330551 -0.520762 2.16124 0.425947 -2.18524 0.45298 0.0945799 -0.570982 2.69863 -2.72442 -2.23657 0.499324 0.207004 3.28668 
