Mean 0 Mean 1 Mean 2 Mean 3 Mean 4 Mean 5 Mean 6 Mean 7 Mean 8 Mean 9 Mean 10 Mean 11 Mean 12 Mean 13 Mean 14 Mean 15 Mean 16 Mean 17 Mean 18 Mean 19 Mean 20 Mean 21 Mean 22 Mean 23 Mean 24 Mean 25 Mean 26 Mean 27 Mean 28 Mean 29 
-2.47036 1.05233 -2.78957 -1.20674 2.03598 -2.52496 0.949232 0.751631 0.960355 -2.28107 -1.02303 1.22495 0.788728 1.06991 0.947734 2.07722 -0.0659244 2.7342 -0.745584 -2.55845 2.84137 0.803779 1.26991 0.43956 1.67533 -0.346057 -2.42493 0.886338 0.481367 0.854124 
-2.47292 1.06138 -2.86618 -1.21497 2.04604 -2.51909 0.941288 0.772311 0.955241 -2.28485 -1.01606 1.22351 0.788738 1.07123 0.938938 2.60452 -0.0740462 2.74156 -0.741884 -2.55255 2.84141 0.799915 1.26306 0.431593 1.67455 -0.355269 -2.42559 0.887014 0.48554 0.866917 
-2.4767 1.06104 -2.87925 -1.22098 2.0591 -2.51097 0.935793 0.786395 0.95196 -2.27952 -1.00719 1.22004 0.795957 1.08799 0.931429 2.76616 -0.0796669 2.74899 -0.730442 -2.54974 2.83009 0.793783 1.26331 0.418721 1.67227 -0.345798 -2.42968 0.878586 0.485849 0.876624 
-2.46444 1.06402 -2.89465 -1.21381 2.05791 -2.50448 0.929496 0.776078 0.953699 -2.281 -1.01327 1.20515 0.802356 1.08525 0.929391 2.86637 -0.0746875 2.73924 -0.733392 -2.55855 2.82968 0.787219 1.26192 0.425114 1.66433 -0.339178 -2.43697 0.882143 0.48992 0.873419 
-2.4568 1.06699 -2.88308 -1.20544 2.05597 -2.50894 0.944777 0.756803 0.955042 -2.28798 -1.00468 1.18277 0.807249 1.07865 0.938172 2.93631 -0.0712143 2.73003 -0.729765 -2.56526 2.82839 0.766096 1.2625 0.424251 1.64764 -0.335611 -2.44441 0.870372 0.497467 0.881204 
-2.45096 1.06462 -2.87813 -1.21411 2.055 -2.49253 0.947719 0.743452 0.95812 -2.28351 -0.99937 1.16291 0.807782 1.07791 0.933944 2.98758 -0.07616 2.73742 -0.738043 -2.56172 2.81733 0.763766 1.25533 0.436372 1.6615 -0.324876 -2.44547 0.862058 0.495602 0.882332 
-2.43269 1.06979 -2.87433 -1.21668 2.0531 -2.47222 0.959528 0.733076 0.953148 -2.30042 -0.993138 1.16636 0.816408 1.07329 0.946733 3.00963 -0.0860526 2.74037 -0.7427 -2.58682 2.80274 0.776889 1.24987 0.461963 1.66809 -0.319432 -2.44487 0.833456 0.495116 0.854151 
-2.41311 1.08311 -2.86992 -1.22718 2.04617 -2.45214 0.969514 0.725862 0.950036 -2.30974 -0.990657 1.18572 0.824164 1.07569 0.954992 3.02161 -0.0952092 2.74823 -0.746732 -2.61313 2.78736 0.793519 1.24472 0.479559 1.68489 -0.321178 -2.44553 0.809132 0.498368 0.822055 
-2.40596 1.09253 -2.86536 -1.24463 2.03845 -2.43803 0.968741 0.713218 0.950638 -2.30183 -0.990467 1.18849 0.821757 1.08828 0.955106 3.03768 -0.0951936 2.75168 -0.752304 -2.61684 2.78547 0.794906 1.24076 0.491678 1.69028 -0.325176 -2.45124 0.803384 0.503581 0.81956 
-2.40889 1.08918 -2.8591 -1.24901 2.03656 -2.42514 0.968562 0.70949 0.946229 -2.29462 -0.98613 1.17558 0.814446 1.09343 0.949779 3.05845 -0.0946726 2.75265 -0.758759 -2.60951 2.78651 0.787793 1.24154 0.507275 1.68842 -0.329398 -2.46365 0.804817 0.51682 0.809904 
-2.40395 1.08779 -2.85537 -1.25463 2.03268 -2.41246 0.967234 0.705905 0.946392 -2.28441 -0.982704 1.17614 0.811837 1.09911 0.945855 3.06521 -0.104087 2.75529 -0.766584 -2.60703 2.78455 0.783948 1.24199 0.517876 1.69897 -0.326268 -2.47062 0.808121 0.529515 0.78988 
-2.40446 1.08263 -2.8441 -1.25386 2.03439 -2.4065 0.960626 0.704249 0.942484 -2.26811 -0.980723 1.17903 0.807661 1.10441 0.935393 3.07292 -0.112337 2.76005 -0.772648 -2.60908 2.78203 0.785402 1.23848 0.520644 1.70753 -0.324661 -2.47895 0.812086 0.542217 0.775105 
-2.40343 1.07434 -2.83664 -1.25626 2.01154 -2.40746 0.959948 0.700816 0.933658 -2.25128 -0.981112 1.18289 0.805769 1.11273 0.930249 3.08316 -0.119888 2.76042 -0.782099 -2.60764 2.78861 0.778634 1.24553 0.525707 1.70715 -0.321088 -2.48493 0.813241 0.556664 0.77131 
-2.40877 1.06482 -2.83642 -1.26224 1.99169 -2.41984 0.959528 0.705792 0.927419 -2.22807 -0.990163 1.17742 0.803881 1.124 0.923869 3.10285 -0.120274 2.7661 -0.795627 -2.60636 2.80936 0.759699 1.24517 0.525442 1.70407 -0.326326 -2.48629 0.816014 0.572295 0.77495 
-2.40348 1.02934 -2.82253 -1.2599 1.95802 -2.41846 0.952839 0.70834 0.915574 -2.20362 -0.98498 1.16576 0.799822 1.16068 0.903894 3.14139 -0.135289 2.76287 -0.792055 -2.59478 2.84739 0.742812 1.2389 0.535384 1.67622 -0.335931 -2.48457 0.800314 0.584992 0.784347 
-2.39614 0.994422 -2.79924 -1.26545 1.92783 -2.40601 0.947905 0.709408 0.907286 -2.17941 -0.969598 1.1493 0.798448 1.21529 0.894615 3.18242 -0.145101 2.76072 -0.798506 -2.59197 2.88926 0.71503 1.22158 0.550425 1.64004 -0.347745 -2.47907 0.777502 0.585176 0.78999 
-2.40442 0.983096 -2.7848 -1.26994 1.92235 -2.41471 0.942298 0.712694 0.904789 -2.1657 -0.963953 1.15391 0.795833 1.2465 0.889375 3.19625 -0.145745 2.76348 -0.806122 -2.60322 2.88816 0.712068 1.21787 0.552819 1.61722 -0.360802 -2.49149 0.772305 0.604969 0.786832 
-2.4357 0.992361 -2.77298 -1.29511 1.91919 -2.43582 0.942118 0.735185 0.892718 -2.14117 -0.98536 1.17257 0.791847 1.28567 0.850702 3.19945 -0.117678 2.76686 -0.781207 -2.6165 2.89171 0.724917 1.20061 0.549592 1.5847 -0.374408 -2.51293 0.773592 0.646646 0.770772 
-2.44863 0.990008 -2.76185 -1.28967 1.9503 -2.44654 0.94544 0.737786 0.890796 -2.11584 -0.971049 1.17378 0.786976 1.28604 0.828411 3.21983 -0.123907 2.76624 -0.770777 -2.64576 2.90248 0.738695 1.1873 0.547029 1.56018 -0.394136 -2.51852 0.785557 0.659537 0.760888 
-2.47532 1.00288 -2.77187 -1.30274 1.94938 -2.462 0.936467 0.746987 0.891015 -2.10482 -0.976469 1.18747 0.795064 1.30629 0.8089 3.20759 -0.110752 2.76135 -0.775017 -2.65575 2.89827 0.745909 1.18699 0.528465 1.54122 -0.412683 -2.5366 0.803754 0.700823 0.760921 
-2.4933 1.01451 -2.78109 -1.29778 1.95378 -2.4778 0.916837 0.738825 0.89322 -2.0981 -0.974573 1.19484 0.799591 1.31751 0.795237 3.20353 -0.107564 2.74695 -0.770343 -2.66382 2.89437 0.756475 1.19133 0.510645 1.51179 -0.420483 -2.56045 0.820141 0.733775 0.769005 
-2.50549 1.02273 -2.79321 -1.28464 1.95065 -2.50066 0.884159 0.700769 0.885356 -2.09445 -0.981926 1.19526 0.796222 1.32629 0.780044 3.20563 -0.106728 2.74187 -0.754356 -2.67543 2.89266 0.776877 1.19326 0.499675 1.47548 -0.434887 -2.58107 0.828175 0.750135 0.769996 
-2.51466 1.03215 -2.80641 -1.27549 1.94655 -2.52953 0.835719 0.661274 0.872541 -2.09641 -1.0024 1.20248 0.795798 1.32726 0.772022 3.20843 -0.108861 2.72988 -0.736421 -2.68286 2.88464 0.801682 1.1967 0.494985 1.42945 -0.448705 -2.59844 0.830194 0.759997 0.770354 
-2.51561 1.01883 -2.80982 -1.2749 1.93818 -2.53793 0.815361 0.651425 0.865812 -2.09503 -0.996527 1.2201 0.792696 1.30169 0.777569 3.21697 -0.114797 2.72196 -0.739484 -2.67439 2.88923 0.791332 1.20683 0.48344 1.41584 -0.47438 -2.61797 0.836538 0.76465 0.76311 
-2.50208 1.00536 -2.82064 -1.2888 1.92597 -2.53055 0.8104 0.651058 0.83184 -2.09463 -0.992699 1.23914 0.803249 1.25096 0.809338 3.22476 -0.087504 2.72301 -0.749193 -2.69326 2.89075 0.784829 1.20301 0.468882 1.43873 -0.467 -2.65542 0.830482 0.754586 0.782818 
-2.47049 0.994822 -2.83468 -1.31336 1.92619 -2.52863 0.821293 0.649993 0.774439 -2.09145 -0.98123 1.2704 0.824702 1.17696 0.853311 3.25596 -0.0114183 2.72043 -0.762386 -2.74126 2.90832 0.797116 1.18638 0.453361 1.48675 -0.452835 -2.73109 0.824265 0.713399 0.813291 
-2.45769 0.984707 -2.8422 -1.31002 1.93926 -2.53615 0.825768 0.655807 0.766348 -2.09923 -0.966769 1.27263 0.819309 1.13846 0.873099 3.28031 -0.000333271 2.73218 -0.775691 -2.75143 2.9131 0.798855 1.16201 0.43698 1.50522 -0.443594 -2.75103 0.819198 0.699216 0.820028 
-2.46634 0.983903 -2.83919 -1.27948 1.96094 -2.55407 0.817551 0.65038 0.795454 -2.10217 -0.96318 1.2592 0.784819 1.13788 0.879734 3.30436 -0.0265205 2.76544 -0.775371 -2.72802 2.90368 0.796571 1.13758 0.418153 1.50782 -0.436607 -2.73003 0.832346 0.712985 0.811295 
-2.47345 0.984698 -2.82745 -1.24487 1.98572 -2.58511 0.81674 0.641629 0.822871 -2.07947 -0.921993 1.23188 0.747442 1.15318 0.883756 3.30864 -0.0420872 2.81499 -0.789711 -2.702 2.88059 0.799404 1.13081 0.409101 1.52714 -0.416512 -2.72029 0.847327 0.729435 0.818314 
-2.48071 0.974386 -2.8246 -1.21726 1.99653 -2.6182 0.806456 0.624761 0.838404 -2.0721 -0.87931 1.22714 0.719387 1.1613 0.8823 3.30124 -0.0538813 2.8485 -0.787618 -2.69899 2.85432 0.809787 1.14103 0.396338 1.53078 -0.394999 -2.71394 0.854776 0.730816 0.835693 
-2.4844 0.97579 -2.83612 -1.18886 2.0149 -2.65051 0.787057 0.606577 0.851488 -2.07086 -0.851725 1.22106 0.717796 1.1553 0.882986 3.29718 -0.0653294 2.86661 -0.794794 -2.702 2.83745 0.813881 1.16383 0.378008 1.5181 -0.376448 -2.70382 0.8639 0.72639 0.847498 
-2.48123 0.96713 -2.85245 -1.17435 2.04409 -2.6764 0.765932 0.612104 0.861392 -2.06535 -0.832203 1.20387 0.710855 1.15197 0.880278 3.29144 -0.070478 2.8992 -0.815773 -2.71258 2.81494 0.810444 1.17013 0.367537 1.48867 -0.344375 -2.67367 0.8674 0.739367 0.866336 
-2.4708 0.951825 -2.88363 -1.16424 2.06269 -2.70127 0.746665 0.621043 0.863186 -2.07249 -0.796629 1.1962 0.721348 1.13934 0.866483 3.26563 -0.0754962 2.92372 -0.833912 -2.7449 2.80584 0.805033 1.19465 0.36085 1.45763 -0.300476 -2.6551 0.856528 0.749982 0.904437 
-2.442 0.933149 -2.89114 -1.16269 2.08121 -2.70326 0.736368 0.617848 0.862731 -2.07227 -0.739151 1.21113 0.759055 1.12851 0.855199 3.21627 -0.0771966 2.94388 -0.872373 -2.78349 2.80421 0.803417 1.22309 0.363759 1.46463 -0.285993 -2.66626 0.840884 0.749523 0.951501 
-2.43136 0.920331 -2.89529 -1.14379 2.10094 -2.72773 0.742199 0.60326 0.840023 -2.06245 -0.664677 1.20992 0.811098 1.11131 0.842641 3.16983 -0.0668369 2.94153 -0.86948 -2.81425 2.79994 0.809756 1.23067 0.348695 1.46812 -0.261346 -2.68644 0.850069 0.733152 0.989346 
-2.4352 0.924366 -2.91044 -1.11171 2.13535 -2.78154 0.728564 0.585358 0.823382 -2.04332 -0.580022 1.18277 0.836361 1.08855 0.808609 3.14234 -0.0733648 2.94592 -0.888553 -2.8242 2.77375 0.816669 1.2462 0.330062 1.44593 -0.237842 -2.66487 0.888125 0.746415 1.00393 
-2.45056 0.933717 -2.92439 -1.09105 2.17279 -2.83949 0.692624 0.578971 0.782162 -2.04154 -0.503313 1.15077 0.845476 1.07559 0.784666 3.10561 -0.0794948 2.94388 -0.922964 -2.82619 2.74996 0.830687 1.27654 0.305747 1.40945 -0.229543 -2.63625 0.925061 0.764547 1.0031 
-2.45934 0.953624 -2.93172 -1.09271 2.1982 -2.86416 0.670239 0.577287 0.73684 -2.05046 -0.446008 1.11518 0.860546 1.05592 0.775216 3.08598 -0.0873964 2.95168 -0.951447 -2.82457 2.72501 0.835299 1.30051 0.278968 1.38339 -0.211793 -2.61998 0.951715 0.779682 1.00381 
-2.46621 0.975794 -2.92296 -1.09362 2.21405 -2.85119 0.649406 0.571199 0.701886 -2.06466 -0.397792 1.09059 0.87366 1.04743 0.800914 3.06943 -0.102956 2.95947 -0.951203 -2.82135 2.70595 0.850243 1.3166 0.267591 1.36745 -0.198304 -2.61107 0.963962 0.771969 1.00455 
-2.46925 1.01112 -2.91943 -1.0866 2.19594 -2.81103 0.641705 0.586978 0.6881 -2.06152 -0.340512 1.09777 0.913313 1.03943 0.869424 3.06224 -0.127873 2.94657 -0.940447 -2.79234 2.7175 0.84612 1.33203 0.249658 1.37698 -0.177912 -2.58019 0.975969 0.794922 0.988888 
