Mean 0 Mean 1 Mean 2 Mean 3 Mean 4 Mean 5 Mean 6 Mean 7 Mean 8 Mean 9 Mean 10 Mean 11 Mean 12 Mean 13 Mean 14 Mean 15 Mean 16 Mean 17 Mean 18 Mean 19 Mean 20 Mean 21 Mean 22 Mean 23 Mean 24 Mean 25 Mean 26 Mean 27 Mean 28 Mean 29 
0.99368 1.0186 -1.4136 -2.4985 2.38367 -2.32535 0.931496 -2.28149 -1.29272 -1.2241 2.18176 1.33633 -1.09944 0.8725 0.931075 2.32628 0.0178877 2.84987 2.72543 -2.59748 2.82604 -2.93273 2.81563 -0.244662 2.23358 -2.65419 0.526994 2.2773 0.493179 0.344094 
0.991841 1.01902 -1.40753 -2.50526 2.37864 -2.3135 0.927305 -2.29298 -1.2869 -1.21685 2.17789 1.34144 -1.0993 0.869336 0.940671 2.33081 0.0140099 2.8519 2.73044 -2.60458 2.82912 -2.9293 2.89625 -0.255641 2.2413 -2.65502 0.517854 2.2782 0.497441 0.330718 
0.993003 1.02352 -1.4117 -2.51276 2.38366 -2.30694 0.929022 -2.29268 -1.29547 -1.21752 2.18124 1.32948 -1.09386 0.86736 0.94173 2.33359 0.0106793 2.84989 2.73054 -2.60582 2.82856 -2.93043 2.92255 -0.258299 2.2415 -2.65357 0.516204 2.28395 0.506866 0.335452 
0.996526 1.02423 -1.40515 -2.52089 2.37643 -2.30924 0.929105 -2.29273 -1.29864 -1.21748 2.18309 1.31767 -1.08593 0.866108 0.937884 2.33423 0.00712046 2.85854 2.73003 -2.59379 2.82728 -2.93315 2.93829 -0.255347 2.23689 -2.65319 0.51396 2.29035 0.517308 0.342168 
0.987493 1.02399 -1.40946 -2.52071 2.38185 -2.30977 0.925481 -2.29947 -1.30984 -1.21426 2.19068 1.30913 -1.08262 0.871365 0.938221 2.33982 0.0103744 2.86037 2.72166 -2.59692 2.82295 -2.94087 2.94485 -0.256336 2.22605 -2.65528 0.510092 2.29128 0.519245 0.353032 
0.995492 1.02486 -1.41167 -2.53023 2.37683 -2.31237 0.925117 -2.2997 -1.31413 -1.21044 2.20337 1.30186 -1.0788 0.872633 0.939881 2.34446 0.00339581 2.86615 2.72283 -2.5951 2.8241 -2.94318 2.94235 -0.247386 2.23321 -2.65448 0.509926 2.28935 0.522191 0.362407 
0.993733 1.02908 -1.4097 -2.53106 2.38283 -2.31383 0.925983 -2.2959 -1.32026 -1.2054 2.21536 1.30388 -1.07774 0.872834 0.938876 2.33167 -0.00282849 2.86876 2.72764 -2.59433 2.82442 -2.94514 2.94851 -0.237078 2.23512 -2.64887 0.50278 2.28298 0.532854 0.373305 
0.987458 1.02752 -1.40981 -2.53537 2.37949 -2.31278 0.921955 -2.2901 -1.32522 -1.19674 2.22551 1.30523 -1.07797 0.870217 0.937593 2.32536 -0.0065748 2.87063 2.73327 -2.59618 2.81853 -2.94545 2.95376 -0.237229 2.23818 -2.65015 0.505981 2.28095 0.541624 0.380578 
0.972995 1.02978 -1.41336 -2.538 2.37906 -2.31893 0.91132 -2.28804 -1.337 -1.19603 2.21512 1.29854 -1.07741 0.872743 0.928835 2.32805 -0.0109792 2.86713 2.72759 -2.5862 2.81766 -2.94907 2.9667 -0.229881 2.23596 -2.64926 0.498855 2.27708 0.55708 0.375418 
0.955567 1.03124 -1.41806 -2.54824 2.37037 -2.31429 0.906275 -2.28814 -1.34755 -1.18852 2.21863 1.2918 -1.07429 0.881082 0.915953 2.33414 -0.0140793 2.86255 2.72137 -2.58097 2.82112 -2.94893 2.97295 -0.230367 2.23051 -2.65561 0.502908 2.27691 0.576047 0.371376 
0.942013 1.02973 -1.41917 -2.55309 2.36086 -2.30731 0.909454 -2.29419 -1.36323 -1.18227 2.22969 1.28174 -1.081 0.884345 0.902371 2.33576 -0.019619 2.85995 2.71786 -2.55763 2.82385 -2.94805 2.9758 -0.237848 2.22675 -2.65487 0.512369 2.26401 0.589865 0.362988 
0.92944 1.02327 -1.41421 -2.54708 2.35046 -2.30074 0.914679 -2.30419 -1.37693 -1.16902 2.23532 1.27765 -1.08675 0.88971 0.900786 2.33638 -0.0256045 2.85871 2.71535 -2.53965 2.827 -2.94749 2.97196 -0.24502 2.22211 -2.66204 0.519502 2.25613 0.597101 0.356126 
0.917464 1.01627 -1.40958 -2.54271 2.33796 -2.2985 0.912268 -2.30587 -1.38845 -1.1603 2.23977 1.27405 -1.09162 0.891344 0.897686 2.33578 -0.0308215 2.85864 2.71275 -2.52563 2.83012 -2.9433 2.97126 -0.249275 2.21852 -2.66777 0.514252 2.25404 0.605907 0.346746 
0.902597 1.01354 -1.40098 -2.5377 2.34223 -2.29829 0.89792 -2.30384 -1.39933 -1.14915 2.24339 1.26896 -1.09637 0.889501 0.893871 2.3414 -0.0341661 2.85773 2.70202 -2.5164 2.82813 -2.95264 2.96307 -0.250952 2.21673 -2.67337 0.510306 2.25725 0.621394 0.325814 
0.878839 1.0057 -1.39092 -2.51982 2.34675 -2.30075 0.865282 -2.30201 -1.39985 -1.13428 2.23706 1.27734 -1.09176 0.890887 0.879498 2.34251 -0.0506765 2.85617 2.68833 -2.50033 2.83476 -2.96239 2.96645 -0.246433 2.19755 -2.6793 0.502699 2.25674 0.646078 0.300364 
0.874721 1.00034 -1.38616 -2.52538 2.35357 -2.31331 0.854649 -2.30198 -1.39366 -1.1346 2.24533 1.27997 -1.09409 0.891031 0.886545 2.33838 -0.0517159 2.85586 2.66508 -2.49525 2.82079 -2.96047 2.96273 -0.24967 2.19944 -2.68641 0.48614 2.25884 0.671391 0.290945 
0.871627 0.986627 -1.37626 -2.52084 2.37136 -2.32003 0.84608 -2.29896 -1.38614 -1.1359 2.26132 1.26942 -1.09512 0.883894 0.885801 2.34329 -0.0602178 2.86571 2.65352 -2.49642 2.81959 -2.96076 2.95488 -0.256154 2.20809 -2.68415 0.481618 2.25979 0.684674 0.286132 
0.861979 0.978595 -1.38868 -2.51237 2.3747 -2.28635 0.825329 -2.28473 -1.3986 -1.12296 2.26966 1.25426 -1.05882 0.853146 0.88451 2.33334 -0.0748252 2.8755 2.66062 -2.49545 2.85121 -2.96805 2.95402 -0.239678 2.20525 -2.67124 0.481638 2.2685 0.69706 0.282969 
0.890852 1.00919 -1.403 -2.52439 2.34218 -2.24072 0.818737 -2.26813 -1.41595 -1.11185 2.2766 1.3058 -1.03388 0.822901 0.906594 2.30154 -0.0825546 2.84413 2.63967 -2.51446 2.83493 -2.88933 2.9607 -0.223069 2.22895 -2.63967 0.415027 2.26195 0.698854 0.217943 
0.94343 1.06589 -1.42128 -2.52174 2.31154 -2.17503 0.796239 -2.22426 -1.39721 -1.09387 2.31036 1.36906 -1.02376 0.80582 0.905926 2.2418 -0.143536 2.78374 2.63033 -2.49488 2.80316 -2.77 2.98306 -0.200525 2.24333 -2.60321 0.341243 2.24581 0.721788 0.0980611 
0.995663 1.12986 -1.44656 -2.51998 2.28918 -2.11639 0.779596 -2.17474 -1.38218 -1.07671 2.33972 1.42542 -1.01201 0.79199 0.907511 2.18123 -0.196029 2.72642 2.61798 -2.47108 2.78429 -2.65265 3.01124 -0.182404 2.25874 -2.56836 0.258886 2.23117 0.753404 -0.0181565 
1.02476 1.17375 -1.47458 -2.51513 2.25493 -2.06662 0.75078 -2.13746 -1.358 -1.05573 2.36848 1.45574 -0.998742 0.78303 0.910849 2.12936 -0.242986 2.68337 2.61757 -2.44591 2.77424 -2.56876 3.03249 -0.165441 2.28049 -2.53229 0.194533 2.22966 0.781048 -0.106499 
1.04262 1.1778 -1.51213 -2.51813 2.27921 -2.06019 0.74111 -2.11471 -1.3339 -1.04255 2.38228 1.46142 -0.994408 0.776782 0.896148 2.12051 -0.259886 2.66991 2.6037 -2.43784 2.76481 -2.53396 3.04788 -0.165585 2.28278 -2.53614 0.150302 2.22525 0.793128 -0.155782 
1.05943 1.19202 -1.5408 -2.54095 2.29091 -2.06285 0.717224 -2.10056 -1.31198 -1.01956 2.38975 1.47704 -0.984648 0.783004 0.893238 2.10731 -0.261492 2.65971 2.59266 -2.44907 2.75939 -2.50278 3.05433 -0.170006 2.29774 -2.53849 0.110395 2.22303 0.810852 -0.203213 
1.06997 1.18686 -1.57762 -2.54954 2.29397 -2.09763 0.706035 -2.10268 -1.27808 -0.995935 2.40266 1.47859 -0.980496 0.783059 0.899618 2.11511 -0.27867 2.65752 2.57554 -2.45526 2.76252 -2.49527 3.04141 -0.185092 2.31917 -2.52506 0.100162 2.21121 0.819176 -0.242754 
1.05695 1.20275 -1.59582 -2.56634 2.27657 -2.11815 0.714664 -2.10038 -1.28138 -0.996421 2.38433 1.49139 -0.994786 0.789184 0.929316 2.14723 -0.291154 2.64166 2.56476 -2.46114 2.7936 -2.49955 3.03199 -0.195152 2.30852 -2.5113 0.0802037 2.19767 0.823226 -0.243056 
1.03989 1.22137 -1.60057 -2.57629 2.25856 -2.12758 0.725746 -2.09547 -1.28212 -0.995469 2.37232 1.49629 -1.01039 0.795766 0.958855 2.18732 -0.306327 2.63471 2.55718 -2.47076 2.82462 -2.51944 3.02445 -0.202133 2.29692 -2.51409 0.0602613 2.18942 0.829812 -0.232523 
1.03486 1.25993 -1.60919 -2.57279 2.21826 -2.13736 0.750956 -2.09297 -1.25748 -0.992457 2.32691 1.49351 -1.04086 0.810817 1.00727 2.25262 -0.323782 2.63471 2.54663 -2.46874 2.87058 -2.55498 3.00433 -0.208954 2.30002 -2.53952 0.0306612 2.16177 0.825545 -0.222858 
1.0127 1.2721 -1.59761 -2.57128 2.20138 -2.14783 0.756353 -2.11308 -1.257 -0.992743 2.29471 1.49506 -1.05778 0.81648 1.02332 2.2993 -0.339922 2.63536 2.54179 -2.46449 2.89518 -2.58099 2.98276 -0.227152 2.29844 -2.55214 0.0226783 2.15532 0.828314 -0.18992 
0.97753 1.28086 -1.59926 -2.5733 2.21308 -2.15972 0.770846 -2.14119 -1.27307 -0.977178 2.29399 1.4966 -1.06246 0.818775 1.01181 2.30917 -0.356055 2.62456 2.53441 -2.48076 2.90241 -2.59438 2.97033 -0.237731 2.28607 -2.52627 0.0185255 2.18633 0.844954 -0.140931 
0.945323 1.29764 -1.59339 -2.58454 2.22515 -2.16572 0.790906 -2.16702 -1.29536 -0.995407 2.30033 1.49351 -1.06796 0.814899 0.99831 2.31636 -0.360696 2.60408 2.55075 -2.506 2.90516 -2.6044 2.96174 -0.246248 2.25327 -2.48308 0.0161863 2.21487 0.862456 -0.0939434 
0.922358 1.32306 -1.59034 -2.58399 2.23121 -2.16708 0.813149 -2.19833 -1.31784 -1.01183 2.3044 1.49665 -1.07373 0.81806 0.979218 2.31406 -0.359297 2.58228 2.58986 -2.5431 2.9046 -2.62033 2.9431 -0.266816 2.20078 -2.44188 0.00144014 2.24077 0.875235 -0.0609295 
0.923658 1.3383 -1.59338 -2.59454 2.24866 -2.13384 0.825344 -2.22798 -1.33184 -1.0367 2.29315 1.50064 -1.05305 0.835594 0.963237 2.32117 -0.352921 2.57394 2.6227 -2.57875 2.90545 -2.63927 2.93587 -0.283019 2.16229 -2.41598 -8.27571e-06 2.25815 0.895564 -0.0250275 
0.922361 1.36948 -1.60039 -2.61421 2.25088 -2.10292 0.828887 -2.24962 -1.34545 -1.03602 2.2903 1.50819 -1.03653 0.833522 0.956797 2.32417 -0.352546 2.55665 2.64371 -2.62105 2.91103 -2.65913 2.92701 -0.298264 2.13145 -2.40213 -0.0147842 2.26865 0.910291 -0.0120883 
0.936638 1.39466 -1.60599 -2.64252 2.25012 -2.07715 0.816247 -2.254 -1.35762 -1.02785 2.28466 1.51488 -1.01452 0.83703 0.985845 2.34734 -0.367104 2.5411 2.65216 -2.64864 2.92558 -2.72864 2.9379 -0.310457 2.11129 -2.38892 0.0613831 2.28128 0.920697 0.0127882 
0.919768 1.42631 -1.59879 -2.66227 2.24128 -2.07054 0.801376 -2.25415 -1.37357 -1.02865 2.27625 1.48155 -1.01488 0.849912 1.01709 2.38922 -0.383959 2.5579 2.63159 -2.64565 2.9559 -2.77111 2.96421 -0.323552 2.09375 -2.37842 0.12849 2.31441 0.875462 0.0490906 
0.910448 1.47125 -1.60557 -2.70174 2.2435 -2.04953 0.785674 -2.23707 -1.40609 -1.03892 2.2675 1.45426 -1.02178 0.849053 1.07212 2.41574 -0.388397 2.57533 2.59124 -2.64534 3.00305 -2.78776 3.00218 -0.320433 2.03531 -2.34997 0.179296 2.33658 0.80294 0.0722052 
0.934419 1.53127 -1.61638 -2.70595 2.26635 -2.00373 0.770787 -2.21228 -1.40532 -1.05133 2.25562 1.44046 -1.03233 0.877681 1.12855 2.42443 -0.363323 2.61679 2.58394 -2.62642 3.03329 -2.79731 3.01295 -0.32178 1.9846 -2.32419 0.226643 2.35119 0.752114 0.0898809 
1.01733 1.57904 -1.6019 -2.6903 2.28583 -1.96998 0.782899 -2.19308 -1.33938 -1.06621 2.24624 1.45936 -1.04128 0.955451 1.15911 2.43772 -0.317798 2.62928 2.59103 -2.58995 3.09048 -2.84848 2.98744 -0.320134 1.95974 -2.29427 0.284645 2.36047 0.717894 0.105015 
1.11877 1.60321 -1.57826 -2.69345 2.31225 -1.94848 0.804103 -2.15087 -1.25827 -1.10042 2.25164 1.4867 -1.06165 1.03511 1.16952 2.44449 -0.251076 2.63083 2.60655 -2.55895 3.19248 -2.89214 2.96198 -0.312665 1.92391 -2.23143 0.342323 2.36835 0.672575 0.161022 
