Mean 0 Mean 1 Mean 2 Mean 3 Mean 4 Mean 5 Mean 6 Mean 7 Mean 8 Mean 9 Mean 10 Mean 11 Mean 12 Mean 13 Mean 14 Mean 15 Mean 16 Mean 17 Mean 18 Mean 19 Mean 20 Mean 21 Mean 22 Mean 23 Mean 24 Mean 25 Mean 26 Mean 27 Mean 28 Mean 29 
-2.62456 -1.16676 -2.41914 -1.33438 1.25463 -1.928 0.970965 -0.927089 1.01081 -1.176 2.63772 2.06579 -0.963494 0.883005 1.15531 -0.868763 -0.391681 0.307112 -0.646146 -2.78428 -0.0772928 1.69453 -0.724073 2.63075 3.03073 -2.61712 0.526523 2.14122 0.754997 0.244319 
-2.61202 -1.15756 -2.40689 -1.34113 1.27481 -1.92553 0.970292 -0.932853 1.01235 -1.18092 2.63925 2.06272 -0.956982 0.875957 1.15732 -0.869174 -0.39855 0.302848 -1.96226 -2.92833 -0.0681685 1.69899 -0.719862 2.62179 3.0402 -2.61557 0.523248 2.14363 0.761699 0.24795 
-2.63829 -1.17424 -2.41725 -1.34996 1.25736 -1.93942 0.960919 -0.941131 1.01231 -1.18073 2.63931 2.05971 -0.966122 0.877271 1.16214 -0.87568 -0.378592 0.298955 -2.38814 -2.96228 -0.0753624 1.70149 -0.715923 2.63002 3.03807 -2.61495 0.52101 2.15604 0.74024 0.226393 
-2.6505 -1.18602 -2.41594 -1.36006 1.2553 -1.94462 0.945264 -0.944723 1.01041 -1.18343 2.63188 2.05002 -0.97152 0.880314 1.16252 -0.867274 -0.368346 0.301179 -2.60033 -2.97683 -0.092533 1.70677 -0.716121 2.63164 3.03462 -2.61978 0.511698 2.15904 0.734484 0.215947 
-2.66363 -1.20603 -2.41936 -1.36971 1.25159 -1.94131 0.934669 -0.954567 1.0123 -1.19234 2.6275 2.04143 -0.972806 0.890107 1.15935 -0.853757 -0.358765 0.301643 -2.72541 -2.98547 -0.106164 1.70997 -0.7118 2.6407 3.03035 -2.61957 0.500182 2.15475 0.724242 0.210645 
-2.67604 -1.22269 -2.42002 -1.37927 1.25591 -1.93739 0.922455 -0.964177 1.0116 -1.19901 2.62118 2.03926 -0.976966 0.901834 1.15721 -0.844085 -0.349807 0.300447 -2.80582 -2.98872 -0.117042 1.71137 -0.705103 2.6401 3.02299 -2.62006 0.481605 2.14293 0.719284 0.20713 
-2.67868 -1.22896 -2.41537 -1.3929 1.24792 -1.93649 0.917034 -0.967646 1.00808 -1.20049 2.62753 2.02768 -0.98355 0.910718 1.15463 -0.836451 -0.348224 0.29178 -2.86648 -2.99185 -0.125367 1.71447 -0.703839 2.65066 3.01636 -2.61451 0.466665 2.13837 0.716143 0.202303 
-2.68 -1.23084 -2.41732 -1.39671 1.2571 -1.91803 0.914129 -0.978428 1.00966 -1.20568 2.6183 2.02517 -0.983131 0.921963 1.15418 -0.822365 -0.355791 0.276573 -2.9099 -3.0098 -0.130138 1.72301 -0.696997 2.6525 3.0072 -2.60908 0.455398 2.12278 0.712318 0.201228 
-2.68984 -1.24292 -2.40906 -1.41146 1.24007 -1.92117 0.907216 -0.983659 0.997713 -1.20821 2.6233 2.02218 -0.992482 0.923094 1.15304 -0.827982 -0.354338 0.279857 -2.9465 -3.0137 -0.14052 1.72599 -0.701634 2.65375 3.00194 -2.61042 0.444176 2.10994 0.712439 0.202897 
-2.69377 -1.25178 -2.40161 -1.42072 1.22466 -1.92006 0.904153 -0.987039 0.986964 -1.2038 2.62519 2.02385 -0.99849 0.926794 1.14955 -0.831367 -0.360421 0.281848 -2.97203 -3.01365 -0.143838 1.73035 -0.705227 2.65545 3.00148 -2.60767 0.436854 2.1001 0.721665 0.19991 
-2.70169 -1.26218 -2.40458 -1.43168 1.21433 -1.91963 0.89442 -0.984904 0.979077 -1.20317 2.62056 2.03004 -1.00688 0.934278 1.14847 -0.833507 -0.370224 0.294548 -2.99872 -3.00284 -0.153113 1.72713 -0.705439 2.65508 3.00576 -2.60535 0.426508 2.0886 0.740061 0.19549 
-2.71151 -1.26989 -2.40548 -1.44648 1.19047 -1.91373 0.891493 -0.981269 0.967819 -1.19383 2.62326 2.02798 -1.01242 0.938658 1.14862 -0.828076 -0.380306 0.298417 -3.03505 -2.99215 -0.16301 1.71838 -0.705294 2.66055 3.00224 -2.60776 0.426901 2.09081 0.760819 0.192912 
-2.72107 -1.26726 -2.39693 -1.45642 1.17906 -1.91324 0.897244 -0.977878 0.960406 -1.17076 2.62329 2.01876 -1.01641 0.937369 1.15808 -0.826074 -0.380809 0.306737 -3.08369 -2.9972 -0.167633 1.70201 -0.713251 2.66228 3.00366 -2.61646 0.435149 2.0967 0.770157 0.184635 
-2.72917 -1.27417 -2.388 -1.45538 1.16912 -1.91523 0.899394 -0.977668 0.951607 -1.16255 2.6242 2.01839 -1.02516 0.936176 1.15953 -0.819273 -0.386199 0.310641 -3.11238 -2.98969 -0.173693 1.70054 -0.719123 2.65158 3.00677 -2.62396 0.431817 2.09772 0.787824 0.172761 
-2.73875 -1.28752 -2.3899 -1.4593 1.16007 -1.91412 0.891956 -0.96728 0.944205 -1.15581 2.61692 2.02154 -1.03379 0.938675 1.16667 -0.819368 -0.393575 0.318566 -3.14684 -2.97511 -0.169701 1.69443 -0.712211 2.64731 2.99726 -2.64 0.431534 2.09183 0.807867 0.166943 
-2.75247 -1.29561 -2.40196 -1.4759 1.1488 -1.93318 0.886421 -0.958654 0.932288 -1.14354 2.61824 2.01683 -1.04776 0.930974 1.19027 -0.811764 -0.40251 0.326808 -3.20711 -2.95711 -0.167428 1.68404 -0.717827 2.63538 2.9884 -2.66887 0.432993 2.09639 0.833124 0.162323 
-2.76429 -1.29797 -2.40541 -1.49162 1.13113 -1.95087 0.886413 -0.95315 0.917824 -1.1163 2.63082 2.01912 -1.05012 0.922796 1.21142 -0.803458 -0.409565 0.324785 -3.26138 -2.9686 -0.136381 1.65869 -0.736669 2.624 2.9908 -2.68353 0.434063 2.10203 0.836705 0.148754 
-2.76115 -1.29991 -2.39802 -1.49185 1.1235 -1.94962 0.902919 -0.961472 0.932768 -1.10061 2.64245 2.01235 -1.04174 0.933496 1.22346 -0.787103 -0.420708 0.324837 -3.29705 -2.95893 -0.117303 1.6279 -0.759662 2.62317 2.98571 -2.68463 0.4477 2.10739 0.841127 0.137733 
-2.76625 -1.31109 -2.41159 -1.48778 1.10118 -1.97107 0.89292 -0.953039 0.9422 -1.09336 2.63436 2.02328 -1.04041 0.933256 1.21404 -0.775963 -0.435686 0.323858 -3.31699 -2.95283 -0.0885627 1.6236 -0.766021 2.62195 2.97263 -2.69192 0.449963 2.09381 0.865146 0.133588 
-2.77215 -1.32454 -2.40637 -1.49381 1.08638 -1.98098 0.879928 -0.941997 0.944262 -1.09573 2.62586 2.03753 -1.04391 0.931944 1.20465 -0.75478 -0.451285 0.317135 -3.31956 -2.95324 -0.0583358 1.62508 -0.775372 2.62547 2.95381 -2.69508 0.445818 2.07953 0.878337 0.126129 
-2.76933 -1.35206 -2.40552 -1.47785 1.04918 -1.97848 0.891264 -0.97378 0.917574 -1.08716 2.63898 2.03224 -1.05038 0.951506 1.21507 -0.756802 -0.456824 0.325127 -3.29838 -2.913 -0.0258904 1.63571 -0.783519 2.60442 2.93943 -2.70229 0.437532 2.06226 0.879179 0.123026 
-2.75889 -1.40674 -2.40511 -1.46203 0.988636 -1.96872 0.924266 -1.03803 0.872311 -1.05811 2.68353 2.0249 -1.06058 1.00241 1.24836 -0.762339 -0.485753 0.34513 -3.26821 -2.80729 0.0251938 1.65158 -0.799827 2.56355 2.92169 -2.71959 0.424223 2.03483 0.860504 0.116281 
-2.75935 -1.43917 -2.42218 -1.45205 0.941668 -1.96357 0.932898 -1.08517 0.844743 -1.03697 2.72257 2.02148 -1.05555 1.02752 1.26304 -0.769406 -0.502689 0.352825 -3.239 -2.73307 0.0495507 1.66284 -0.804159 2.53634 2.91593 -2.73065 0.41534 2.02689 0.849465 0.103195 
-2.75196 -1.45882 -2.44045 -1.45613 0.905457 -1.96133 0.927901 -1.11446 0.836099 -1.01415 2.75152 2.031 -1.0472 1.03335 1.26163 -0.761598 -0.519453 0.352604 -3.21783 -2.6896 0.060931 1.66759 -0.810974 2.5233 2.91927 -2.73923 0.405657 2.02296 0.83609 0.107058 
-2.75811 -1.46833 -2.45469 -1.46368 0.91106 -1.98102 0.913108 -1.12424 0.839517 -0.999885 2.78657 2.03886 -1.04527 1.02967 1.25253 -0.755108 -0.535016 0.374183 -3.21638 -2.69452 0.0648361 1.68361 -0.819746 2.50633 2.936 -2.72517 0.381686 2.02519 0.833499 0.130619 
-2.76552 -1.46941 -2.47017 -1.46575 0.915156 -1.99904 0.920563 -1.13798 0.839891 -0.980931 2.8055 2.04446 -1.05336 1.02257 1.24602 -0.7324 -0.552354 0.386009 -3.22559 -2.69935 0.0856359 1.68879 -0.826928 2.49517 2.93701 -2.72536 0.352233 2.02797 0.819769 0.14723 
-2.75416 -1.43877 -2.48941 -1.49655 0.902349 -1.9955 0.916982 -1.14949 0.845186 -0.955761 2.78977 2.06306 -1.03752 1.01302 1.26715 -0.689761 -0.564513 0.385503 -3.23482 -2.66904 0.0918268 1.66841 -0.839165 2.47287 2.94685 -2.75496 0.348569 2.01969 0.788314 0.158039 
-2.76601 -1.39639 -2.50659 -1.49849 0.909346 -1.97366 0.909848 -1.13837 0.865926 -0.951134 2.74257 2.06717 -1.03101 1.01786 1.26954 -0.670922 -0.560413 0.39068 -3.22539 -2.67858 0.0967497 1.64412 -0.849918 2.48329 2.94245 -2.76666 0.344152 2.01242 0.785487 0.15096 
-2.77611 -1.33859 -2.52284 -1.48787 0.927034 -1.95347 0.915564 -1.14213 0.879341 -0.941811 2.69496 2.05435 -1.02747 1.02756 1.27597 -0.648969 -0.543131 0.400782 -3.24018 -2.70298 0.0978757 1.62466 -0.84231 2.50229 2.94563 -2.79314 0.306977 2.00523 0.794726 0.120944 
-2.78859 -1.26772 -2.52974 -1.48776 0.947888 -1.92658 0.938434 -1.1572 0.891363 -0.935444 2.66828 2.02208 -1.0329 1.04021 1.28544 -0.623457 -0.514937 0.42189 -3.24004 -2.71833 0.0847251 1.61724 -0.833834 2.53312 2.9591 -2.83715 0.24431 2.00869 0.80634 0.0831516 
-2.80264 -1.19532 -2.54176 -1.49697 0.979504 -1.88898 0.968626 -1.17121 0.906008 -0.924409 2.64181 1.98263 -1.03255 1.04885 1.28948 -0.597338 -0.491768 0.440147 -3.25218 -2.73263 0.0743623 1.61081 -0.814396 2.56607 2.9727 -2.88067 0.18746 2.01514 0.812737 0.0557993 
-2.84832 -1.13457 -2.5678 -1.50463 1.02479 -1.84687 1.00137 -1.16204 0.908876 -0.91842 2.61378 1.93172 -1.05296 1.04751 1.27437 -0.581227 -0.475444 0.441103 -3.28048 -2.74598 0.0678324 1.60576 -0.775074 2.60781 2.97028 -2.95228 0.138655 2.01282 0.819709 0.0457068 
-2.89443 -1.06836 -2.60199 -1.5139 1.06114 -1.80432 1.02007 -1.15285 0.913057 -0.924022 2.5731 1.89638 -1.07152 1.05196 1.27165 -0.579168 -0.451577 0.432047 -3.30737 -2.76222 0.0489043 1.59326 -0.730473 2.64862 2.96052 -3.00572 0.10864 2.00805 0.824105 0.0505698 
-2.93561 -1.04139 -2.63804 -1.51523 1.06855 -1.76555 0.98552 -1.13903 0.909875 -0.939082 2.52366 1.93471 -1.07813 1.06922 1.26613 -0.598732 -0.439642 0.402053 -3.32245 -2.7943 0.0548285 1.60393 -0.71316 2.66033 2.90445 -3.0511 0.152302 2.01054 0.817408 0.0634003 
-2.95071 -1.05057 -2.68575 -1.51427 1.0609 -1.7284 0.932484 -1.13856 0.903118 -0.931051 2.51226 1.95302 -1.09685 1.10458 1.25718 -0.61562 -0.420928 0.419495 -3.31322 -2.85194 0.0216246 1.63449 -0.716976 2.66024 2.87771 -3.11572 0.211508 1.99755 0.809069 0.106729 
-2.93045 -1.1328 -2.73742 -1.52611 1.03788 -1.73726 0.861831 -1.16308 0.915793 -0.893484 2.53794 1.93274 -1.06221 1.15795 1.22152 -0.622117 -0.435149 0.456598 -3.24263 -2.91397 0.0050603 1.67619 -0.76394 2.65357 2.88341 -3.26236 0.259265 1.95183 0.771338 0.223055 
-2.96907 -1.15506 -2.74031 -1.49652 1.07904 -1.75235 0.791825 -1.12456 0.942343 -0.868708 2.55508 1.89461 -1.02227 1.15065 1.22414 -0.659436 -0.513789 0.48826 -3.20772 -2.90764 -0.0034788 1.64773 -0.760504 2.65918 2.88782 -3.31657 0.283722 1.92852 0.730691 0.266907 
-2.96869 -1.18013 -2.75366 -1.44676 1.11441 -1.75018 0.762121 -1.13057 0.907325 -0.846647 2.51721 1.89248 -1.00359 1.16212 1.3216 -0.635666 -0.570278 0.483718 -3.21917 -2.92666 0.0153353 1.65743 -0.775958 2.61932 2.84223 -3.36038 0.341492 1.92039 0.706728 0.286752 
-2.94393 -1.21151 -2.76791 -1.43241 1.13762 -1.7641 0.751311 -1.1478 0.870011 -0.845219 2.45951 1.91391 -0.989187 1.17438 1.38529 -0.591831 -0.592442 0.460781 -3.24391 -2.93021 0.0185278 1.65403 -0.7687 2.56388 2.8131 -3.42164 0.359627 1.90705 0.688674 0.322348 
-2.91999 -1.23695 -2.78546 -1.42697 1.18564 -1.77345 0.775191 -1.16319 0.86064 -0.858565 2.3768 1.94202 -0.989172 1.16569 1.43636 -0.54133 -0.596988 0.425157 -3.30979 -2.90993 -0.00933276 1.63465 -0.73758 2.51184 2.80265 -3.48454 0.332608 1.89367 0.651322 0.377751 
