Mean 0 Mean 1 Mean 2 Mean 3 Mean 4 Mean 5 Mean 6 Mean 7 Mean 8 Mean 9 Mean 10 Mean 11 Mean 12 Mean 13 Mean 14 Mean 15 Mean 16 Mean 17 Mean 18 Mean 19 Mean 20 Mean 21 Mean 22 Mean 23 Mean 24 Mean 25 Mean 26 Mean 27 Mean 28 Mean 29 
0.964402 -2.81483 -2.23306 -2.64397 1.88337 -1.71826 0.884406 -1.36296 0.852707 -1.40313 -0.974463 1.11194 -1.68961 0.58026 -1.1085 0.194009 2.74794 0.461928 2.92954 -2.30952 0.562478 -1.82011 -0.317422 -1.77145 2.75952 0.0350604 -2.56123 -0.000804562 1.04368 2.60246 
0.971868 -2.81284 -2.24084 -2.64354 1.88135 -1.71354 0.888872 -1.35805 0.858455 -1.40271 -0.968332 1.10512 -1.6854 0.588593 -1.09967 0.189075 2.74513 0.459688 2.93136 -2.67959 0.558153 -1.8189 -0.32639 -2.47198 2.75899 0.459023 -2.56264 -0.00128026 1.04129 2.60255 
0.975993 -2.82009 -2.24067 -2.64827 1.88009 -1.70909 0.888235 -1.36195 0.855447 -1.39885 -0.965705 1.10483 -1.68184 0.596253 -1.09712 0.190595 2.74575 0.456783 2.93101 -2.80441 0.558631 -1.81906 -0.32582 -2.70656 2.75984 1.45219 -2.56222 0.00400471 1.04418 2.60212 
0.973773 -2.82141 -2.24429 -2.65574 1.87825 -1.70375 0.883096 -1.36295 0.861104 -1.38768 -0.961315 1.10315 -1.66368 0.610816 -1.09167 0.188989 2.73965 0.456455 2.93038 -2.87392 0.564695 -1.81755 -0.327394 -2.82977 2.75198 1.94638 -2.56459 0.00868226 1.04991 2.59483 
0.968145 -2.8169 -2.23466 -2.66366 1.86984 -1.69927 0.881932 -1.3691 0.861205 -1.38192 -0.957228 1.10173 -1.65116 0.612504 -1.09426 0.19344 2.72488 0.457614 2.9232 -2.91245 0.576647 -1.81683 -0.335966 -2.90516 2.75081 2.24648 -2.55932 0.0101134 1.06472 2.59198 
0.961286 -2.81642 -2.22669 -2.66985 1.86814 -1.6968 0.878287 -1.37289 0.850583 -1.37444 -0.955105 1.09801 -1.64298 0.621361 -1.0941 0.192909 2.71683 0.462353 2.92365 -2.93416 0.582015 -1.81377 -0.33365 -2.96139 2.74928 2.43849 -2.56018 0.0132886 1.0705 2.5878 
0.956549 -2.8155 -2.2156 -2.66967 1.86619 -1.68924 0.873348 -1.37993 0.830304 -1.36776 -0.950301 1.0984 -1.64517 0.63077 -1.0997 0.190861 2.71125 0.468773 2.92633 -2.95438 0.585974 -1.80971 -0.335763 -2.99453 2.7504 2.56555 -2.55606 0.0129909 1.0821 2.5926 
0.949426 -2.8106 -2.20712 -2.66815 1.86556 -1.6795 0.870706 -1.38257 0.813277 -1.3631 -0.952549 1.09773 -1.64709 0.631474 -1.09869 0.192502 2.70651 0.472827 2.93065 -2.9711 0.588665 -1.80475 -0.33705 -3.02289 2.75114 2.65993 -2.55306 0.00967364 1.09243 2.58571 
0.949228 -2.81103 -2.19992 -2.66891 1.86868 -1.6725 0.866932 -1.38841 0.790995 -1.35211 -0.952626 1.09551 -1.65057 0.626301 -1.10331 0.202013 2.69881 0.472861 2.92882 -2.98638 0.591609 -1.80102 -0.341954 -3.04289 2.74531 2.72655 -2.53769 0.00994997 1.10737 2.57972 
0.95164 -2.80637 -2.19095 -2.66183 1.8795 -1.66488 0.870037 -1.3948 0.771796 -1.33987 -0.952897 1.09451 -1.65204 0.615332 -1.11794 0.209624 2.68809 0.469109 2.92092 -3.00599 0.594648 -1.78658 -0.350109 -3.05384 2.73611 2.772 -2.5187 0.00735247 1.12929 2.56588 
0.946314 -2.80058 -2.18309 -2.65927 1.89482 -1.65751 0.872039 -1.40046 0.734758 -1.32103 -0.958313 1.08867 -1.66308 0.595545 -1.13444 0.233009 2.68862 0.465432 2.91617 -3.00727 0.617094 -1.78613 -0.358965 -3.06967 2.72166 2.79623 -2.48309 0.0155882 1.1539 2.56651 
0.945223 -2.79145 -2.17601 -2.64942 1.9096 -1.64913 0.869047 -1.40784 0.689826 -1.30131 -0.967157 1.08738 -1.67344 0.567093 -1.15707 0.254541 2.68662 0.45574 2.91663 -3.00543 0.641061 -1.78039 -0.371687 -3.08471 2.70141 2.8142 -2.44792 0.0176547 1.1793 2.55526 
0.937526 -2.78516 -2.17355 -2.63911 1.92017 -1.64474 0.860448 -1.41482 0.662267 -1.28846 -0.97188 1.08356 -1.6834 0.551175 -1.16631 0.265446 2.68834 0.451101 2.91809 -3.00342 0.658403 -1.78264 -0.379319 -3.09708 2.68965 2.83221 -2.42878 0.0177358 1.19854 2.54417 
0.930711 -2.78109 -2.185 -2.6412 1.92994 -1.64775 0.853754 -1.41999 0.648934 -1.29064 -0.960683 1.08095 -1.69999 0.554162 -1.16854 0.271935 2.69031 0.445764 2.90429 -3.01543 0.663293 -1.77636 -0.373758 -3.11166 2.68337 2.83579 -2.43187 0.0190173 1.21839 2.53701 
0.922 -2.77902 -2.18484 -2.65392 1.9312 -1.64172 0.841929 -1.43282 0.644336 -1.28175 -0.963471 1.08696 -1.70278 0.553576 -1.1635 0.275354 2.70319 0.453312 2.88412 -3.02416 0.654822 -1.77106 -0.378489 -3.12652 2.67614 2.83188 -2.43564 0.026903 1.2427 2.52544 
0.910266 -2.78172 -2.17674 -2.66551 1.9271 -1.63688 0.835225 -1.4412 0.645528 -1.28 -0.967962 1.08435 -1.69843 0.540331 -1.15814 0.279662 2.7143 0.45723 2.86051 -3.01425 0.651841 -1.78024 -0.392303 -3.13341 2.67077 2.84331 -2.43963 0.0400683 1.25801 2.52283 
0.89984 -2.77702 -2.16879 -2.66951 1.91354 -1.63226 0.821654 -1.46161 0.654028 -1.27728 -0.962648 1.0812 -1.68612 0.53148 -1.1664 0.275085 2.72148 0.460222 2.84413 -3.00802 0.654873 -1.78721 -0.40343 -3.14351 2.67475 2.85852 -2.43109 0.0516042 1.26878 2.51751 
0.897452 -2.7791 -2.17115 -2.66905 1.91732 -1.63193 0.815252 -1.48399 0.64897 -1.27455 -0.944613 1.07057 -1.685 0.542537 -1.16891 0.275685 2.70153 0.46577 2.83426 -3.00249 0.658323 -1.77532 -0.407521 -3.1722 2.67411 2.85256 -2.42652 0.0484053 1.27099 2.52124 
0.881096 -2.79939 -2.17076 -2.66348 1.91236 -1.63592 0.797798 -1.47987 0.649302 -1.26147 -0.920981 1.06886 -1.66916 0.552339 -1.17415 0.275621 2.66662 0.458016 2.8318 -3.0139 0.654485 -1.76522 -0.412246 -3.17535 2.67658 2.86662 -2.42178 0.0533578 1.27266 2.5226 
0.865744 -2.82349 -2.16221 -2.65599 1.9151 -1.63629 0.773736 -1.48107 0.648292 -1.24422 -0.906227 1.06085 -1.6464 0.559878 -1.18341 0.276104 2.6257 0.452334 2.82614 -3.01985 0.640877 -1.75385 -0.428778 -3.1702 2.6783 2.88662 -2.41422 0.0573837 1.27037 2.53265 
0.831566 -2.85404 -2.17042 -2.63304 1.89491 -1.62193 0.738593 -1.47105 0.643609 -1.22735 -0.889075 1.03933 -1.60945 0.545747 -1.19362 0.261315 2.59306 0.459119 2.84066 -3.0114 0.648902 -1.7536 -0.435735 -3.14922 2.6786 2.93345 -2.39562 0.0603938 1.2754 2.53915 
0.79932 -2.89228 -2.16901 -2.63877 1.82935 -1.62401 0.694594 -1.45938 0.675103 -1.21814 -0.85494 1.0211 -1.57049 0.554137 -1.19158 0.248769 2.56091 0.46696 2.85 -2.99354 0.641282 -1.76628 -0.443569 -3.11966 2.68264 2.9775 -2.3999 0.0661159 1.28715 2.53321 
0.762858 -2.92891 -2.16202 -2.65582 1.76472 -1.63835 0.650236 -1.43753 0.716864 -1.22016 -0.814692 1.00265 -1.52702 0.539929 -1.18211 0.227432 2.53861 0.467721 2.86012 -3.01773 0.625894 -1.76785 -0.436136 -3.09652 2.68478 3.02508 -2.41403 0.0749899 1.31196 2.5249 
0.73649 -2.95687 -2.15763 -2.67427 1.69971 -1.66534 0.622474 -1.41756 0.742812 -1.22073 -0.784126 0.980409 -1.4896 0.528801 -1.18405 0.21047 2.52467 0.482458 2.86868 -3.04432 0.62266 -1.76883 -0.420698 -3.07669 2.68025 3.07806 -2.43323 0.0635716 1.33372 2.5326 
0.719996 -2.97493 -2.15004 -2.67278 1.62936 -1.68514 0.613544 -1.40504 0.776628 -1.21617 -0.731358 0.927837 -1.4624 0.514308 -1.19874 0.189585 2.52039 0.500035 2.87783 -3.06222 0.616673 -1.77864 -0.421392 -3.05064 2.66913 3.12556 -2.4418 0.0580151 1.36103 2.53887 
0.721002 -3.01052 -2.17125 -2.66138 1.58686 -1.74984 0.556108 -1.40883 0.799347 -1.21621 -0.686025 0.896041 -1.42946 0.502212 -1.18499 0.148114 2.5 0.510473 2.8698 -3.06165 0.580263 -1.76844 -0.417982 -3.04773 2.69224 3.16235 -2.45365 0.0409879 1.40081 2.57835 
0.69792 -3.0546 -2.17785 -2.66599 1.61217 -1.80295 0.481271 -1.40355 0.802631 -1.22951 -0.637719 0.848413 -1.40652 0.484596 -1.17658 0.0949216 2.47993 0.529257 2.87185 -3.06885 0.551881 -1.77463 -0.398232 -3.03319 2.70164 3.19344 -2.46916 0.0404656 1.43839 2.59106 
0.672366 -3.1007 -2.17732 -2.69185 1.62568 -1.84633 0.420182 -1.40645 0.783633 -1.25723 -0.581967 0.81657 -1.40527 0.457246 -1.15262 0.0638126 2.47189 0.544063 2.85917 -3.09004 0.522968 -1.79648 -0.358032 -3.02645 2.70044 3.20596 -2.49769 0.045148 1.46963 2.61052 
0.630735 -3.13361 -2.16501 -2.70197 1.60065 -1.86306 0.364816 -1.3994 0.671287 -1.28093 -0.527921 0.748718 -1.41041 0.425791 -1.1667 0.014574 2.4442 0.571904 2.84397 -3.13122 0.507437 -1.82442 -0.337229 -3.01393 2.70313 3.25492 -2.47499 0.0406143 1.52698 2.63546 
0.580645 -3.13322 -2.18998 -2.7106 1.6267 -1.86919 0.359414 -1.37662 0.584308 -1.27309 -0.524321 0.724972 -1.41115 0.42019 -1.173 0.00484763 2.40569 0.571727 2.84773 -3.15663 0.50086 -1.8377 -0.324706 -3.00408 2.68473 3.31937 -2.45332 0.0286501 1.52464 2.64203 
0.504288 -3.12946 -2.2508 -2.73505 1.66826 -1.86955 0.405357 -1.33205 0.528398 -1.26179 -0.550592 0.720726 -1.43206 0.423019 -1.17582 0.0406613 2.36675 0.537692 2.81647 -3.19497 0.522252 -1.84476 -0.3007 -2.99131 2.63008 3.4201 -2.44623 0.0223511 1.52364 2.66824 
0.457452 -3.08638 -2.29569 -2.74243 1.72548 -1.87067 0.467502 -1.30873 0.490909 -1.22675 -0.560781 0.734519 -1.43413 0.430465 -1.19849 0.0790964 2.33073 0.501765 2.80776 -3.23163 0.588756 -1.83103 -0.309957 -2.99571 2.60618 3.50958 -2.45094 0.0277332 1.50336 2.69965 
0.447859 -3.02901 -2.29372 -2.71996 1.78269 -1.84865 0.515074 -1.33435 0.460757 -1.19985 -0.552206 0.769126 -1.43772 0.453221 -1.22251 0.096569 2.32224 0.462548 2.81268 -3.24605 0.612408 -1.79969 -0.321491 -2.97822 2.6063 3.58686 -2.44132 0.073473 1.46496 2.71557 
0.483175 -2.93479 -2.30871 -2.67418 1.79129 -1.81651 0.575498 -1.38409 0.467139 -1.17209 -0.49713 0.805137 -1.48271 0.441668 -1.28667 0.133385 2.36292 0.435804 2.79637 -3.26867 0.649407 -1.80699 -0.325948 -3.00467 2.5964 3.67197 -2.43425 0.12987 1.45819 2.72611 
0.520777 -2.82834 -2.34139 -2.62413 1.78792 -1.78165 0.602997 -1.41581 0.461352 -1.17907 -0.471783 0.868548 -1.53411 0.451884 -1.30511 0.154266 2.38162 0.394124 2.76044 -3.27449 0.655593 -1.80667 -0.320051 -3.01586 2.59648 3.71316 -2.37685 0.151987 1.45164 2.71698 
0.624962 -2.63253 -2.43423 -2.53432 1.77012 -1.78739 0.691061 -1.49616 0.361301 -1.2133 -0.368579 1.01089 -1.68402 0.512908 -1.34336 0.224017 2.3301 0.313044 2.73843 -3.33556 0.654555 -1.76109 -0.346604 -3.13585 2.68997 3.88435 -2.2606 0.283296 1.50749 2.71619 
0.737137 -2.41188 -2.53641 -2.43208 1.74651 -1.80798 0.783116 -1.5792 0.219605 -1.26009 -0.211466 1.16298 -1.86266 0.579103 -1.37167 0.302436 2.2664 0.22633 2.72736 -3.39258 0.649676 -1.70246 -0.379812 -3.30052 2.79962 4.12399 -2.13452 0.429355 1.57572 2.72546 
0.773845 -2.29285 -2.58181 -2.35023 1.76112 -1.76173 0.811691 -1.61537 0.0788266 -1.24703 -0.0778784 1.22919 -1.93414 0.601777 -1.40292 0.325457 2.27108 0.18495 2.66799 -3.39592 0.659041 -1.68198 -0.382207 -3.40166 2.77965 4.29184 -2.08922 0.447855 1.55005 2.74629 
0.796731 -2.22939 -2.55823 -2.29202 1.7628 -1.72532 0.833104 -1.63618 -0.0517684 -1.23139 -0.00449442 1.28082 -1.92108 0.606467 -1.39275 0.311111 2.29839 0.176769 2.59135 -3.39012 0.658336 -1.69059 -0.369923 -3.45552 2.73287 4.39781 -2.08223 0.422358 1.52653 2.77823 
0.826413 -2.17235 -2.51771 -2.25086 1.73413 -1.68846 0.859933 -1.65214 -0.205334 -1.19043 0.058172 1.28781 -1.89713 0.576055 -1.39234 0.318172 2.33717 0.182274 2.5224 -3.38613 0.67757 -1.72672 -0.352348 -3.49889 2.67641 4.42416 -2.10571 0.415355 1.51578 2.82069 
