Mean 0 Mean 1 Mean 2 Mean 3 Mean 4 Mean 5 Mean 6 Mean 7 Mean 8 Mean 9 Mean 10 Mean 11 Mean 12 Mean 13 Mean 14 Mean 15 Mean 16 Mean 17 Mean 18 Mean 19 Mean 20 Mean 21 Mean 22 Mean 23 Mean 24 Mean 25 Mean 26 Mean 27 Mean 28 Mean 29 
1.01129 -2.40423 -1.41637 -2.34194 1.46611 0.976817 1.05494 0.921574 1.13156 -2.56416 2.47169 2.12826 1.00547 1.05266 0.957566 0.680019 0.416071 1.59449 2.63482 -0.0704786 0.556339 -0.474708 -2.8408 2.45806 -2.45761 -2.87532 -0.348723 -1.4417 2.97399 0.55824 
1.00304 -2.40271 -1.42265 -2.34646 1.47217 0.968822 1.0533 0.925433 1.119 -2.55071 2.47052 2.12222 1.01917 1.05634 0.961928 0.685209 0.412794 1.58766 2.64385 -0.0641399 0.56118 -0.478557 -2.83607 2.77153 -2.44618 -2.87532 -0.339514 -1.44452 2.97153 0.562758 
0.977492 -2.41814 -1.42087 -2.34841 1.46264 0.961804 1.05177 0.927344 1.10963 -2.54588 2.47745 2.11474 1.04157 1.05273 0.95677 0.696107 0.417026 1.57961 2.65372 -0.0578554 0.569165 -0.47598 -2.8404 2.88558 -2.43462 -2.89238 -0.364718 -1.43159 2.9633 0.556893 
0.951805 -2.41224 -1.41511 -2.33405 1.46482 0.940768 1.04717 0.925628 1.1184 -2.57256 2.46309 2.09891 1.04466 1.06002 0.945597 0.724014 0.391451 1.58026 2.65364 -0.0588201 0.582735 -0.489857 -2.8634 2.95178 -2.42431 -2.89156 -0.364984 -1.43233 2.94932 0.559694 
0.93938 -2.39119 -1.39812 -2.32059 1.48245 0.926806 1.04234 0.924061 1.12059 -2.5911 2.45404 2.08313 1.03182 1.06717 0.936326 0.73592 0.368074 1.57301 2.65533 -0.0564091 0.587466 -0.494105 -2.87752 2.9846 -2.42725 -2.89382 -0.336569 -1.44726 2.95694 0.575637 
0.944601 -2.39022 -1.39674 -2.3241 1.48456 0.927712 1.03555 0.910641 1.12916 -2.58857 2.46575 2.09305 1.03497 1.07351 0.946455 0.740811 0.356546 1.58435 2.66323 -0.0543059 0.569215 -0.491145 -2.88829 3.01893 -2.40307 -2.88134 -0.320439 -1.45031 2.94066 0.573657 
0.944491 -2.38259 -1.39861 -2.32718 1.49771 0.926995 1.03386 0.897098 1.1304 -2.59005 2.4718 2.09102 1.01805 1.08104 0.949809 0.74748 0.339595 1.59032 2.6685 -0.0411226 0.559313 -0.495096 -2.89775 3.03888 -2.3893 -2.87407 -0.291602 -1.45807 2.94287 0.575315 
0.932696 -2.37562 -1.39699 -2.32887 1.51988 0.935328 1.02247 0.893486 1.12277 -2.6018 2.48334 2.07373 0.994822 1.08415 0.944586 0.756171 0.318907 1.59902 2.66296 -0.0346776 0.547437 -0.503973 -2.91331 3.04735 -2.37799 -2.8681 -0.25852 -1.46366 2.96522 0.582766 
0.923528 -2.36233 -1.39977 -2.33675 1.53688 0.930376 1.0154 0.891025 1.09539 -2.60521 2.4756 2.05735 0.975989 1.08817 0.940754 0.768314 0.299685 1.58636 2.64793 -0.0324187 0.553481 -0.51383 -2.92248 3.05934 -2.38048 -2.87304 -0.224908 -1.47055 2.98027 0.590053 
0.913232 -2.34947 -1.40077 -2.33243 1.56157 0.921363 1.01618 0.893073 1.07291 -2.60372 2.46901 2.03349 0.958934 1.08748 0.934135 0.781219 0.287653 1.57645 2.63485 -0.0190949 0.552933 -0.523612 -2.92804 3.06792 -2.37483 -2.87384 -0.215419 -1.47955 2.99414 0.568917 
0.907301 -2.34354 -1.40015 -2.33184 1.5683 0.91613 1.01523 0.894552 1.0667 -2.58884 2.46139 2.0247 0.95315 1.09021 0.933754 0.791692 0.274727 1.57052 2.61659 -0.0232437 0.556612 -0.52957 -2.93379 3.07334 -2.36439 -2.8761 -0.201987 -1.47647 3.00423 0.563946 
0.917222 -2.33391 -1.39154 -2.3118 1.58172 0.910913 1.0227 0.897448 1.07673 -2.56917 2.44289 2.03032 0.949716 1.08047 0.922993 0.801589 0.260549 1.56523 2.60488 -0.0320002 0.561317 -0.529789 -2.94792 3.07674 -2.35231 -2.87106 -0.198432 -1.47577 3.01423 0.558547 
0.932286 -2.312 -1.37582 -2.28604 1.59309 0.902245 1.03384 0.891213 1.07923 -2.53277 2.41536 2.03904 0.943031 1.05049 0.912587 0.810584 0.255424 1.55423 2.60123 -0.0317073 0.577356 -0.52812 -2.99271 3.08714 -2.36986 -2.89004 -0.16758 -1.48016 3.02354 0.552114 
0.94832 -2.28273 -1.35208 -2.23867 1.60268 0.898172 1.04639 0.873758 1.07563 -2.49315 2.35871 2.04542 0.930205 1.00118 0.878437 0.849024 0.252868 1.54987 2.60164 -0.0210026 0.601673 -0.530404 -3.05117 3.09929 -2.40603 -2.92098 -0.114118 -1.48878 3.04156 0.550861 
0.956632 -2.2681 -1.3356 -2.20871 1.60694 0.897414 1.04101 0.866743 1.08131 -2.47965 2.32561 2.04829 0.920533 0.975195 0.862893 0.868756 0.254716 1.55463 2.60303 -0.00748803 0.615078 -0.539747 -3.07932 3.09995 -2.41834 -2.93406 -0.107095 -1.49482 3.04843 0.550836 
0.953693 -2.2715 -1.33043 -2.19858 1.60314 0.904744 1.02921 0.873209 1.08529 -2.48663 2.31366 2.03784 0.920773 0.97714 0.861996 0.865295 0.25031 1.56506 2.59734 -0.00106177 0.626856 -0.552883 -3.06799 3.10044 -2.41509 -2.92158 -0.133797 -1.49876 3.04996 0.561141 
0.955206 -2.27813 -1.31426 -2.18239 1.60962 0.893496 1.01285 0.878709 1.08271 -2.49909 2.29527 2.02972 0.904981 0.973765 0.848679 0.864166 0.246058 1.58722 2.57047 0.000546933 0.619162 -0.567007 -3.05556 3.08305 -2.41244 -2.90766 -0.168202 -1.50494 3.05723 0.574561 
0.936599 -2.28482 -1.31778 -2.17195 1.61529 0.913267 0.985767 0.895115 1.05471 -2.50702 2.27711 2.01846 0.919339 0.957297 0.838801 0.846555 0.247579 1.59292 2.56351 0.000286589 0.641363 -0.576783 -3.03113 3.08026 -2.4244 -2.90179 -0.182635 -1.51614 3.06474 0.584233 
0.911076 -2.29701 -1.33722 -2.16364 1.627 0.94341 0.960455 0.92182 1.02133 -2.51886 2.26302 2.01089 0.941642 0.935786 0.827277 0.826158 0.244398 1.59607 2.55853 0.00129305 0.670088 -0.575791 -3.00423 3.07932 -2.44111 -2.89811 -0.18879 -1.53268 3.0718 0.589863 
0.889164 -2.31082 -1.36566 -2.15803 1.64015 0.95514 0.939855 0.945569 0.999916 -2.5267 2.25571 2.00077 0.966597 0.923025 0.81855 0.809451 0.238451 1.60761 2.53938 0.00154549 0.690273 -0.56589 -2.98257 3.07775 -2.45891 -2.90872 -0.196538 -1.54594 3.08683 0.59083 
0.853984 -2.31843 -1.37432 -2.14338 1.63979 0.929353 0.92947 0.96238 0.990344 -2.51612 2.25707 1.99533 0.955313 0.916115 0.810374 0.81504 0.246142 1.62054 2.53375 -0.00786548 0.691915 -0.557962 -2.96197 3.05666 -2.46181 -2.93656 -0.222423 -1.54862 3.09632 0.579961 
0.840334 -2.32017 -1.39012 -2.14207 1.64648 0.897937 0.943923 0.975327 1.00469 -2.48959 2.29971 1.97577 0.956724 0.910761 0.785981 0.813617 0.250899 1.63024 2.51695 -0.021383 0.71287 -0.555386 -2.9612 3.0473 -2.48182 -2.96246 -0.246141 -1.54007 3.12531 0.583746 
0.837917 -2.31736 -1.40934 -2.14345 1.63954 0.854312 0.956503 0.963882 1.02696 -2.46444 2.34904 1.9668 0.957925 0.911363 0.768794 0.810516 0.253551 1.63704 2.51258 -0.0306373 0.721018 -0.546143 -2.96422 3.03073 -2.49007 -2.96755 -0.26747 -1.52716 3.15799 0.568712 
0.824535 -2.33449 -1.43418 -2.15849 1.62237 0.810596 0.949024 0.937463 1.02599 -2.44906 2.39865 1.97076 0.969242 0.923968 0.779092 0.807899 0.245528 1.63868 2.49162 -0.0214271 0.721003 -0.531995 -2.95584 3.01468 -2.48827 -2.96433 -0.27668 -1.52457 3.17149 0.549069 
0.810975 -2.36312 -1.46345 -2.18278 1.60416 0.766919 0.940655 0.910421 1.01568 -2.42461 2.45783 1.98067 0.981325 0.933788 0.799718 0.809439 0.224887 1.64397 2.45791 -0.000889613 0.730541 -0.516522 -2.95287 2.99183 -2.48219 -2.96902 -0.279496 -1.52317 3.17636 0.569723 
0.797098 -2.37519 -1.48723 -2.20058 1.60168 0.743713 0.924557 0.883267 1.01523 -2.40429 2.48799 1.98351 0.993347 0.936561 0.801372 0.807165 0.209512 1.64557 2.44462 0.00343149 0.727598 -0.502369 -2.95807 2.98758 -2.47862 -2.95747 -0.2827 -1.51011 3.18389 0.579557 
0.773933 -2.38079 -1.51422 -2.21952 1.60862 0.736104 0.905469 0.866486 0.997449 -2.39868 2.49248 1.98087 1.01674 0.930577 0.800109 0.807083 0.202985 1.65665 2.42979 0.00355845 0.742967 -0.492191 -2.96409 2.98878 -2.48435 -2.93753 -0.27498 -1.50308 3.18601 0.576253 
0.747022 -2.36272 -1.53521 -2.22369 1.61895 0.762567 0.904839 0.850475 0.971478 -2.39452 2.50099 1.95517 1.04683 0.904331 0.777636 0.803797 0.225813 1.66905 2.42839 -0.00642484 0.791522 -0.495636 -2.9726 3.00016 -2.50905 -2.9354 -0.285149 -1.48739 3.18857 0.583937 
0.71847 -2.34172 -1.57172 -2.18105 1.63657 0.877894 0.867942 0.84724 0.922459 -2.42191 2.55553 1.90041 1.11654 0.830407 0.723477 0.762823 0.246869 1.67189 2.45659 -0.0412583 0.902605 -0.510005 -2.95357 3.01704 -2.57209 -2.93767 -0.317898 -1.4811 3.16562 0.637268 
0.682006 -2.35511 -1.64235 -2.11914 1.66998 1.08456 0.760314 0.868728 0.79361 -2.50704 2.57867 1.84428 1.2415 0.739455 0.676077 0.667751 0.230179 1.66949 2.49252 -0.0852628 1.03994 -0.500259 -2.90476 3.05227 -2.64089 -2.88753 -0.338687 -1.52407 3.08329 0.700336 
0.661449 -2.34763 -1.68151 -2.09849 1.68455 1.19137 0.69877 0.874769 0.660891 -2.5264 2.59539 1.80917 1.34331 0.686737 0.64976 0.641142 0.221462 1.67998 2.49389 -0.102072 1.12082 -0.495954 -2.89867 3.05876 -2.67045 -2.79178 -0.352558 -1.54013 3.03665 0.733153 
0.668576 -2.33062 -1.68237 -2.11123 1.68316 1.20901 0.696954 0.873132 0.576545 -2.48354 2.60462 1.80243 1.36911 0.664042 0.630161 0.670415 0.209612 1.7014 2.47413 -0.121141 1.13063 -0.498996 -2.93283 3.04774 -2.68293 -2.74172 -0.335216 -1.53307 3.06645 0.75578 
0.692615 -2.29547 -1.6471 -2.12679 1.66444 1.16158 0.73537 0.844248 0.506345 -2.44243 2.65389 1.79352 1.34425 0.661198 0.596823 0.705412 0.220624 1.72128 2.45255 -0.155345 1.11892 -0.512617 -2.95948 3.02857 -2.70373 -2.67862 -0.302853 -1.48727 3.11618 0.779003 
0.712825 -2.29585 -1.60354 -2.13519 1.6305 1.09272 0.726531 0.816806 0.425122 -2.4438 2.70533 1.76034 1.30944 0.629445 0.580266 0.712835 0.194321 1.7481 2.43476 -0.17719 1.0922 -0.537038 -2.97771 3.02113 -2.69056 -2.63257 -0.242805 -1.45167 3.17084 0.806966 
0.778613 -2.30053 -1.54085 -2.13707 1.61198 1.0341 0.710783 0.825949 0.295205 -2.49068 2.76522 1.743 1.24802 0.525424 0.575828 0.705003 0.18711 1.767 2.45359 -0.174161 1.06521 -0.566216 -3.01315 3.00345 -2.66449 -2.56295 -0.163996 -1.4262 3.21276 0.864819 
0.790915 -2.3239 -1.47495 -2.1279 1.56847 0.975264 0.681926 0.845246 0.20431 -2.54268 2.84437 1.71393 1.20238 0.453282 0.570563 0.679659 0.14396 1.79983 2.43659 -0.171117 1.02206 -0.584672 -3.02329 2.984 -2.62899 -2.52014 -0.108227 -1.40338 3.28315 0.932143 
0.782352 -2.33022 -1.43885 -2.08872 1.59609 0.89777 0.664186 0.848578 0.193497 -2.56229 2.97207 1.73443 1.206 0.473185 0.581792 0.645428 0.140106 1.81654 2.42457 -0.191608 0.947354 -0.580729 -3.01014 2.96831 -2.61865 -2.51337 -0.0715528 -1.38109 3.37349 1.00067 
0.753893 -2.30666 -1.40111 -2.07021 1.59001 0.869978 0.628001 0.839483 0.175352 -2.52707 3.07183 1.70451 1.20302 0.523412 0.626081 0.641981 0.123723 1.84032 2.4258 -0.227559 0.891076 -0.57222 -3.03227 2.95813 -2.61646 -2.51478 -0.0347258 -1.36884 3.40493 1.01374 
0.735959 -2.2543 -1.35692 -2.06772 1.59057 0.842643 0.622042 0.793575 0.209051 -2.47544 3.13769 1.67607 1.23289 0.53751 0.673397 0.656593 0.0961521 1.87301 2.38676 -0.244107 0.82445 -0.568282 -3.0442 2.92048 -2.60599 -2.51258 -0.0117942 -1.31539 3.41739 1.0163 
0.706977 -2.20609 -1.24643 -2.08966 1.6172 0.779962 0.640333 0.704888 0.282938 -2.36592 3.1555 1.65408 1.29069 0.493304 0.686917 0.654532 0.0309171 1.93271 2.28185 -0.25222 0.69752 -0.591957 -3.08445 2.8726 -2.57907 -2.52563 -0.0134604 -1.21511 3.44624 1.08308 
