Mean 0 Mean 1 Mean 2 Mean 3 Mean 4 Mean 5 Mean 6 Mean 7 Mean 8 Mean 9 Mean 10 Mean 11 Mean 12 Mean 13 Mean 14 Mean 15 Mean 16 Mean 17 Mean 18 Mean 19 Mean 20 Mean 21 Mean 22 Mean 23 Mean 24 Mean 25 Mean 26 Mean 27 Mean 28 Mean 29 
0.919389 -0.676571 -1.32062 -2.55395 2.2803 -2.76399 0.963579 1.13182 -2.15854 -2.21038 -1.05398 2.43743 1.15127 -2.51774 -1.60983 0.699346 2.3454 0.667144 -1.57994 -0.833069 2.38695 0.38812 2.67095 0.638661 -2.97546 -0.0278662 -2.2611 -0.471446 0.3485 -0.585539 
0.927202 -0.696612 -1.31745 -2.5473 2.29218 -2.75805 0.967547 1.1241 -2.16377 -2.22245 -1.0524 2.43557 1.14999 -2.50228 -1.60636 0.705929 2.34742 0.664609 -1.58171 -0.842154 2.38513 0.39879 2.67295 0.638718 -2.97899 -0.0384431 -2.26523 -0.474899 0.339976 -0.593863 
0.934028 -0.710427 -1.31444 -2.54211 2.30702 -2.74852 0.970965 1.11561 -2.16772 -2.22844 -1.05172 2.43125 1.14895 -2.49007 -1.60311 0.713224 2.35091 0.658138 -1.57851 -0.854028 2.38553 0.40179 2.67093 0.632854 -2.9844 -0.0467773 -2.27303 -0.480704 0.340518 -0.601371 
0.939954 -0.723759 -1.31418 -2.54224 2.32209 -2.74393 0.974782 1.10763 -2.17469 -2.23468 -1.05193 2.42653 1.14541 -2.47482 -1.60571 0.716299 2.34875 0.65515 -1.57734 -0.864005 2.38233 0.402558 2.66601 0.636973 -2.98714 -0.0584596 -2.27502 -0.484196 0.338595 -0.609063 
0.928964 -0.711376 -1.32111 -2.54551 2.31551 -2.73805 0.970927 1.09761 -2.17482 -2.22731 -1.04038 2.40655 1.14832 -2.4615 -1.60998 0.718571 2.35032 0.657162 -1.58154 -0.843407 2.37484 0.39684 2.66613 0.638048 -2.99934 -0.0601735 -2.28635 -0.497546 0.348508 -0.593853 
0.930245 -0.716355 -1.32322 -2.55092 2.32462 -2.73495 0.97081 1.08545 -2.17012 -2.22577 -1.02205 2.39298 1.14502 -2.44483 -1.60204 0.724333 2.34386 0.662478 -1.57489 -0.856961 2.38184 0.411058 2.66881 0.628769 -2.99283 -0.0730567 -2.29271 -0.497912 0.345229 -0.602225 
0.928865 -0.717418 -1.32835 -2.55875 2.32724 -2.72681 0.965904 1.08404 -2.16735 -2.22055 -1.00383 2.37643 1.13769 -2.43998 -1.60157 0.733384 2.33663 0.663209 -1.57581 -0.872031 2.38211 0.424272 2.66482 0.626733 -2.98685 -0.0809991 -2.2948 -0.495907 0.35172 -0.606923 
0.925757 -0.714943 -1.33399 -2.57048 2.3286 -2.72318 0.962231 1.08384 -2.17105 -2.21558 -0.986448 2.36924 1.12873 -2.43773 -1.60306 0.735202 2.32358 0.663526 -1.57839 -0.881699 2.38253 0.429295 2.66171 0.630992 -2.98438 -0.0802851 -2.29876 -0.497446 0.363343 -0.609286 
0.921948 -0.705059 -1.3455 -2.58182 2.33054 -2.71695 0.949215 1.08453 -2.1756 -2.2027 -0.967337 2.35013 1.12024 -2.44387 -1.60944 0.74517 2.30819 0.65826 -1.58799 -0.897355 2.37988 0.434605 2.65903 0.641272 -2.97756 -0.0723868 -2.29916 -0.502465 0.382531 -0.617727 
0.915443 -0.710866 -1.34333 -2.58599 2.32672 -2.71669 0.914375 1.08385 -2.19164 -2.20899 -0.943174 2.33743 1.10973 -2.44157 -1.61397 0.746258 2.30449 0.669398 -1.59389 -0.896221 2.37551 0.424396 2.64621 0.630377 -2.95028 -0.0760629 -2.28553 -0.492321 0.415964 -0.622194 
0.921675 -0.7044 -1.34392 -2.58643 2.32751 -2.72044 0.906914 1.08506 -2.17956 -2.20744 -0.931451 2.34606 1.1046 -2.44173 -1.61409 0.745311 2.30417 0.669063 -1.57465 -0.889788 2.3729 0.424493 2.64095 0.620063 -2.92778 -0.0715176 -2.29833 -0.492627 0.425974 -0.639877 
0.918786 -0.70257 -1.34024 -2.56698 2.34039 -2.73826 0.895854 1.08251 -2.16299 -2.21158 -0.916567 2.35736 1.10386 -2.44541 -1.6197 0.737154 2.28788 0.67137 -1.55692 -0.881507 2.36889 0.435953 2.64978 0.599661 -2.89634 -0.0606151 -2.31393 -0.495221 0.438855 -0.660309 
0.913555 -0.709065 -1.32827 -2.55753 2.33565 -2.74639 0.887808 1.08402 -2.17739 -2.20504 -0.905696 2.36474 1.09413 -2.44138 -1.62992 0.734588 2.29442 0.676304 -1.55708 -0.883654 2.37234 0.440654 2.66383 0.584697 -2.8923 -0.0778305 -2.33164 -0.506208 0.449805 -0.665356 
0.913383 -0.712313 -1.31349 -2.55646 2.32715 -2.74315 0.884941 1.09115 -2.18301 -2.19859 -0.904839 2.36143 1.07851 -2.43924 -1.63673 0.731004 2.30816 0.680593 -1.5572 -0.878765 2.36633 0.441185 2.66618 0.569615 -2.88142 -0.0788788 -2.34476 -0.521137 0.458349 -0.666733 
0.923713 -0.714482 -1.29259 -2.5565 2.32064 -2.74519 0.886766 1.09133 -2.18152 -2.17797 -0.905809 2.36482 1.08235 -2.43189 -1.64537 0.729789 2.30525 0.687165 -1.56973 -0.879915 2.34973 0.434118 2.6591 0.559031 -2.86853 -0.0630693 -2.36151 -0.523908 0.467448 -0.671856 
0.928667 -0.72439 -1.26327 -2.56027 2.34676 -2.73823 0.892935 1.09894 -2.17327 -2.16876 -0.89681 2.36022 1.07003 -2.43794 -1.66347 0.76515 2.28689 0.712875 -1.55264 -0.880451 2.34735 0.430878 2.62253 0.557353 -2.86328 -0.0358669 -2.34601 -0.516393 0.481319 -0.684113 
0.925549 -0.732032 -1.2307 -2.56536 2.34733 -2.74003 0.891831 1.09845 -2.17405 -2.15518 -0.885386 2.36403 1.07376 -2.4256 -1.67163 0.767636 2.26833 0.724075 -1.541 -0.881823 2.34001 0.438338 2.61364 0.552073 -2.86443 -0.0230813 -2.35035 -0.523327 0.496143 -0.672741 
0.919233 -0.762761 -1.20235 -2.55422 2.37533 -2.74387 0.890848 1.09525 -2.16187 -2.15425 -0.888922 2.36685 1.06447 -2.42905 -1.68279 0.817615 2.23883 0.764622 -1.5186 -0.878484 2.35331 0.439904 2.57422 0.540102 -2.8469 0.00282695 -2.33971 -0.511362 0.502871 -0.68424 
0.914758 -0.77967 -1.19022 -2.52388 2.3803 -2.76228 0.891135 1.0832 -2.1657 -2.13154 -0.892062 2.35427 1.05761 -2.43728 -1.69359 0.842154 2.21244 0.786311 -1.50289 -0.881927 2.36354 0.435055 2.55904 0.545136 -2.84268 0.0123608 -2.34287 -0.501831 0.514647 -0.680798 
0.901446 -0.787449 -1.20706 -2.48929 2.3548 -2.78077 0.88699 1.03975 -2.16776 -2.09934 -0.888161 2.32442 1.05915 -2.43905 -1.69275 0.840552 2.18738 0.805062 -1.49307 -0.854213 2.37368 0.41007 2.5471 0.549295 -2.82243 0.035047 -2.3501 -0.484593 0.539347 -0.658139 
0.898113 -0.806336 -1.21929 -2.47049 2.34355 -2.83756 0.882304 1.04091 -2.15865 -2.08065 -0.872758 2.33051 1.07813 -2.45309 -1.69311 0.847733 2.16055 0.805949 -1.51209 -0.84956 2.38096 0.423206 2.55318 0.535771 -2.79998 0.0479666 -2.36095 -0.48979 0.554387 -0.67327 
0.898169 -0.818739 -1.23283 -2.46111 2.35207 -2.87755 0.875777 1.03356 -2.14226 -2.06882 -0.855778 2.34036 1.09407 -2.45845 -1.69406 0.854629 2.14402 0.815628 -1.52377 -0.854426 2.38162 0.432374 2.54488 0.520161 -2.76771 0.0755492 -2.37605 -0.484756 0.564092 -0.694881 
0.861405 -0.843658 -1.25958 -2.48883 2.33051 -2.9079 0.87902 1.04916 -2.16548 -2.07157 -0.843022 2.35897 1.10086 -2.46616 -1.67769 0.866478 2.11084 0.815002 -1.55986 -0.924425 2.4 0.422456 2.56776 0.519444 -2.78505 0.106535 -2.39014 -0.483479 0.610475 -0.697372 
0.825869 -0.85243 -1.28104 -2.52436 2.31462 -2.92617 0.887324 1.05249 -2.18287 -2.07157 -0.831376 2.38035 1.11322 -2.46808 -1.67138 0.885064 2.08714 0.812243 -1.57415 -0.988511 2.42455 0.416707 2.58503 0.526883 -2.80744 0.137792 -2.39885 -0.476714 0.645433 -0.69109 
0.816129 -0.836417 -1.2792 -2.5238 2.31814 -2.93899 0.889648 1.033 -2.1876 -2.04725 -0.827599 2.40631 1.11921 -2.49426 -1.69773 0.914199 2.09478 0.812568 -1.5478 -1.01761 2.45549 0.438671 2.58955 0.524817 -2.82682 0.122693 -2.39616 -0.476007 0.651741 -0.662741 
0.812157 -0.805275 -1.27426 -2.51582 2.32402 -2.9286 0.893635 1.00894 -2.18792 -2.03633 -0.825736 2.42542 1.11896 -2.51477 -1.72389 0.927373 2.11647 0.808586 -1.50958 -1.02458 2.47149 0.454629 2.59161 0.521527 -2.84127 0.118032 -2.40065 -0.469845 0.638001 -0.659624 
0.81295 -0.762402 -1.26124 -2.51287 2.32656 -2.907 0.896586 0.971711 -2.16196 -2.04742 -0.813992 2.44575 1.14345 -2.51489 -1.73852 0.940558 2.13729 0.826594 -1.44785 -1.02012 2.50546 0.458924 2.60873 0.503523 -2.8419 0.139592 -2.41919 -0.466987 0.616417 -0.651214 
0.815588 -0.73074 -1.25141 -2.51077 2.32897 -2.88172 0.898717 0.944345 -2.1429 -2.05994 -0.803339 2.47293 1.17315 -2.49323 -1.753 0.947807 2.15201 0.842269 -1.38188 -1.02566 2.54472 0.466354 2.62459 0.485625 -2.85439 0.150503 -2.44064 -0.478131 0.58852 -0.632019 
0.825112 -0.720471 -1.25606 -2.51676 2.35324 -2.86968 0.8911 0.947017 -2.12107 -2.06243 -0.797033 2.48796 1.19853 -2.47573 -1.75991 0.964477 2.15026 0.861864 -1.33133 -1.02561 2.58247 0.467785 2.63234 0.486939 -2.85844 0.147109 -2.4496 -0.499511 0.56442 -0.600885 
0.830436 -0.69025 -1.25427 -2.51618 2.37033 -2.84889 0.898713 0.947729 -2.1137 -2.07497 -0.794501 2.5131 1.20984 -2.44761 -1.76565 0.969773 2.15693 0.856811 -1.28031 -1.03395 2.61942 0.469072 2.63586 0.481411 -2.87538 0.138041 -2.46703 -0.512625 0.54544 -0.576055 
0.836702 -0.664685 -1.28819 -2.5153 2.39444 -2.8556 0.902504 0.956516 -2.12869 -2.06856 -0.778515 2.53309 1.21598 -2.42154 -1.7616 0.987414 2.1464 0.840261 -1.27631 -1.0576 2.65233 0.476578 2.62952 0.464183 -2.87206 0.100152 -2.45939 -0.512455 0.547939 -0.552619 
0.863671 -0.640288 -1.31873 -2.5186 2.41727 -2.87377 0.898532 0.941803 -2.16531 -2.07369 -0.754985 2.55983 1.20827 -2.40635 -1.74863 1.01635 2.13157 0.823777 -1.32416 -1.08546 2.65958 0.49072 2.62907 0.431796 -2.86784 0.0320251 -2.41208 -0.492656 0.548083 -0.542991 
0.90811 -0.582023 -1.35962 -2.4954 2.42563 -2.89009 0.905832 0.894753 -2.24142 -2.07907 -0.725316 2.60083 1.17202 -2.36987 -1.74746 1.05672 2.10489 0.793641 -1.35671 -1.1348 2.65443 0.527371 2.62349 0.379966 -2.85467 -0.0725464 -2.34468 -0.43028 0.570954 -0.546273 
0.919775 -0.528413 -1.39513 -2.45285 2.42198 -2.89379 0.906077 0.861318 -2.34654 -2.08076 -0.691309 2.62955 1.14506 -2.34348 -1.74367 1.10318 2.06985 0.772336 -1.37969 -1.17393 2.64561 0.568822 2.61782 0.319332 -2.83887 -0.157959 -2.27741 -0.380934 0.576561 -0.561983 
0.928912 -0.491262 -1.44183 -2.397 2.42288 -2.90934 0.889095 0.847022 -2.43116 -2.07787 -0.633916 2.62871 1.14571 -2.33081 -1.75473 1.14472 2.02543 0.747398 -1.40559 -1.19817 2.65777 0.598488 2.60194 0.28264 -2.83986 -0.213712 -2.23046 -0.35165 0.565742 -0.55673 
0.902807 -0.486299 -1.47334 -2.34361 2.42227 -2.91713 0.847398 0.860243 -2.50925 -2.07321 -0.601465 2.57694 1.15654 -2.33511 -1.76053 1.16421 2.01517 0.748689 -1.43379 -1.18782 2.65999 0.62937 2.60262 0.263058 -2.89148 -0.210004 -2.25242 -0.351285 0.508818 -0.570517 
0.88794 -0.49914 -1.51154 -2.2751 2.42317 -2.97024 0.779838 0.883153 -2.60506 -2.07864 -0.57269 2.52284 1.21393 -2.34804 -1.75925 1.14338 1.99616 0.747771 -1.462 -1.19773 2.6827 0.654884 2.60883 0.263484 -2.98518 -0.155418 -2.25848 -0.369529 0.445977 -0.554841 
0.867398 -0.488225 -1.55107 -2.18334 2.43367 -3.00667 0.713459 0.922638 -2.70341 -2.07313 -0.560738 2.4708 1.26579 -2.35519 -1.76817 1.13394 1.97695 0.744639 -1.5061 -1.21911 2.70869 0.681592 2.61452 0.2829 -3.10449 -0.102703 -2.24214 -0.391594 0.378512 -0.528276 
0.855001 -0.485376 -1.60033 -2.09703 2.44407 -3.03425 0.641613 0.954206 -2.80974 -2.07352 -0.557567 2.42508 1.31566 -2.3653 -1.78547 1.11731 1.95923 0.741389 -1.55174 -1.24686 2.7421 0.711506 2.61515 0.300688 -3.22404 -0.0538888 -2.21296 -0.412372 0.317936 -0.499583 
0.846085 -0.48645 -1.61582 -2.02665 2.44706 -3.02842 0.596277 0.97129 -2.89654 -2.06142 -0.542843 2.39373 1.36105 -2.35503 -1.71681 1.11933 1.93963 0.736058 -1.58262 -1.27175 2.75856 0.740477 2.6123 0.316585 -3.32435 -0.0315268 -2.17658 -0.412274 0.274646 -0.476894 
