Mean 0 Mean 1 Mean 2 Mean 3 Mean 4 Mean 5 Mean 6 Mean 7 Mean 8 Mean 9 Mean 10 Mean 11 Mean 12 Mean 13 Mean 14 Mean 15 Mean 16 Mean 17 Mean 18 Mean 19 Mean 20 Mean 21 Mean 22 Mean 23 Mean 24 Mean 25 Mean 26 Mean 27 Mean 28 Mean 29 
0.872811 -2.1097 -1.29525 -2.46123 2.26367 -1.12196 0.821888 0.941187 0.625395 -1.54405 -0.868531 2.17955 -2.46189 -1.49313 0.938841 0.582774 -2.72385 -0.466188 2.52969 0.484694 2.30268 0.536698 0.320321 -1.86429 2.01225 2.52635 -2.82842 -0.419693 2.36555 0.402579 
0.871663 -2.10846 -1.30264 -2.46441 2.27803 -1.11811 0.827887 0.954167 0.632439 -1.55605 -0.870885 2.17301 -2.4634 -1.49251 0.942085 0.586983 -2.72074 -0.467115 2.69154 0.487087 2.30663 0.530244 0.303678 -1.86261 2.0161 2.52736 -2.83292 -0.420867 2.37318 0.416859 
0.879152 -2.12468 -1.29708 -2.46143 2.28112 -1.09468 0.832813 0.952474 0.625421 -1.57695 -0.858034 2.17631 -2.46499 -1.46652 0.937927 0.584504 -2.72827 -0.47591 2.74243 0.476581 2.30087 0.545317 0.312018 -1.851 2.0066 2.51512 -2.8232 -0.42157 2.38776 0.410687 
0.877606 -2.12407 -1.28408 -2.46664 2.26291 -1.0968 0.833208 0.934681 0.596984 -1.57422 -0.849282 2.15457 -2.45864 -1.45844 0.937791 0.576845 -2.75549 -0.471673 2.7879 0.482299 2.31398 0.552863 0.343312 -1.83418 2.00895 2.51056 -2.82496 -0.43062 2.39026 0.408334 
0.871949 -2.12127 -1.28003 -2.47573 2.25454 -1.09645 0.830908 0.918782 0.580588 -1.57848 -0.836792 2.14856 -2.45652 -1.45052 0.945785 0.571095 -2.77323 -0.466238 2.81714 0.473311 2.32529 0.569573 0.372927 -1.8346 2.01135 2.507 -2.82665 -0.435906 2.38338 0.395645 
0.871683 -2.11371 -1.27552 -2.47776 2.25197 -1.07591 0.831627 0.908545 0.575802 -1.58841 -0.820655 2.15684 -2.44847 -1.45595 0.965836 0.563756 -2.78161 -0.467178 2.8388 0.448241 2.32526 0.597006 0.381017 -1.83345 2.01527 2.49652 -2.82784 -0.445866 2.37019 0.366926 
0.863667 -2.11018 -1.27046 -2.47808 2.24997 -1.06457 0.826042 0.904309 0.568651 -1.59433 -0.800639 2.14261 -2.45259 -1.45297 0.973664 0.57641 -2.77622 -0.463918 2.85204 0.441438 2.32847 0.60854 0.383099 -1.84634 2.01386 2.46935 -2.84279 -0.447674 2.36545 0.361859 
0.857808 -2.109 -1.26131 -2.48328 2.23288 -1.05088 0.817872 0.902024 0.551836 -1.59709 -0.77872 2.13023 -2.45301 -1.44483 0.970425 0.572446 -2.77777 -0.456382 2.86393 0.438066 2.3185 0.604895 0.379171 -1.84118 2.01904 2.45172 -2.84685 -0.446239 2.37529 0.367392 
0.855284 -2.10964 -1.24655 -2.48847 2.20722 -1.04786 0.771209 0.898442 0.510436 -1.59825 -0.751802 2.11516 -2.45574 -1.44562 0.958658 0.574161 -2.7866 -0.45528 2.86376 0.427161 2.30288 0.598394 0.364967 -1.8363 2.03654 2.43099 -2.82938 -0.444198 2.40663 0.370271 
0.86454 -2.11347 -1.22605 -2.49036 2.18843 -1.0409 0.78096 0.898924 0.488346 -1.58844 -0.745527 2.11749 -2.44846 -1.43902 0.947632 0.581119 -2.80529 -0.464817 2.86312 0.427876 2.29577 0.596119 0.360307 -1.7991 2.02744 2.41645 -2.83884 -0.462026 2.41847 0.370305 
0.874399 -2.10155 -1.2165 -2.48591 2.18048 -1.04448 0.774596 0.899277 0.472649 -1.58155 -0.735604 2.12075 -2.43877 -1.45496 0.930032 0.562288 -2.83711 -0.474069 2.85753 0.433188 2.26676 0.618745 0.364706 -1.77249 2.0428 2.4233 -2.84914 -0.479601 2.4373 0.328105 
0.875153 -2.1004 -1.21291 -2.45918 2.19719 -1.07675 0.742165 0.918244 0.480089 -1.55043 -0.704588 2.10791 -2.41596 -1.47656 0.89699 0.524749 -2.8812 -0.471565 2.84741 0.459613 2.24709 0.637837 0.352711 -1.75092 2.06928 2.43127 -2.85695 -0.501765 2.49037 0.291478 
0.856177 -2.10657 -1.21184 -2.45456 2.19418 -1.08234 0.719748 0.93166 0.467065 -1.53074 -0.706058 2.10269 -2.4086 -1.48946 0.877485 0.514048 -2.90117 -0.474262 2.84236 0.483992 2.24363 0.62322 0.360246 -1.73356 2.06587 2.44986 -2.86834 -0.503268 2.51918 0.282136 
0.830274 -2.11422 -1.21492 -2.4603 2.17742 -1.08621 0.699186 0.933805 0.45074 -1.51989 -0.71973 2.09371 -2.4094 -1.49301 0.863923 0.519451 -2.9155 -0.473937 2.83281 0.517885 2.24758 0.596358 0.371834 -1.71595 2.0573 2.47279 -2.88343 -0.49861 2.54284 0.283568 
0.818323 -2.11452 -1.21534 -2.46978 2.1544 -1.09267 0.697146 0.919216 0.427302 -1.52452 -0.737633 2.07998 -2.42243 -1.49011 0.859955 0.531052 -2.90398 -0.474301 2.82563 0.531952 2.24846 0.569463 0.378182 -1.70636 2.04305 2.49101 -2.90051 -0.493482 2.54924 0.29996 
0.798308 -2.11428 -1.20919 -2.47074 2.1424 -1.08983 0.704643 0.910737 0.419365 -1.52276 -0.748297 2.07346 -2.42769 -1.48272 0.855571 0.537473 -2.89107 -0.466345 2.81947 0.535058 2.25511 0.5549 0.385623 -1.70631 2.02733 2.48833 -2.91096 -0.487859 2.55526 0.306072 
0.777207 -2.12884 -1.1725 -2.47835 2.16953 -1.09869 0.710654 0.923301 0.403406 -1.52235 -0.74602 2.07873 -2.44946 -1.47747 0.835013 0.568197 -2.89174 -0.467875 2.83654 0.520539 2.2667 0.568601 0.385395 -1.70666 2.00413 2.48112 -2.92147 -0.489259 2.55772 0.307484 
0.768478 -2.14497 -1.14796 -2.47211 2.18532 -1.10505 0.722233 0.943631 0.398087 -1.52154 -0.747442 2.07797 -2.4734 -1.4891 0.826667 0.595593 -2.89463 -0.463655 2.83196 0.522043 2.28139 0.556762 0.379977 -1.70937 1.98828 2.47279 -2.93304 -0.495657 2.56158 0.312459 
0.755219 -2.14957 -1.14794 -2.45391 2.17794 -1.1188 0.730134 0.955757 0.403948 -1.52287 -0.763209 2.07056 -2.48608 -1.5 0.82999 0.610019 -2.89404 -0.454638 2.80122 0.533783 2.29378 0.530711 0.37747 -1.71619 1.99485 2.47301 -2.94885 -0.495068 2.57496 0.321467 
0.753986 -2.15852 -1.14384 -2.4382 2.16704 -1.13849 0.737469 0.960399 0.415872 -1.51812 -0.768789 2.06074 -2.49788 -1.50698 0.831355 0.604595 -2.90445 -0.449105 2.77234 0.556617 2.28801 0.514817 0.363021 -1.72251 2.01251 2.48333 -2.96375 -0.510898 2.58778 0.321581 
0.748651 -2.1572 -1.16849 -2.42197 2.18705 -1.17904 0.746914 0.962399 0.411381 -1.50786 -0.773433 2.02411 -2.51253 -1.528 0.835769 0.604749 -2.89728 -0.416485 2.74099 0.598903 2.29396 0.506034 0.346842 -1.751 2.04004 2.51298 -2.9917 -0.520855 2.60073 0.297629 
0.750376 -2.15526 -1.16797 -2.41316 2.20977 -1.20413 0.738989 0.955233 0.422535 -1.49797 -0.759451 2.01154 -2.51079 -1.54003 0.835137 0.600317 -2.8928 -0.40514 2.73184 0.622586 2.29564 0.509691 0.339682 -1.77213 2.05383 2.51581 -3.00453 -0.524272 2.6124 0.28772 
0.760742 -2.13995 -1.15994 -2.41617 2.24424 -1.21264 0.730452 0.940193 0.420598 -1.49136 -0.766925 1.99935 -2.52718 -1.54 0.827594 0.588571 -2.88165 -0.391334 2.72806 0.643126 2.29295 0.516226 0.324926 -1.77761 2.04257 2.50383 -3.01399 -0.524729 2.6079 0.297384 
0.768225 -2.12624 -1.14121 -2.42493 2.2806 -1.23034 0.718606 0.925645 0.419329 -1.47256 -0.765565 2.00041 -2.55289 -1.54764 0.804096 0.578357 -2.88224 -0.389753 2.72415 0.639189 2.28119 0.538085 0.308222 -1.78679 2.02236 2.4766 -3.00756 -0.513693 2.60336 0.319103 
0.773311 -2.12019 -1.12215 -2.43285 2.32291 -1.2695 0.703304 0.916795 0.417784 -1.45239 -0.750297 1.98477 -2.57082 -1.54878 0.792037 0.576787 -2.89082 -0.376655 2.692 0.651024 2.2572 0.558177 0.294645 -1.79281 1.99836 2.45029 -2.97698 -0.491836 2.6022 0.348824 
0.75995 -2.10687 -1.10811 -2.42589 2.3476 -1.30003 0.671719 0.907144 0.416389 -1.44601 -0.71038 1.99012 -2.56849 -1.56559 0.78816 0.589055 -2.893 -0.356473 2.68801 0.673588 2.26723 0.583833 0.308985 -1.80938 1.98083 2.42215 -2.93881 -0.483271 2.6182 0.375085 
0.758679 -2.1126 -1.10237 -2.43212 2.35484 -1.32826 0.675847 0.900397 0.403493 -1.43397 -0.650418 2.00526 -2.57072 -1.58555 0.793703 0.595094 -2.89534 -0.343288 2.66687 0.685757 2.28558 0.591309 0.318003 -1.82966 1.96759 2.39438 -2.93264 -0.468491 2.61975 0.405568 
0.734327 -2.10608 -1.11166 -2.42612 2.35148 -1.33748 0.70219 0.890107 0.402917 -1.4139 -0.585877 2.01296 -2.55324 -1.60927 0.780878 0.601375 -2.88203 -0.348159 2.63659 0.655752 2.32778 0.592439 0.340071 -1.84798 1.94927 2.37718 -2.9517 -0.451682 2.6245 0.42408 
0.723357 -2.07186 -1.12202 -2.42621 2.3414 -1.33308 0.740786 0.873705 0.438163 -1.39411 -0.521151 2.01441 -2.52608 -1.64219 0.754893 0.619221 -2.85861 -0.350236 2.60121 0.620019 2.38966 0.571406 0.36133 -1.85707 1.92556 2.3192 -2.99122 -0.431132 2.62452 0.456117 
0.726588 -2.02841 -1.12214 -2.41101 2.32855 -1.34158 0.776339 0.843025 0.493834 -1.36098 -0.423126 2.00141 -2.49062 -1.68873 0.70295 0.651156 -2.8171 -0.346325 2.57107 0.576328 2.45879 0.550174 0.378961 -1.87866 1.90532 2.26071 -3.04619 -0.397868 2.644 0.50414 
0.737231 -2.00605 -1.12263 -2.40173 2.3219 -1.33583 0.776492 0.827878 0.508495 -1.35583 -0.346864 2.0136 -2.43219 -1.69953 0.682616 0.644889 -2.81992 -0.340701 2.53724 0.546794 2.4916 0.559206 0.414102 -1.88048 1.90329 2.2636 -3.08367 -0.401167 2.62008 0.519827 
0.736747 -1.99229 -1.12967 -2.39583 2.31468 -1.34405 0.761617 0.826572 0.525074 -1.35304 -0.280007 2.00007 -2.37251 -1.70204 0.652989 0.620298 -2.8242 -0.325836 2.5083 0.515232 2.52064 0.547499 0.448483 -1.8768 1.90601 2.27173 -3.10198 -0.406977 2.60536 0.539298 
0.739581 -1.98111 -1.15105 -2.41766 2.29805 -1.33801 0.75758 0.840065 0.521018 -1.36197 -0.262527 1.99326 -2.33284 -1.66498 0.655241 0.574527 -2.83824 -0.313657 2.45806 0.464345 2.51537 0.528094 0.464715 -1.88384 1.87211 2.29855 -3.1054 -0.41883 2.62026 0.553905 
0.72982 -1.96878 -1.14613 -2.43438 2.28796 -1.35042 0.76743 0.837352 0.497426 -1.36459 -0.265986 1.97486 -2.27469 -1.62742 0.638968 0.531597 -2.85977 -0.308016 2.42592 0.420066 2.50304 0.509109 0.46108 -1.89208 1.84128 2.38285 -3.10321 -0.421301 2.61451 0.557531 
0.724276 -1.95401 -1.12644 -2.44657 2.27354 -1.35715 0.7809 0.833343 0.483171 -1.3482 -0.255128 1.93528 -2.21165 -1.60123 0.620941 0.509924 -2.87887 -0.297011 2.3924 0.37464 2.47166 0.486204 0.461795 -1.89868 1.82181 2.47535 -3.09316 -0.400711 2.60986 0.568712 
0.741315 -1.93181 -1.0688 -2.43445 2.24873 -1.36956 0.826613 0.818231 0.488102 -1.32332 -0.244863 1.89718 -2.15835 -1.62048 0.573322 0.554773 -2.87321 -0.273227 2.36761 0.31582 2.44115 0.465711 0.444999 -1.92943 1.75283 2.59109 -3.10941 -0.364707 2.61053 0.608681 
0.759255 -1.88661 -1.04289 -2.42449 2.22607 -1.37542 0.867044 0.779302 0.511507 -1.25521 -0.189196 1.83876 -2.11352 -1.64963 0.511934 0.623579 -2.85705 -0.269243 2.35248 0.275065 2.45764 0.445174 0.4427 -1.9724 1.68618 2.68226 -3.09555 -0.318827 2.60699 0.65102 
0.775331 -1.85699 -1.00448 -2.42096 2.20066 -1.37542 0.872875 0.748907 0.510718 -1.2045 -0.146839 1.80884 -2.05864 -1.7011 0.465825 0.694719 -2.85676 -0.259652 2.32608 0.242285 2.49493 0.43185 0.457186 -1.99415 1.63863 2.72897 -3.06658 -0.294558 2.59972 0.678172 
0.778269 -1.82043 -0.999447 -2.41971 2.1885 -1.36409 0.863898 0.744237 0.501906 -1.1854 -0.120058 1.79934 -2.00329 -1.75911 0.455965 0.752586 -2.85269 -0.24074 2.32005 0.226511 2.51697 0.439193 0.49762 -1.99803 1.61745 2.76029 -3.06511 -0.295234 2.5819 0.713394 
0.80573 -1.80107 -1.01353 -2.41886 2.18847 -1.34042 0.836805 0.751831 0.502821 -1.18819 -0.132777 1.80815 -1.91976 -1.78398 0.469204 0.792858 -2.85497 -0.224323 2.30927 0.237873 2.54323 0.464445 0.529336 -1.99846 1.6091 2.75457 -3.0795 -0.305819 2.54807 0.741961 
