Mean 0 Mean 1 Mean 2 Mean 3 Mean 4 Mean 5 Mean 6 Mean 7 Mean 8 Mean 9 Mean 10 Mean 11 Mean 12 Mean 13 Mean 14 Mean 15 Mean 16 Mean 17 Mean 18 Mean 19 Mean 20 Mean 21 Mean 22 Mean 23 Mean 24 Mean 25 Mean 26 Mean 27 Mean 28 Mean 29 
-2.02611 -1.46872 -1.42483 1.15163 1.73448 1.06023 -2.61123 0.973654 1.00737 1.15219 -1.10679 2.33576 0.842735 -1.36482 -1.62377 -0.343234 2.94729 -2.95672 2.85126 0.965679 0.617458 2.42007 -2.97774 0.685015 -0.376656 0.532398 -2.07428 0.812046 2.49039 0.218457 
-2.02752 -1.4718 -1.42583 1.15128 1.73264 1.05871 -2.60818 0.971206 1.00708 1.15029 -1.10808 2.33445 0.844742 -1.36069 -1.62136 -0.341281 2.94785 -2.95585 2.8543 0.965325 0.61545 2.42174 -2.97798 0.682618 -1.82499 0.532675 -2.07321 0.810808 2.49269 0.218926 
-2.02914 -1.47366 -1.42647 1.14737 1.7294 1.05972 -2.60683 0.970966 1.0035 1.15013 -1.10589 2.33334 0.847194 -1.35658 -1.61987 -0.340087 2.94857 -2.95735 2.85563 0.963562 0.611375 2.42022 -2.98053 0.68174 -2.30546 0.532606 -2.07222 0.811869 2.49642 0.217984 
-2.02946 -1.47726 -1.4264 1.14265 1.72755 1.06115 -2.60814 0.97063 0.997657 1.15447 -1.10334 2.33333 0.851588 -1.34974 -1.61885 -0.337939 2.9481 -2.95756 2.85477 0.960916 0.608042 2.41621 -2.98249 0.681004 -2.5462 0.531823 -2.07311 0.814137 2.50054 0.216424 
-2.03124 -1.4774 -1.4248 1.13648 1.72362 1.06216 -2.6093 0.969926 0.990803 1.15812 -1.0979 2.33088 0.855303 -1.34139 -1.61882 -0.337306 2.94566 -2.95735 2.85333 0.957573 0.603247 2.41007 -2.98374 0.682862 -2.68849 0.530529 -2.0761 0.814317 2.50792 0.216994 
-2.03073 -1.47674 -1.42216 1.12912 1.72094 1.0619 -2.60949 0.969331 0.986379 1.16156 -1.09115 2.32641 0.857765 -1.33409 -1.62093 -0.33656 2.94323 -2.95602 2.8526 0.954834 0.599483 2.40201 -2.98602 0.685516 -2.78117 0.529538 -2.08083 0.812088 2.51511 0.217155 
-2.03117 -1.47482 -1.41729 1.12147 1.71891 1.06245 -2.61023 0.968164 0.980723 1.16708 -1.0815 2.3204 0.857521 -1.32967 -1.6243 -0.335088 2.94063 -2.956 2.85173 0.952306 0.598018 2.39571 -2.98767 0.685923 -2.8471 0.525359 -2.08628 0.810999 2.52275 0.21689 
-2.03087 -1.47446 -1.41266 1.11387 1.71762 1.06342 -2.61091 0.965734 0.975443 1.17226 -1.07352 2.3149 0.856074 -1.32613 -1.62896 -0.330105 2.93698 -2.95521 2.85043 0.951738 0.597731 2.38845 -2.98895 0.686502 -2.89664 0.521482 -2.08895 0.80849 2.5297 0.215426 
-2.03057 -1.47248 -1.40727 1.10555 1.71684 1.06471 -2.61115 0.962984 0.968543 1.17902 -1.06607 2.31015 0.855708 -1.3224 -1.63419 -0.326083 2.93272 -2.95354 2.84745 0.95255 0.599073 2.3814 -2.98901 0.68622 -2.93402 0.516547 -2.09116 0.806236 2.53749 0.214479 
-2.0331 -1.47164 -1.40315 1.09736 1.71621 1.067 -2.61083 0.962116 0.960502 1.18801 -1.05912 2.30314 0.857321 -1.31918 -1.64382 -0.320971 2.9287 -2.95296 2.84054 0.953978 0.602634 2.37696 -2.98811 0.686639 -2.96467 0.509247 -2.09296 0.803842 2.54961 0.212145 
-2.03737 -1.47319 -1.39966 1.09093 1.71589 1.06947 -2.61066 0.961121 0.951479 1.19811 -1.0558 2.29923 0.858876 -1.31784 -1.65409 -0.315222 2.92227 -2.95056 2.83149 0.956839 0.605191 2.37428 -2.98533 0.686969 -2.98865 0.501695 -2.09542 0.801444 2.56356 0.209233 
-2.04084 -1.47431 -1.39592 1.0888 1.71559 1.07122 -2.61031 0.959755 0.944559 1.20584 -1.05022 2.29457 0.860756 -1.31709 -1.66622 -0.309733 2.91657 -2.9492 2.82607 0.958973 0.607373 2.37385 -2.98485 0.685961 -3.00662 0.496795 -2.09648 0.80005 2.57859 0.205224 
-2.04356 -1.47657 -1.39139 1.08844 1.71323 1.07116 -2.61153 0.95809 0.93964 1.21314 -1.04474 2.29133 0.860618 -1.31671 -1.67659 -0.305401 2.9091 -2.94704 2.82135 0.961372 0.608981 2.37472 -2.98568 0.682495 -3.02012 0.493291 -2.09874 0.799841 2.59378 0.202209 
-2.04632 -1.47863 -1.38796 1.08923 1.71455 1.06829 -2.61249 0.955978 0.938157 1.22134 -1.04078 2.28848 0.859602 -1.31866 -1.68608 -0.299715 2.90162 -2.94542 2.81393 0.96376 0.612186 2.37488 -2.98709 0.678544 -3.03171 0.490827 -2.10043 0.802473 2.60764 0.197289 
-2.04817 -1.48272 -1.38457 1.09247 1.71409 1.06382 -2.61543 0.952869 0.93931 1.23054 -1.0393 2.28818 0.858826 -1.31982 -1.69544 -0.292811 2.89254 -2.94311 2.80608 0.96703 0.615613 2.374 -2.98825 0.676423 -3.04215 0.489395 -2.10423 0.803433 2.62196 0.194406 
-2.05272 -1.48729 -1.38124 1.09514 1.7122 1.05757 -2.62006 0.951058 0.938923 1.24023 -1.03866 2.28972 0.857349 -1.32169 -1.7047 -0.288964 2.88686 -2.93854 2.79851 0.970045 0.620408 2.37379 -2.98932 0.672301 -3.05329 0.485093 -2.10992 0.804504 2.6382 0.19313 
-2.05603 -1.49109 -1.37981 1.09887 1.71126 1.05265 -2.62471 0.948522 0.938857 1.24612 -1.03549 2.29138 0.856244 -1.32274 -1.71404 -0.286498 2.88165 -2.93339 2.79141 0.971926 0.625039 2.37523 -2.99126 0.665941 -3.06337 0.478328 -2.11584 0.80662 2.65551 0.192254 
-2.05932 -1.49645 -1.37932 1.10469 1.71324 1.04571 -2.62722 0.946306 0.939287 1.25246 -1.03255 2.29306 0.856963 -1.32244 -1.72265 -0.282233 2.87212 -2.92995 2.78353 0.972374 0.626581 2.37609 -2.9946 0.659699 -3.06954 0.47481 -2.12612 0.810495 2.67071 0.192359 
-2.06228 -1.50224 -1.37953 1.10856 1.71447 1.03752 -2.62953 0.944659 0.941595 1.25725 -1.02839 2.29429 0.858844 -1.3204 -1.72975 -0.278077 2.86438 -2.92578 2.7753 0.973293 0.626438 2.37456 -2.99822 0.655442 -3.07466 0.472911 -2.13917 0.813288 2.68527 0.192386 
-2.06581 -1.50783 -1.38095 1.11137 1.71656 1.02654 -2.6314 0.942003 0.944351 1.26209 -1.02373 2.29482 0.862093 -1.31961 -1.73405 -0.272258 2.85739 -2.92214 2.76579 0.973005 0.626155 2.37276 -3.00076 0.65024 -3.07886 0.469294 -2.15614 0.816688 2.6963 0.19448 
-2.07223 -1.51358 -1.38482 1.11559 1.71494 1.00746 -2.63331 0.939398 0.944964 1.26879 -1.01662 2.29365 0.864451 -1.32065 -1.73806 -0.263294 2.84814 -2.91944 2.75752 0.976004 0.630741 2.36873 -3.00372 0.646952 -3.08207 0.466888 -2.17113 0.821184 2.70622 0.197668 
-2.07837 -1.51942 -1.38859 1.11923 1.71978 0.988604 -2.63504 0.93535 0.946279 1.27747 -1.00838 2.29358 0.866062 -1.32156 -1.74177 -0.256439 2.83799 -2.91726 2.75083 0.978665 0.632735 2.36568 -3.00971 0.643083 -3.08374 0.465949 -2.18429 0.823067 2.71771 0.200929 
-2.08237 -1.52326 -1.39319 1.1227 1.72554 0.970664 -2.63812 0.931498 0.945949 1.28574 -0.999216 2.29342 0.869236 -1.32456 -1.74491 -0.249002 2.82947 -2.91326 2.74555 0.969536 0.636046 2.36112 -3.0141 0.637606 -3.08281 0.466628 -2.19597 0.824245 2.72836 0.204232 
-2.08528 -1.52714 -1.4068 1.12285 1.73187 0.954582 -2.6418 0.927274 0.944206 1.29224 -0.992498 2.29482 0.871395 -1.32697 -1.74482 -0.240064 2.824 -2.91007 2.74154 0.963135 0.637069 2.35802 -3.01895 0.63285 -3.08187 0.467722 -2.20814 0.823757 2.73631 0.208213 
-2.08893 -1.52739 -1.42043 1.1208 1.74055 0.944427 -2.64719 0.923006 0.942321 1.29977 -0.986539 2.29722 0.877153 -1.33079 -1.7441 -0.232751 2.81929 -2.90888 2.73996 0.95928 0.638744 2.35768 -3.02167 0.629557 -3.08131 0.470236 -2.21682 0.8252 2.74226 0.225947 
-2.09476 -1.52663 -1.4339 1.11682 1.75015 0.936699 -2.65495 0.917479 0.941261 1.30841 -0.980894 2.29759 0.883636 -1.33476 -1.74207 -0.225904 2.8148 -2.90718 2.7402 0.955526 0.638459 2.35809 -3.0249 0.625707 -3.08079 0.476414 -2.22461 0.828067 2.74652 0.238691 
-2.10006 -1.52431 -1.4468 1.1121 1.75922 0.93079 -2.66262 0.911403 0.937621 1.31564 -0.975767 2.29855 0.902509 -1.32854 -1.73984 -0.221586 2.8117 -2.90613 2.73967 0.951539 0.640132 2.36301 -3.02511 0.622078 -3.0828 0.482427 -2.23773 0.831646 2.75041 0.245469 
-2.10844 -1.52114 -1.45636 1.107 1.76943 0.927722 -2.66675 0.904329 0.933235 1.32389 -0.980171 2.29809 0.917379 -1.32307 -1.73627 -0.215772 2.80426 -2.90817 2.73799 0.94082 0.642339 2.37004 -3.02745 0.620765 -3.08595 0.491211 -2.25092 0.838621 2.75087 0.251975 
-2.11324 -1.51554 -1.46306 1.10417 1.77977 0.92835 -2.66867 0.895779 0.926852 1.33291 -0.987523 2.30042 0.929679 -1.31816 -1.73358 -0.206545 2.79496 -2.9118 2.73765 0.93114 0.643276 2.36575 -3.03158 0.618387 -3.09552 0.506929 -2.26241 0.847677 2.75109 0.260358 
-2.11598 -1.50732 -1.46721 1.10216 1.78757 0.915868 -2.66865 0.885223 0.920513 1.34028 -0.994295 2.30228 0.940808 -1.31119 -1.73174 -0.200044 2.78 -2.91304 2.72707 0.92464 0.644235 2.36294 -3.0355 0.616264 -3.10353 0.519147 -2.27747 0.854569 2.7507 0.26745 
-2.11921 -1.49762 -1.47381 1.09777 1.7958 0.902798 -2.67112 0.875954 0.913921 1.34845 -0.99982 2.30126 0.951871 -1.30527 -1.7299 -0.195407 2.76841 -2.91157 2.7167 0.919477 0.648456 2.3604 -3.03967 0.615375 -3.11442 0.529678 -2.28933 0.859542 2.74962 0.276126 
-2.12067 -1.48957 -1.48264 1.09056 1.80526 0.888902 -2.67645 0.869082 0.906057 1.35731 -0.99899 2.30112 0.960776 -1.3012 -1.72609 -0.191889 2.75654 -2.91046 2.70756 0.913684 0.651876 2.35886 -3.04336 0.612424 -3.12643 0.535602 -2.28406 0.864494 2.74991 0.289201 
-2.12156 -1.48013 -1.49041 1.08253 1.81186 0.877816 -2.67899 0.862299 0.897967 1.36663 -0.998773 2.3012 0.970507 -1.29661 -1.72465 -0.188249 2.74582 -2.90831 2.70134 0.910259 0.641443 2.35533 -3.03747 0.609674 -3.1465 0.54445 -2.25675 0.870612 2.75434 0.304159 
-2.12127 -1.47021 -1.50085 1.07251 1.81931 0.880496 -2.68803 0.856531 0.890856 1.37554 -0.998024 2.2997 0.982932 -1.29385 -1.71626 -0.187907 2.73483 -2.90816 2.69312 0.90921 0.627172 2.35346 -3.03089 0.605784 -3.16687 0.560447 -2.23476 0.886743 2.74399 0.318164 
-2.10633 -1.45677 -1.51179 1.06369 1.82214 0.893383 -2.6975 0.838181 0.884169 1.38162 -0.99705 2.2988 0.993868 -1.29285 -1.70599 -0.184233 2.72374 -2.90924 2.67654 0.909044 0.613651 2.33691 -3.02603 0.60064 -3.184 0.574454 -2.21518 0.903459 2.73627 0.332533 
-2.09027 -1.43348 -1.5231 1.06568 1.82563 0.90643 -2.70677 0.823118 0.879299 1.38502 -0.996644 2.29809 1.00882 -1.28993 -1.69506 -0.171592 2.71261 -2.90914 2.66173 0.90596 0.602807 2.32367 -3.01775 0.599038 -3.20074 0.591485 -2.20176 0.915665 2.73013 0.347197 
-2.07483 -1.41049 -1.53425 1.07748 1.82598 0.929903 -2.71623 0.810475 0.864779 1.39038 -0.998904 2.29809 1.0243 -1.28148 -1.68487 -0.159913 2.68882 -2.90824 2.64959 0.904142 0.595829 2.31454 -3.01115 0.595165 -3.21466 0.605935 -2.19281 0.925615 2.72353 0.367021 
-2.065 -1.37918 -1.53934 1.08913 1.82583 0.949448 -2.72304 0.800764 0.851307 1.399 -1.01129 2.29408 1.04625 -1.27433 -1.64825 -0.136116 2.66978 -2.91495 2.63646 0.904202 0.591172 2.30736 -3.00429 0.591166 -3.22513 0.619554 -2.18497 0.934105 2.7051 0.388714 
-2.05524 -1.34771 -1.54609 1.09898 1.82612 0.96564 -2.71208 0.791017 0.837621 1.40953 -1.03065 2.30561 1.07887 -1.26937 -1.60541 -0.117562 2.65339 -2.92168 2.62251 0.903804 0.585585 2.30348 -2.99856 0.578978 -3.23451 0.632974 -2.17819 0.941853 2.69016 0.408436 
-2.04255 -1.3319 -1.54987 1.10926 1.82328 0.989219 -2.70401 0.782002 0.835249 1.41835 -1.04258 2.31413 1.12031 -1.26636 -1.56389 -0.103123 2.64154 -2.92637 2.62538 0.883737 0.582068 2.30569 -2.99399 0.56729 -3.24661 0.645916 -2.17594 0.947021 2.67594 0.426073 
