Mean 0 Mean 1 Mean 2 Mean 3 Mean 4 Mean 5 Mean 6 Mean 7 Mean 8 Mean 9 Mean 10 Mean 11 Mean 12 Mean 13 Mean 14 Mean 15 Mean 16 Mean 17 Mean 18 Mean 19 Mean 20 Mean 21 Mean 22 Mean 23 Mean 24 Mean 25 Mean 26 Mean 27 Mean 28 Mean 29 
-1.78467 1.05677 -2.37347 0.938676 2.02697 -1.83403 1.12154 -2.13938 -1.17162 -1.21289 -1.0462 2.53303 -1.25056 1.03973 -1.81225 -0.0777893 -2.89109 0.482169 0.56225 -0.165303 -1.74776 2.82301 2.74109 2.49959 2.96614 0.330238 -2.74188 -0.464001 -0.820723 -0.287567 
-1.79908 1.0541 -2.37942 0.930231 2.02688 -1.82855 1.13417 -2.12163 -1.17253 -1.22778 -1.04935 2.52742 -1.26625 1.04422 -1.81482 -0.08386 -2.86448 0.481362 0.551229 -0.170292 -2.43928 2.81338 2.73919 2.5018 2.96023 0.34065 -2.74206 -0.446279 -0.837701 -0.262486 
-1.81764 1.05053 -2.38839 0.925706 2.03326 -1.8183 1.12181 -2.12056 -1.17751 -1.23549 -1.05832 2.526 -1.27783 1.04796 -1.81515 -0.0748911 -2.84426 0.492148 0.551252 -0.161503 -2.66319 2.81041 2.73324 2.50455 2.95313 0.349084 -2.74437 -0.432977 -0.847584 -0.252053 
-1.82035 1.0522 -2.38711 0.920658 2.04908 -1.81376 1.12053 -2.11574 -1.18676 -1.24834 -1.0635 2.52319 -1.28435 1.0444 -1.82239 -0.0680075 -2.84165 0.496603 0.554799 -0.154454 -2.78551 2.79696 2.73801 2.50566 2.94898 0.350297 -2.75139 -0.43333 -0.851188 -0.249424 
-1.82953 1.05068 -2.38004 0.914985 2.05674 -1.80963 1.12101 -2.11248 -1.186 -1.25105 -1.06044 2.51922 -1.29074 1.04722 -1.82535 -0.0590269 -2.83487 0.50088 0.558501 -0.141996 -2.86633 2.78976 2.7408 2.50795 2.94584 0.346398 -2.76038 -0.429961 -0.846648 -0.24469 
-1.82953 1.05664 -2.3798 0.906131 2.05436 -1.81118 1.1168 -2.1007 -1.19726 -1.24908 -1.05527 2.51323 -1.29411 1.05579 -1.84465 -0.0584953 -2.82619 0.49615 0.562275 -0.142535 -2.91153 2.78326 2.74201 2.51182 2.93806 0.340927 -2.75793 -0.430583 -0.836385 -0.245702 
-1.82943 1.06198 -2.38045 0.895841 2.04476 -1.81516 1.11024 -2.09147 -1.20451 -1.24212 -1.04723 2.50914 -1.29468 1.06127 -1.85576 -0.0646193 -2.82555 0.496735 0.56238 -0.147972 -2.94538 2.77794 2.73533 2.52116 2.93662 0.335473 -2.75183 -0.435325 -0.825053 -0.248523 
-1.82887 1.06912 -2.37548 0.886553 2.04122 -1.82713 1.10692 -2.08664 -1.21142 -1.23967 -1.03847 2.4993 -1.29534 1.0635 -1.85802 -0.0714341 -2.8273 0.49724 0.567197 -0.151619 -2.96687 2.77486 2.73138 2.53025 2.94742 0.331672 -2.76248 -0.439782 -0.814537 -0.251924 
-1.83395 1.07014 -2.36046 0.875255 2.04222 -1.82781 1.09094 -2.09408 -1.22873 -1.23546 -1.03129 2.48827 -1.29292 1.06486 -1.85597 -0.0592384 -2.83284 0.497936 0.569201 -0.152281 -2.98794 2.77236 2.72991 2.533 2.94658 0.32253 -2.77289 -0.44693 -0.807898 -0.263297 
-1.83109 1.072 -2.34908 0.863723 2.05097 -1.83828 1.08914 -2.09074 -1.23945 -1.23006 -1.01911 2.47794 -1.29613 1.06511 -1.86117 -0.0665773 -2.83451 0.499885 0.570661 -0.150833 -3.00339 2.77433 2.72119 2.53472 2.94773 0.307832 -2.78363 -0.464274 -0.796513 -0.261701 
-1.8347 1.06701 -2.34049 0.855478 2.0561 -1.83196 1.08835 -2.08315 -1.2437 -1.22803 -1.00596 2.46703 -1.3102 1.05748 -1.86778 -0.0714759 -2.84314 0.5086 0.568768 -0.152405 -3.02973 2.77251 2.71329 2.53836 2.94957 0.309094 -2.78476 -0.483506 -0.78434 -0.256855 
-1.84203 1.06743 -2.34187 0.843486 2.05419 -1.83716 1.08498 -2.07929 -1.25049 -1.2226 -0.999977 2.45997 -1.31814 1.0654 -1.88439 -0.0812291 -2.85296 0.510033 0.558066 -0.160209 -3.04554 2.78243 2.71161 2.5418 2.94962 0.315335 -2.79197 -0.500554 -0.766335 -0.258275 
-1.85546 1.05543 -2.33727 0.838007 2.05277 -1.83196 1.08174 -2.07256 -1.23986 -1.21232 -0.981007 2.44439 -1.32282 1.06855 -1.88438 -0.0758628 -2.87195 0.521314 0.54082 -0.161457 -3.05801 2.7749 2.70147 2.53286 2.96888 0.33082 -2.78503 -0.495587 -0.745818 -0.272817 
-1.85641 1.04117 -2.33105 0.828701 2.03444 -1.84752 1.0624 -2.07006 -1.24514 -1.19405 -0.965418 2.42992 -1.32659 1.08062 -1.89232 -0.0649916 -2.8851 0.525834 0.522663 -0.166964 -3.05939 2.7588 2.70533 2.53436 2.96835 0.334619 -2.77879 -0.492927 -0.71716 -0.266936 
-1.85735 1.01963 -2.32173 0.827506 2.03604 -1.84747 1.05927 -2.06705 -1.232 -1.18608 -0.948602 2.4192 -1.33713 1.08041 -1.8939 -0.0471213 -2.90387 0.540728 0.516116 -0.158461 -3.06315 2.74599 2.68548 2.53127 2.9809 0.350758 -2.7739 -0.490489 -0.701128 -0.27021 
-1.8592 1.00387 -2.31999 0.83839 2.05114 -1.84133 1.05671 -2.06915 -1.20959 -1.17497 -0.939006 2.41681 -1.33735 1.07576 -1.88446 -0.0331932 -2.92284 0.560245 0.505765 -0.158571 -3.06384 2.7398 2.64995 2.51742 3.00926 0.371532 -2.77066 -0.481343 -0.69568 -0.284459 
-1.85514 0.985708 -2.31839 0.861836 2.06749 -1.84577 1.04554 -2.0706 -1.1797 -1.16201 -0.930755 2.41877 -1.33389 1.0688 -1.87812 -0.0208975 -2.95105 0.589347 0.494165 -0.156374 -3.06514 2.73595 2.6101 2.49041 3.0527 0.400878 -2.77135 -0.475135 -0.682761 -0.315088 
-1.84422 0.945758 -2.3134 0.894733 2.09833 -1.83486 1.03386 -2.07668 -1.12795 -1.17176 -0.922496 2.4154 -1.33449 1.06564 -1.87238 0.00426163 -2.99293 0.642916 0.496531 -0.118412 -3.064 2.72927 2.5439 2.45708 3.11822 0.460386 -2.76573 -0.467252 -0.674789 -0.343092 
-1.81334 0.907478 -2.33945 0.943643 2.11172 -1.89063 1.00063 -2.07889 -1.04054 -1.14514 -0.887491 2.40132 -1.31115 1.0629 -1.8942 -0.00240161 -3.05958 0.681607 0.473553 -0.0808582 -3.07955 2.7478 2.4893 2.42123 3.1957 0.514778 -2.75322 -0.483941 -0.635615 -0.403432 
-1.80329 0.898573 -2.3566 0.956999 2.10709 -1.92268 0.985849 -2.09918 -1.02371 -1.12061 -0.867457 2.39979 -1.29048 1.06343 -1.90788 -0.00274026 -3.08186 0.687503 0.461053 -0.0676032 -3.07276 2.75349 2.48176 2.40313 3.2161 0.518199 -2.74848 -0.477365 -0.624541 -0.417577 
-1.79406 0.89816 -2.35579 0.954663 2.09811 -1.93876 0.986103 -2.13361 -1.03001 -1.10936 -0.866925 2.41339 -1.27999 1.08015 -1.91364 0.0164711 -3.07799 0.680666 0.472497 -0.058686 -3.05467 2.757 2.47323 2.40227 3.20072 0.506697 -2.7574 -0.457503 -0.631195 -0.408798 
-1.7874 0.896845 -2.34715 0.952031 2.1148 -1.95468 0.983876 -2.15936 -1.04704 -1.08714 -0.862289 2.43486 -1.2662 1.07603 -1.92217 0.0287195 -3.06589 0.662647 0.476639 -0.0631365 -3.03774 2.7639 2.47549 2.40118 3.18776 0.492997 -2.77356 -0.438949 -0.63991 -0.395604 
-1.78024 0.915386 -2.34088 0.964133 2.12589 -1.97099 1.00427 -2.18254 -1.05503 -1.05948 -0.838224 2.43925 -1.26264 1.06105 -1.94993 0.0337249 -3.0413 0.649817 0.499489 -0.0692773 -3.01074 2.76587 2.47691 2.4066 3.1534 0.462142 -2.80183 -0.410745 -0.627966 -0.369877 
-1.77325 0.916297 -2.32991 0.985423 2.14633 -1.99246 1.014 -2.19799 -1.05042 -1.03924 -0.829385 2.44756 -1.25665 1.05692 -1.97271 0.0303525 -3.03717 0.631272 0.516269 -0.0583294 -2.98676 2.76857 2.47524 2.40179 3.12041 0.446993 -2.79786 -0.390671 -0.612438 -0.36195 
-1.77372 0.910367 -2.30623 0.987153 2.1685 -2.00198 1.02001 -2.22416 -1.04854 -1.02563 -0.841662 2.47606 -1.24469 1.07113 -1.9773 0.0370649 -3.02636 0.619729 0.522066 -0.0526033 -2.97967 2.75999 2.47452 2.40129 3.1046 0.445378 -2.77859 -0.365845 -0.597031 -0.345083 
-1.7428 0.917222 -2.28865 0.980287 2.19461 -2.01452 1.04651 -2.24223 -1.02623 -1.02777 -0.851936 2.49722 -1.20813 1.11866 -1.97275 0.0406965 -3.01282 0.603258 0.542679 -0.0409642 -2.97033 2.7554 2.48338 2.4058 3.1066 0.463158 -2.76744 -0.339807 -0.589887 -0.316231 
-1.72862 0.935647 -2.26405 0.957978 2.20084 -1.99182 1.06879 -2.2754 -1.01409 -1.00312 -0.88021 2.52734 -1.18514 1.15442 -1.98361 0.0300645 -2.97671 0.600852 0.528106 -0.040846 -2.97734 2.74099 2.47731 2.43522 3.12757 0.473024 -2.76517 -0.299693 -0.585842 -0.308787 
-1.73521 0.958621 -2.24103 0.930389 2.20235 -1.97091 1.09026 -2.30965 -1.01655 -0.974213 -0.904112 2.56104 -1.15221 1.1737 -1.98698 0.0266875 -2.95344 0.589147 0.522126 -0.0353752 -2.9847 2.73732 2.47213 2.47743 3.13722 0.470296 -2.77438 -0.267813 -0.582602 -0.299166 
-1.73305 0.962755 -2.23159 0.894148 2.22083 -1.97609 1.08801 -2.33748 -1.03738 -0.931763 -0.920757 2.56947 -1.11002 1.1921 -1.9757 0.0363913 -2.95999 0.579977 0.510429 -0.0724928 -3.00134 2.76204 2.45718 2.50252 3.13495 0.466257 -2.78805 -0.24652 -0.577539 -0.277265 
-1.73241 0.971106 -2.22183 0.860106 2.23417 -1.98331 1.08955 -2.35851 -1.06679 -0.900978 -0.94558 2.57642 -1.06734 1.21998 -1.96614 0.0517461 -2.97609 0.568805 0.505445 -0.104437 -3.02357 2.78908 2.44166 2.52278 3.13124 0.466066 -2.79932 -0.230287 -0.570381 -0.26377 
-1.72801 0.978568 -2.20495 0.836513 2.2706 -1.97971 1.09628 -2.37935 -1.09663 -0.861177 -0.967351 2.58961 -1.02129 1.25611 -1.95896 0.0840981 -3.01596 0.536369 0.503697 -0.153428 -3.04509 2.84408 2.41619 2.55138 3.14488 0.476115 -2.79654 -0.195345 -0.572513 -0.23775 
-1.74151 0.968537 -2.19834 0.833012 2.24644 -1.99139 1.0425 -2.3976 -1.13202 -0.838782 -0.964866 2.59066 -1.00424 1.26681 -1.95986 0.0781461 -3.02932 0.553939 0.506012 -0.194531 -3.06492 2.85045 2.42867 2.54541 3.12918 0.46261 -2.77085 -0.204045 -0.548728 -0.212236 
-1.76699 0.964712 -2.18963 0.866955 2.24329 -2.02383 0.984567 -2.39758 -1.16988 -0.808405 -0.928319 2.59667 -0.993896 1.27586 -1.95426 0.0593357 -3.03436 0.567461 0.504363 -0.246558 -3.09301 2.86408 2.4396 2.52449 3.11375 0.463924 -2.72275 -0.206685 -0.504463 -0.173136 
-1.7969 0.95297 -2.17716 0.896369 2.22784 -2.05534 0.913345 -2.39412 -1.21896 -0.779497 -0.892622 2.60567 -0.993343 1.27139 -1.93826 0.0358402 -3.03022 0.585113 0.509976 -0.290732 -3.11396 2.8711 2.44774 2.50708 3.08671 0.434656 -2.66922 -0.221721 -0.459947 -0.155797 
-1.81978 0.961462 -2.16162 0.94694 2.22107 -2.06874 0.850931 -2.39767 -1.26102 -0.755714 -0.814413 2.61159 -0.990394 1.27891 -1.92286 0.0207796 -3.0289 0.602377 0.513913 -0.329409 -3.12414 2.88306 2.45744 2.49281 3.05586 0.41512 -2.62125 -0.226782 -0.429967 -0.150671 
-1.84801 0.962645 -2.15437 0.974152 2.21521 -2.07628 0.79509 -2.40466 -1.29909 -0.729125 -0.697502 2.61465 -0.989183 1.30986 -1.91311 -0.000264696 -3.03252 0.612767 0.51871 -0.364933 -3.15001 2.89793 2.46323 2.48127 3.01524 0.398386 -2.59041 -0.225232 -0.40356 -0.137173 
-1.87644 0.961874 -2.14663 1.01483 2.21267 -2.09158 0.755572 -2.39848 -1.33936 -0.717269 -0.56782 2.62711 -0.993704 1.32332 -1.90134 -0.0236273 -3.0397 0.605575 0.512498 -0.41294 -3.16852 2.91634 2.48092 2.46968 2.963 0.400367 -2.55813 -0.22186 -0.386353 -0.0692574 
-1.90394 0.953926 -2.13352 1.06038 2.2218 -2.12354 0.708337 -2.38829 -1.38527 -0.724975 -0.416082 2.64753 -1.00503 1.31943 -1.8805 -0.0474878 -3.05072 0.583792 0.502112 -0.457321 -3.1971 2.94831 2.49882 2.44704 2.90276 0.401215 -2.51636 -0.224297 -0.376452 0.0309565 
-1.91638 0.939288 -2.11982 1.10617 2.19785 -2.10973 0.679847 -2.38063 -1.43057 -0.745041 -0.275423 2.66275 -1.00703 1.30876 -1.85075 -0.0280988 -3.08793 0.551026 0.503017 -0.467712 -3.22062 2.99356 2.50194 2.43119 2.86405 0.400481 -2.48799 -0.226892 -0.392438 0.10308 
-1.92026 0.937862 -2.1165 1.15145 2.19468 -2.07291 0.672464 -2.37758 -1.45705 -0.743366 -0.173382 2.6668 -0.976008 1.2986 -1.80056 0.0169562 -3.14525 0.524929 0.505717 -0.45364 -3.23018 3.05525 2.49484 2.41872 2.83536 0.418081 -2.46967 -0.227255 -0.427503 0.133129 
