Mean 0 Mean 1 Mean 2 Mean 3 Mean 4 Mean 5 Mean 6 Mean 7 Mean 8 Mean 9 Mean 10 Mean 11 Mean 12 Mean 13 Mean 14 Mean 15 Mean 16 Mean 17 Mean 18 Mean 19 Mean 20 Mean 21 Mean 22 Mean 23 Mean 24 Mean 25 Mean 26 Mean 27 Mean 28 Mean 29 
1.00869 -1.4299 -2.59061 -2.24837 1.41388 0.878596 0.954226 0.868833 -1.46858 -2.80978 1.30542 1.27372 -1.35269 -1.25435 -2.43167 0.0959414 2.60432 2.73393 2.87095 0.787399 1.17925 0.357068 0.738607 0.183017 2.55605 0.196974 -1.86186 2.91087 2.52649 0.193908 
0.997127 -1.43088 -2.61131 -2.23793 1.42497 0.876395 0.97697 0.890738 -1.42878 -2.87505 1.26771 1.30658 -1.35191 -1.24573 -2.46344 0.105897 2.62716 2.72692 2.85015 0.796833 1.17604 0.321658 0.741975 0.179236 2.56676 0.188031 -1.822 2.8773 2.5509 0.193349 
0.999885 -1.43598 -2.60634 -2.23268 1.42714 0.888111 0.981194 0.887329 -1.42783 -2.88167 1.26991 1.30162 -1.34618 -1.25383 -2.44155 0.104838 2.61153 2.70897 2.85144 0.784061 1.17671 0.321761 0.723813 0.186307 2.56774 0.188108 -1.81648 2.88563 2.54191 0.197185 
1.00714 -1.43931 -2.59894 -2.23188 1.4196 0.885896 0.980991 0.887479 -1.43602 -2.87671 1.28035 1.30003 -1.33426 -1.25691 -2.42706 0.103683 2.59647 2.70211 2.85667 0.77982 1.18038 0.323427 0.715521 0.191993 2.56774 0.182999 -1.81106 2.89244 2.5354 0.207815 
1.00976 -1.44428 -2.58855 -2.24011 1.40905 0.878721 0.983455 0.889248 -1.45263 -2.87245 1.28875 1.30262 -1.33662 -1.26104 -2.41472 0.10937 2.58273 2.69868 2.85631 0.79011 1.17725 0.31837 0.705007 0.195023 2.56152 0.17667 -1.79493 2.89554 2.53756 0.222589 
1.00893 -1.44944 -2.57586 -2.24063 1.40911 0.871286 0.971917 0.892387 -1.46219 -2.87443 1.29306 1.30183 -1.33819 -1.25895 -2.41224 0.105299 2.56737 2.70225 2.84696 0.795056 1.17355 0.318907 0.700922 0.188833 2.56835 0.165985 -1.78802 2.89808 2.54479 0.222049 
1.01312 -1.45505 -2.56523 -2.24944 1.41102 0.872808 0.966943 0.896839 -1.48132 -2.8719 1.30428 1.30402 -1.34504 -1.25264 -2.40679 0.0971347 2.55047 2.70126 2.83659 0.789198 1.16252 0.325209 0.697233 0.176653 2.58005 0.15849 -1.77371 2.90617 2.5493 0.220695 
1.0174 -1.45726 -2.55596 -2.26741 1.39908 0.87348 0.970774 0.901675 -1.49834 -2.86812 1.30287 1.30891 -1.35529 -1.24163 -2.40033 0.104804 2.52788 2.70662 2.82124 0.789689 1.1677 0.318645 0.691806 0.163826 2.59718 0.143067 -1.75719 2.9124 2.5568 0.216861 
1.01764 -1.45938 -2.5602 -2.27255 1.42177 0.870236 0.970838 0.903092 -1.51622 -2.86511 1.31976 1.31372 -1.36023 -1.22627 -2.42385 0.107079 2.51138 2.70364 2.80832 0.787251 1.18062 0.322435 0.702987 0.138398 2.6091 0.127753 -1.75558 2.91591 2.57829 0.212583 
1.01674 -1.46617 -2.55519 -2.27873 1.43233 0.870117 0.965306 0.9035 -1.54201 -2.85034 1.3429 1.31957 -1.36778 -1.21009 -2.43916 0.103145 2.48125 2.68893 2.78906 0.769626 1.17742 0.335251 0.701952 0.123821 2.62444 0.109745 -1.73433 2.93295 2.59815 0.205362 
1.00523 -1.4699 -2.54763 -2.27838 1.42653 0.872279 0.957362 0.901107 -1.55617 -2.82829 1.35399 1.32431 -1.36375 -1.19831 -2.44995 0.110212 2.47051 2.68631 2.78468 0.769809 1.1844 0.32779 0.699647 0.122497 2.62093 0.0986113 -1.72807 2.93773 2.61928 0.198443 
0.995572 -1.47102 -2.53649 -2.28249 1.41793 0.884202 0.957802 0.903364 -1.56872 -2.80301 1.36091 1.33259 -1.36046 -1.19062 -2.4567 0.111055 2.45737 2.67811 2.78207 0.763596 1.18726 0.330277 0.692272 0.12866 2.61707 0.0839425 -1.72161 2.94276 2.6278 0.187857 
0.984405 -1.47047 -2.51598 -2.27016 1.41115 0.897714 0.956546 0.898186 -1.57649 -2.77507 1.36652 1.34678 -1.34849 -1.20221 -2.46916 0.104406 2.44116 2.67064 2.78871 0.761843 1.18775 0.336593 0.676781 0.130919 2.60419 0.0666523 -1.71114 2.94931 2.63175 0.176536 
0.988199 -1.46453 -2.49218 -2.24642 1.40279 0.9158 0.950789 0.883136 -1.58008 -2.73623 1.34321 1.35283 -1.347 -1.23303 -2.49692 0.129769 2.44831 2.67038 2.80961 0.776627 1.20752 0.329646 0.63486 0.144902 2.56714 0.0413496 -1.68777 2.94177 2.64116 0.169426 
0.971324 -1.47596 -2.46023 -2.22745 1.41378 0.928746 0.942257 0.871548 -1.58468 -2.70831 1.32709 1.35623 -1.35359 -1.23229 -2.53127 0.178133 2.43203 2.67654 2.83714 0.775051 1.22596 0.342542 0.621947 0.157473 2.53254 0.0367768 -1.67344 2.93315 2.65523 0.154876 
0.952999 -1.49921 -2.45348 -2.23665 1.38334 0.944482 0.933316 0.866755 -1.59889 -2.69272 1.33554 1.35149 -1.35814 -1.21865 -2.53329 0.192913 2.4181 2.68672 2.84048 0.802249 1.25588 0.32764 0.626933 0.149338 2.51892 0.0353345 -1.68959 2.92409 2.65857 0.166621 
0.941149 -1.52941 -2.4479 -2.24424 1.35384 0.94901 0.930846 0.856409 -1.61857 -2.67002 1.36789 1.35182 -1.35925 -1.20693 -2.52881 0.194843 2.39152 2.69981 2.84031 0.832821 1.28811 0.321109 0.625171 0.135298 2.51269 0.0302774 -1.7153 2.91087 2.65132 0.167697 
0.924993 -1.55811 -2.43361 -2.2421 1.3461 0.939944 0.931637 0.856646 -1.6274 -2.65596 1.39593 1.34566 -1.36658 -1.18986 -2.52432 0.194954 2.37466 2.71325 2.84179 0.843773 1.29944 0.330457 0.623064 0.125247 2.51216 0.0347426 -1.72788 2.89705 2.65525 0.17528 
0.912141 -1.58395 -2.42908 -2.23961 1.33129 0.921409 0.914062 0.864651 -1.62182 -2.6534 1.42597 1.33709 -1.3643 -1.19349 -2.52212 0.185795 2.36626 2.71593 2.82768 0.855115 1.29837 0.328151 0.626777 0.121416 2.51515 0.0432591 -1.74602 2.8901 2.66956 0.171453 
0.908274 -1.60813 -2.42398 -2.23429 1.31925 0.902992 0.89853 0.867539 -1.61699 -2.66483 1.44757 1.33024 -1.3607 -1.20125 -2.52169 0.186431 2.37367 2.71374 2.80275 0.862416 1.2883 0.310226 0.632681 0.122721 2.50976 0.0466439 -1.75249 2.88402 2.69662 0.182161 
0.890777 -1.6277 -2.41793 -2.21226 1.28946 0.879756 0.873607 0.860437 -1.60683 -2.66508 1.47147 1.31761 -1.35319 -1.21046 -2.53211 0.184019 2.36222 2.71925 2.77939 0.868163 1.2938 0.287225 0.63988 0.119158 2.5166 0.0606311 -1.74834 2.88287 2.73787 0.19834 
0.886385 -1.64782 -2.42668 -2.19498 1.27993 0.814503 0.844778 0.859785 -1.59319 -2.66267 1.51032 1.30476 -1.34098 -1.22394 -2.5424 0.162067 2.33489 2.72263 2.75612 0.87849 1.29385 0.292581 0.647714 0.101879 2.53798 0.0723388 -1.74987 2.87308 2.77595 0.192677 
0.883291 -1.65831 -2.4571 -2.17096 1.27398 0.750029 0.826572 0.85643 -1.57122 -2.66416 1.53859 1.28806 -1.32223 -1.24076 -2.53541 0.128599 2.30968 2.72023 2.7503 0.902004 1.2909 0.296785 0.66096 0.0933932 2.56068 0.0935357 -1.74875 2.86551 2.81082 0.182013 
0.892043 -1.66522 -2.49842 -2.15354 1.29344 0.689891 0.815731 0.856199 -1.51945 -2.65203 1.57466 1.28751 -1.27785 -1.2583 -2.52926 0.0977843 2.27048 2.70881 2.7652 0.929522 1.28173 0.311622 0.669556 0.0946793 2.58903 0.119665 -1.77129 2.86502 2.83037 0.146109 
0.88839 -1.66643 -2.52537 -2.15447 1.31045 0.65003 0.802765 0.855468 -1.48208 -2.63654 1.61386 1.29378 -1.24924 -1.2723 -2.53254 0.098482 2.24579 2.70736 2.77878 0.916218 1.2803 0.323242 0.66027 0.0904421 2.60154 0.125651 -1.77668 2.8663 2.85359 0.115356 
0.883517 -1.64935 -2.54424 -2.16421 1.33375 0.610754 0.797954 0.84511 -1.43938 -2.61737 1.6367 1.30511 -1.21447 -1.27382 -2.53389 0.105224 2.23158 2.71454 2.79208 0.903487 1.27742 0.335023 0.640969 0.0855322 2.61129 0.135951 -1.77467 2.87952 2.8779 0.157788 
0.866827 -1.62272 -2.54941 -2.18005 1.35908 0.587672 0.808284 0.836834 -1.42992 -2.60508 1.63176 1.30022 -1.20884 -1.27569 -2.52357 0.115761 2.255 2.73381 2.79041 0.914675 1.27043 0.328181 0.608244 0.0811537 2.62203 0.136193 -1.7846 2.90705 2.90088 0.174308 
0.837988 -1.58891 -2.50392 -2.25893 1.38929 0.587641 0.884794 0.811205 -1.43851 -2.58009 1.59765 1.31263 -1.14643 -1.23083 -2.4984 0.143622 2.31169 2.74545 2.78787 0.938141 1.29651 0.289259 0.540587 0.123757 2.62815 0.146749 -1.76842 2.9624 2.93587 0.175468 
0.805601 -1.55751 -2.48372 -2.27053 1.39029 0.611549 0.881966 0.820444 -1.44815 -2.5837 1.56516 1.31688 -1.07442 -1.22072 -2.48371 0.139648 2.3372 2.78359 2.77427 0.945859 1.32566 0.277208 0.539759 0.118905 2.60696 0.0968704 -1.78349 2.96943 2.92565 0.156825 
0.797721 -1.55185 -2.48645 -2.24471 1.3981 0.61579 0.859458 0.801267 -1.4741 -2.58488 1.5647 1.29757 -1.0398 -1.22765 -2.48758 0.150944 2.33975 2.80688 2.74832 0.940032 1.32063 0.287061 0.548688 0.105265 2.58482 0.0745909 -1.79798 2.97003 2.91153 0.155582 
0.769266 -1.52875 -2.50614 -2.19657 1.4068 0.621371 0.830862 0.778242 -1.52066 -2.58083 1.55167 1.27485 -0.96934 -1.22794 -2.48769 0.159045 2.36684 2.8345 2.7508 0.9277 1.29598 0.310983 0.566691 0.0772021 2.53918 0.0413263 -1.83384 2.98184 2.86844 0.129665 
0.780901 -1.52808 -2.51904 -2.19201 1.42638 0.604379 0.809715 0.749305 -1.54014 -2.56685 1.55848 1.27293 -0.95262 -1.22317 -2.48257 0.182826 2.34254 2.83442 2.75309 0.880989 1.24269 0.30632 0.562336 0.10766 2.51815 0.0390805 -1.82425 3.00235 2.8691 0.16261 
0.789285 -1.52482 -2.52847 -2.16682 1.43858 0.595592 0.79336 0.70009 -1.56437 -2.54968 1.55579 1.27532 -0.93858 -1.20967 -2.50352 0.213303 2.32582 2.83127 2.75572 0.832066 1.20641 0.29093 0.564021 0.125103 2.46323 0.0233375 -1.79381 3.03265 2.85683 0.18304 
0.801137 -1.52952 -2.53607 -2.13978 1.43284 0.578716 0.772834 0.667897 -1.59798 -2.5417 1.54538 1.26099 -0.928765 -1.21074 -2.5379 0.23195 2.29999 2.82532 2.74545 0.77731 1.18968 0.271812 0.572027 0.139947 2.40799 0.0305664 -1.76988 3.04641 2.8227 0.211912 
0.820363 -1.5155 -2.53403 -2.10512 1.43199 0.572997 0.76131 0.626577 -1.62437 -2.50344 1.5346 1.26862 -0.939005 -1.19337 -2.56653 0.258465 2.28011 2.81385 2.72129 0.742063 1.16927 0.260074 0.578877 0.16357 2.37071 0.0297041 -1.72426 3.07057 2.81342 0.241278 
0.827417 -1.48232 -2.54736 -2.08498 1.4375 0.576675 0.757963 0.594917 -1.66927 -2.48351 1.53322 1.25882 -0.956331 -1.18975 -2.56658 0.277924 2.26283 2.80405 2.70386 0.706243 1.15323 0.246596 0.600347 0.170488 2.3584 0.027892 -1.67739 3.08728 2.8073 0.251237 
0.833523 -1.46882 -2.56093 -2.07615 1.45401 0.567394 0.739398 0.571197 -1.71482 -2.45002 1.5251 1.26918 -0.983989 -1.17487 -2.57989 0.305051 2.23839 2.79076 2.6878 0.655075 1.15477 0.250153 0.609091 0.16519 2.31719 0.024775 -1.62702 3.11331 2.7915 0.264877 
0.817262 -1.41938 -2.59352 -2.08851 1.46321 0.555965 0.73705 0.576365 -1.75616 -2.44241 1.55608 1.26309 -1.00902 -1.18359 -2.51517 0.316849 2.21957 2.78722 2.63998 0.599668 1.16215 0.259686 0.656364 0.159938 2.25614 0.0666101 -1.58684 3.12542 2.765 0.282922 
0.79641 -1.35251 -2.60678 -2.13133 1.45135 0.556241 0.738645 0.598871 -1.79892 -2.43188 1.59259 1.24211 -1.01822 -1.20683 -2.46297 0.333201 2.18741 2.76157 2.57185 0.541147 1.18609 0.270211 0.718344 0.157847 2.15354 0.0947731 -1.54271 3.1516 2.71955 0.286002 
0.799227 -1.31425 -2.62925 -2.15542 1.44491 0.575646 0.732927 0.600456 -1.81917 -2.43264 1.65077 1.23579 -1.00295 -1.22585 -2.40614 0.345244 2.15728 2.74428 2.53597 0.498891 1.18112 0.259444 0.765608 0.155919 2.10713 0.131291 -1.51656 3.18026 2.70231 0.303649 
