Mean 0 Mean 1 Mean 2 Mean 3 Mean 4 Mean 5 Mean 6 Mean 7 Mean 8 Mean 9 Mean 10 Mean 11 Mean 12 Mean 13 Mean 14 Mean 15 Mean 16 Mean 17 Mean 18 Mean 19 Mean 20 Mean 21 Mean 22 Mean 23 Mean 24 Mean 25 Mean 26 Mean 27 Mean 28 Mean 29 
0.981727 -1.51679 -1.21202 -1.58751 2.76747 -1.04565 0.946222 -1.0095 -2.31018 -2.76682 -0.899463 1.23933 -1.2095 0.824563 -1.1397 -0.417016 -0.101231 -0.631397 2.64104 -2.81584 -0.630182 0.869 -0.875697 -0.365694 2.68805 -0.827604 0.31731 -0.771165 -1.61941 -0.479572 
0.987056 -1.51442 -1.19942 -1.58627 2.75771 -1.04368 0.950071 -1.00398 -2.31369 -2.7674 -0.89887 1.24917 -1.20647 0.821558 -1.14298 -0.423599 -0.099631 -0.639427 2.63361 -2.82458 -0.633248 0.863084 -0.882049 -0.358494 2.70329 -0.839436 0.302288 -0.769084 -1.62527 -0.476978 
0.981703 -1.51459 -1.19899 -1.59169 2.75117 -1.04765 0.949224 -1.01658 -2.33326 -2.76628 -0.884403 1.24008 -1.20902 0.834531 -1.13576 -0.41833 -0.105689 -0.637676 2.63774 -2.82254 -0.635724 0.869595 -0.8733 -0.365449 2.69468 -0.831546 0.318116 -0.772667 -1.62308 -0.476192 
0.984031 -1.5151 -1.18945 -1.59239 2.74197 -1.05502 0.94947 -1.02649 -2.34327 -2.75885 -0.872882 1.24453 -1.20148 0.837276 -1.12472 -0.417187 -0.115251 -0.643813 2.63597 -2.82001 -0.630684 0.858414 -0.874934 -0.35881 2.69674 -0.830937 0.322057 -0.771205 -1.62188 -0.470133 
0.993438 -1.52913 -1.1776 -1.59768 2.72029 -1.05768 0.944861 -1.02925 -2.36427 -2.74759 -0.856826 1.25321 -1.19404 0.835836 -1.11523 -0.404798 -0.12305 -0.651694 2.63617 -2.81628 -0.616467 0.845058 -0.877142 -0.338245 2.68762 -0.834236 0.329211 -0.771694 -1.61007 -0.454207 
0.990637 -1.5333 -1.16678 -1.59767 2.7114 -1.06659 0.945865 -1.03393 -2.37691 -2.73903 -0.838439 1.25731 -1.19135 0.842303 -1.10957 -0.409383 -0.127257 -0.643052 2.63337 -2.81002 -0.606692 0.836193 -0.867785 -0.326724 2.68647 -0.836486 0.329499 -0.772395 -1.59902 -0.454277 
0.980833 -1.52732 -1.16648 -1.59865 2.70655 -1.07996 0.947313 -1.03342 -2.38094 -2.73577 -0.822892 1.25674 -1.18935 0.85212 -1.11294 -0.420223 -0.137077 -0.629196 2.62486 -2.80628 -0.598732 0.82742 -0.860836 -0.318998 2.68337 -0.837513 0.328428 -0.772976 -1.58239 -0.455901 
0.948718 -1.51055 -1.17963 -1.60549 2.68783 -1.09878 0.943524 -1.02749 -2.38047 -2.7279 -0.823482 1.26009 -1.18802 0.86431 -1.12174 -0.433332 -0.154893 -0.612154 2.60154 -2.79274 -0.594585 0.82093 -0.845784 -0.324402 2.68249 -0.824926 0.334204 -0.778474 -1.55098 -0.476266 
0.916955 -1.49297 -1.19411 -1.61524 2.67104 -1.11497 0.939855 -1.02554 -2.37826 -2.71637 -0.814634 1.2587 -1.18091 0.86795 -1.12391 -0.448086 -0.168499 -0.60274 2.58406 -2.77405 -0.590999 0.808988 -0.83734 -0.334014 2.6803 -0.814036 0.333169 -0.775596 -1.51876 -0.492641 
0.899627 -1.48576 -1.20885 -1.6281 2.66451 -1.13292 0.941731 -1.00158 -2.37952 -2.68903 -0.798253 1.24216 -1.17794 0.864214 -1.13081 -0.465548 -0.17947 -0.596423 2.55446 -2.77129 -0.579665 0.802783 -0.828782 -0.335169 2.68916 -0.816807 0.32563 -0.77724 -1.48941 -0.500253 
0.886202 -1.48079 -1.20731 -1.6363 2.65099 -1.13672 0.936918 -0.992546 -2.39376 -2.67506 -0.778091 1.23984 -1.17568 0.871372 -1.13945 -0.476981 -0.185437 -0.592007 2.5513 -2.76671 -0.577581 0.807414 -0.818175 -0.339207 2.68161 -0.810953 0.325928 -0.779379 -1.46041 -0.494901 
0.875368 -1.48079 -1.19718 -1.63938 2.64036 -1.12873 0.913778 -0.988612 -2.41078 -2.65552 -0.753294 1.22984 -1.17439 0.878308 -1.13976 -0.481686 -0.190513 -0.586354 2.54408 -2.76748 -0.568546 0.806153 -0.81104 -0.348285 2.67559 -0.812972 0.335402 -0.773687 -1.42657 -0.493674 
0.865929 -1.48748 -1.19338 -1.63644 2.63701 -1.13474 0.901724 -0.986989 -2.41067 -2.62707 -0.733142 1.22593 -1.17108 0.892114 -1.15296 -0.486919 -0.204205 -0.58355 2.53013 -2.7635 -0.559609 0.807906 -0.807476 -0.353736 2.66864 -0.817516 0.343458 -0.778257 -1.38735 -0.49563 
0.875581 -1.47996 -1.18151 -1.64711 2.62625 -1.1391 0.90811 -0.99943 -2.40795 -2.59445 -0.71527 1.2154 -1.17082 0.904653 -1.15423 -0.499656 -0.189329 -0.569585 2.5291 -2.78267 -0.56993 0.802794 -0.804533 -0.371301 2.66921 -0.813219 0.350749 -0.7824 -1.36522 -0.496604 
0.893998 -1.47508 -1.17808 -1.65533 2.6131 -1.13968 0.922917 -1.00537 -2.40367 -2.55465 -0.705737 1.20359 -1.17444 0.914193 -1.1554 -0.520351 -0.169859 -0.549517 2.52049 -2.80244 -0.576662 0.789551 -0.792264 -0.388311 2.66353 -0.822211 0.34685 -0.789121 -1.34459 -0.491196 
0.890177 -1.47787 -1.18365 -1.65524 2.58653 -1.15354 0.922012 -0.988733 -2.392 -2.54331 -0.720314 1.20972 -1.18999 0.914055 -1.14109 -0.523095 -0.190147 -0.536696 2.50025 -2.78491 -0.553629 0.763905 -0.782517 -0.388909 2.63618 -0.836354 0.34569 -0.797299 -1.30874 -0.49397 
0.89309 -1.48687 -1.16291 -1.61924 2.57542 -1.15771 0.911136 -0.980323 -2.38223 -2.52812 -0.71597 1.21427 -1.2146 0.910395 -1.15183 -0.527135 -0.208259 -0.522493 2.49691 -2.78673 -0.529107 0.736521 -0.770165 -0.389002 2.60033 -0.867323 0.345211 -0.802697 -1.27334 -0.476909 
0.895834 -1.48723 -1.1454 -1.60037 2.57356 -1.16061 0.921506 -0.961196 -2.38067 -2.50721 -0.694504 1.20305 -1.24497 0.904984 -1.1724 -0.535306 -0.201934 -0.510056 2.49376 -2.80476 -0.509766 0.716884 -0.756442 -0.385408 2.55659 -0.911517 0.335358 -0.799674 -1.23553 -0.443731 
0.89569 -1.49362 -1.14689 -1.60898 2.56447 -1.15589 0.923211 -0.91517 -2.39028 -2.49214 -0.705531 1.19924 -1.28131 0.91438 -1.1909 -0.546381 -0.183944 -0.497681 2.47779 -2.83215 -0.51257 0.706207 -0.745282 -0.377181 2.52172 -0.953674 0.342108 -0.815699 -1.18903 -0.416753 
0.895117 -1.5165 -1.14967 -1.6267 2.55793 -1.14678 0.912255 -0.863165 -2.40804 -2.48331 -0.733761 1.21361 -1.3179 0.931512 -1.20269 -0.552447 -0.174391 -0.490619 2.4578 -2.86406 -0.528288 0.705697 -0.726039 -0.3684 2.48659 -0.991618 0.359801 -0.840264 -1.15032 -0.385564 
0.897352 -1.56335 -1.16426 -1.64298 2.55872 -1.12397 0.884627 -0.802956 -2.43045 -2.4643 -0.795404 1.22654 -1.37666 0.944082 -1.21437 -0.563285 -0.179464 -0.481682 2.4233 -2.9116 -0.545271 0.701483 -0.702564 -0.356387 2.43641 -1.06243 0.408264 -0.868026 -1.10225 -0.356404 
0.880993 -1.57678 -1.17911 -1.68537 2.5457 -1.12927 0.87256 -0.747954 -2.45849 -2.44545 -0.84301 1.24848 -1.40622 0.981916 -1.22507 -0.573468 -0.159149 -0.468225 2.39926 -2.94494 -0.550363 0.702655 -0.693373 -0.362217 2.39847 -1.12257 0.425428 -0.885881 -1.04644 -0.339459 
0.843233 -1.54952 -1.19061 -1.74528 2.51588 -1.16868 0.871528 -0.712218 -2.47433 -2.43024 -0.880424 1.28052 -1.39258 1.03675 -1.24585 -0.575751 -0.122102 -0.457959 2.38964 -2.9453 -0.542143 0.713098 -0.711804 -0.388597 2.37394 -1.15523 0.391378 -0.892031 -1.00118 -0.348637 
0.83056 -1.57245 -1.21473 -1.78811 2.49049 -1.2198 0.864171 -0.747898 -2.51875 -2.40918 -1.01353 1.29736 -1.37239 1.05251 -1.21865 -0.542252 -0.152606 -0.434451 2.34281 -2.87716 -0.492762 0.726823 -0.734702 -0.45294 2.3946 -1.20853 0.341036 -0.895794 -1.04496 -0.356321 
0.833678 -1.61862 -1.24162 -1.8269 2.44982 -1.26831 0.864458 -0.820683 -2.58145 -2.3863 -1.16818 1.31815 -1.33864 1.05935 -1.16753 -0.494373 -0.192432 -0.408512 2.27633 -2.78135 -0.421573 0.741304 -0.758796 -0.537324 2.43395 -1.27316 0.281515 -0.896397 -1.12009 -0.363052 
0.826624 -1.60002 -1.26611 -1.84975 2.44576 -1.26547 0.857978 -0.831653 -2.59129 -2.38314 -1.24649 1.32494 -1.31024 1.07544 -1.17309 -0.504931 -0.200883 -0.412568 2.2744 -2.76888 -0.418523 0.77114 -0.777462 -0.549138 2.44739 -1.32557 0.254364 -0.907823 -1.12085 -0.347772 
0.821514 -1.59108 -1.29117 -1.87425 2.44838 -1.23585 0.848987 -0.842918 -2.57131 -2.38185 -1.20317 1.31768 -1.29869 1.09829 -1.17954 -0.518759 -0.220647 -0.423432 2.3042 -2.80022 -0.435595 0.800245 -0.799276 -0.542162 2.45353 -1.39098 0.243315 -0.926179 -1.12157 -0.317933 
0.824689 -1.5877 -1.30975 -1.88425 2.46054 -1.20748 0.835194 -0.875519 -2.55187 -2.38183 -1.15206 1.31204 -1.28897 1.11659 -1.19042 -0.5179 -0.234567 -0.432145 2.34624 -2.82262 -0.448951 0.831691 -0.822661 -0.545559 2.46544 -1.45292 0.223581 -0.939344 -1.14751 -0.281682 
0.804484 -1.59175 -1.3157 -1.87514 2.477 -1.18323 0.828987 -0.92427 -2.54901 -2.39189 -1.11349 1.30802 -1.26521 1.11343 -1.20538 -0.512539 -0.262154 -0.446464 2.40205 -2.84182 -0.436797 0.840146 -0.844321 -0.552624 2.46608 -1.48099 0.204833 -0.933801 -1.19411 -0.255561 
0.775128 -1.59846 -1.32269 -1.86385 2.51055 -1.16544 0.828896 -0.951784 -2.54096 -2.41077 -1.09136 1.29577 -1.25183 1.09404 -1.218 -0.494222 -0.292853 -0.453417 2.43066 -2.84096 -0.409928 0.843578 -0.860037 -0.558582 2.46134 -1.46493 0.18466 -0.916506 -1.23645 -0.233699 
0.730416 -1.58366 -1.31765 -1.89242 2.54886 -1.17999 0.838983 -0.97371 -2.53374 -2.42186 -1.06739 1.29864 -1.24341 1.09711 -1.25708 -0.483076 -0.292239 -0.477538 2.43255 -2.84731 -0.398059 0.852699 -0.867725 -0.552065 2.43337 -1.39476 0.170532 -0.899725 -1.24675 -0.210761 
0.710059 -1.54735 -1.25627 -1.94403 2.59002 -1.19093 0.831532 -1.00119 -2.54079 -2.44525 -1.02263 1.3251 -1.19412 1.08454 -1.30667 -0.474649 -0.267048 -0.50076 2.37598 -2.84316 -0.372569 0.865047 -0.845302 -0.534809 2.41092 -1.34628 0.144226 -0.871745 -1.22544 -0.206811 
0.701393 -1.57226 -1.25669 -1.9987 2.60231 -1.19781 0.802603 -1.03795 -2.55483 -2.44686 -0.969905 1.31653 -1.16416 1.09276 -1.33563 -0.452548 -0.257211 -0.503613 2.35426 -2.87323 -0.363439 0.884954 -0.845027 -0.527141 2.41451 -1.22149 0.137481 -0.883204 -1.23196 -0.166607 
0.681211 -1.6025 -1.26206 -2.06317 2.6241 -1.18975 0.757532 -1.05155 -2.5969 -2.4655 -0.918993 1.30084 -1.14479 1.04686 -1.33061 -0.423794 -0.256135 -0.543337 2.29251 -2.90943 -0.335331 0.889205 -0.8052 -0.520534 2.39453 -1.11286 0.142296 -0.852294 -1.30101 -0.169255 
0.653542 -1.57955 -1.25299 -2.12043 2.66563 -1.19261 0.704148 -1.07854 -2.59852 -2.47427 -0.832545 1.26352 -1.139 1.03252 -1.35712 -0.39648 -0.273962 -0.566343 2.26679 -2.89413 -0.319258 0.889374 -0.78303 -0.520886 2.40216 -1.0296 0.152018 -0.791132 -1.29557 -0.19538 
0.6406 -1.55724 -1.23618 -2.14105 2.67979 -1.19337 0.653991 -1.11261 -2.5991 -2.45156 -0.762287 1.26652 -1.12616 1.02687 -1.35981 -0.366452 -0.284132 -0.568439 2.25877 -2.87859 -0.326204 0.876726 -0.768602 -0.520252 2.42707 -0.946095 0.174834 -0.758692 -1.29503 -0.240712 
0.667567 -1.58014 -1.18572 -2.11621 2.69885 -1.19574 0.635665 -1.17159 -2.53276 -2.41087 -0.759086 1.25518 -1.16365 1.08551 -1.35277 -0.325193 -0.318459 -0.500533 2.29789 -2.84808 -0.389549 0.864083 -0.828797 -0.535812 2.4467 -0.802472 0.160263 -0.700036 -1.29583 -0.272176 
0.7214 -1.61966 -1.12623 -2.09368 2.70997 -1.20451 0.608485 -1.25401 -2.47308 -2.36301 -0.77953 1.24632 -1.20778 1.14235 -1.34887 -0.283688 -0.361001 -0.431957 2.34149 -2.81985 -0.457963 0.856223 -0.920935 -0.563552 2.45295 -0.618766 0.152524 -0.641535 -1.28885 -0.320045 
0.769726 -1.62779 -1.08148 -2.03708 2.72763 -1.20782 0.565481 -1.32597 -2.4407 -2.30834 -0.822861 1.2548 -1.22287 1.16474 -1.36643 -0.256184 -0.41691 -0.425243 2.34586 -2.80517 -0.486356 0.850041 -0.997659 -0.58742 2.44894 -0.418444 0.167888 -0.591916 -1.28484 -0.365513 
0.801983 -1.61337 -1.04477 -1.9889 2.73869 -1.20577 0.5206 -1.3943 -2.41897 -2.24915 -0.871978 1.27331 -1.23461 1.14325 -1.40168 -0.230428 -0.453698 -0.429319 2.33623 -2.80472 -0.499207 0.846887 -1.08102 -0.613803 2.45264 -0.220614 0.183677 -0.556703 -1.27698 -0.390914 
