Mean 0 Mean 1 Mean 2 Mean 3 Mean 4 Mean 5 Mean 6 Mean 7 Mean 8 Mean 9 Mean 10 Mean 11 Mean 12 Mean 13 Mean 14 Mean 15 Mean 16 Mean 17 Mean 18 Mean 19 Mean 20 Mean 21 Mean 22 Mean 23 Mean 24 Mean 25 Mean 26 Mean 27 Mean 28 Mean 29 
-2.262 -1.79318 -1.15069 0.908651 1.53968 0.961015 -1.25619 1.32589 -2.55326 -1.05477 -0.933669 2.35535 0.958238 -2.51238 -1.05138 -0.00908232 -0.850799 1.83373 0.34607 -0.233199 0.339425 2.29727 0.440802 -0.804741 2.87072 0.655206 -2.99102 0.673803 2.91055 -0.656177 
-2.25633 -1.79605 -1.17036 0.911051 1.54581 0.97425 -1.25587 1.30609 -2.55323 -1.03676 -0.916158 2.35557 0.97371 -2.51085 -1.03244 -0.0164629 -0.85547 1.8511 0.353725 -0.238926 0.333116 2.30179 0.437511 -0.802739 2.86468 0.646387 -2.98193 1.97807 2.93965 -0.666222 
-2.25443 -1.79458 -1.16504 0.917139 1.54603 0.957601 -1.26307 1.31419 -2.5631 -1.04256 -0.930941 2.33502 0.981848 -2.50315 -1.04027 0.00156148 -0.863467 1.84518 0.3494 -0.246198 0.333829 2.2963 0.436632 -0.795367 2.87757 0.656343 -2.98132 2.41391 2.93826 -0.662267 
-2.28401 -1.79274 -1.13888 0.907854 1.55569 0.901513 -1.26324 1.32986 -2.54959 -1.01606 -0.922843 2.33655 1.00571 -2.54011 -1.04883 -0.00702721 -0.865897 1.82177 0.374712 -0.219657 0.331325 2.30551 0.401771 -0.773976 2.87619 0.604989 -2.99896 2.66545 2.91304 -0.649738 
-2.28309 -1.79309 -1.12775 0.910983 1.54451 0.91159 -1.26831 1.30804 -2.56653 -1.03494 -0.927515 2.32791 0.998775 -2.52159 -1.0655 -0.0019211 -0.864487 1.82669 0.367042 -0.221528 0.325309 2.29773 0.409931 -0.763801 2.87033 0.624625 -3.00003 2.77495 2.93437 -0.656718 
-2.28825 -1.79534 -1.11086 0.918584 1.54109 0.917327 -1.27786 1.30682 -2.58147 -1.05602 -0.940742 2.31756 0.994259 -2.50538 -1.08261 0.00256099 -0.865316 1.82681 0.37508 -0.230642 0.316206 2.2872 0.413073 -0.761522 2.88185 0.641152 -3.00018 2.83849 2.93751 -0.657062 
-2.30089 -1.80336 -1.09777 0.917528 1.54925 0.917815 -1.28039 1.29787 -2.5702 -1.07616 -0.92667 2.32493 0.986946 -2.52765 -1.07488 0.0142179 -0.876564 1.84491 0.386388 -0.205212 0.284446 2.26347 0.405844 -0.752287 2.90137 0.661924 -2.99273 2.91457 2.93528 -0.667502 
-2.31375 -1.80942 -1.08519 0.91672 1.57393 0.925979 -1.28444 1.2917 -2.5553 -1.09384 -0.914416 2.31675 0.975127 -2.5277 -1.07266 0.0265441 -0.885794 1.86475 0.389409 -0.189031 0.264543 2.25421 0.395956 -0.756285 2.92511 0.681023 -2.99811 2.95259 2.93798 -0.667606 
-2.30735 -1.79895 -1.06398 0.901616 1.58924 0.939512 -1.2824 1.28891 -2.54768 -1.08568 -0.900914 2.30129 0.979624 -2.50745 -1.07784 0.0567912 -0.890076 1.85869 0.392877 -0.203316 0.276335 2.26808 0.386298 -0.763854 2.93854 0.694675 -3.01127 2.99644 2.93667 -0.662806 
-2.28878 -1.80245 -1.04223 0.88508 1.61315 0.934481 -1.30124 1.28321 -2.54568 -1.09849 -0.913305 2.30481 0.964741 -2.48116 -1.07646 0.0458281 -0.880221 1.86091 0.403102 -0.218742 0.269801 2.28254 0.375164 -0.758959 2.94209 0.698223 -3.05279 2.98376 2.92893 -0.644846 
-2.29025 -1.79757 -1.03275 0.877343 1.60078 0.938568 -1.34301 1.29297 -2.57165 -1.10805 -0.897412 2.27275 0.957665 -2.46694 -1.09339 0.0467671 -0.883218 1.85137 0.378138 -0.244454 0.276586 2.28355 0.373677 -0.763764 2.95617 0.693378 -3.04146 3.00209 2.9677 -0.646683 
-2.27631 -1.78385 -1.02325 0.866238 1.59059 0.957519 -1.34421 1.30157 -2.57964 -1.10802 -0.886739 2.25916 0.962684 -2.46033 -1.10627 0.0468114 -0.90702 1.83308 0.351668 -0.252021 0.262851 2.30044 0.383705 -0.750229 2.95574 0.711927 -3.04689 3.00351 2.99532 -0.670757 
-2.28627 -1.75722 -1.03831 0.870757 1.61845 0.944839 -1.36631 1.28108 -2.58215 -1.08965 -0.865509 2.20863 0.916145 -2.45455 -1.11208 0.0530924 -0.902838 1.87685 0.307222 -0.247812 0.254399 2.28113 0.38127 -0.76906 2.91943 0.681579 -3.01453 3.01354 3.00502 -0.653962 
-2.24699 -1.77621 -0.970828 0.856194 1.58184 0.965016 -1.37695 1.33025 -2.60092 -1.07922 -0.821098 2.18287 0.863358 -2.48865 -1.11523 0.0638225 -0.896824 1.83598 0.318828 -0.22465 0.249096 2.22587 0.394836 -0.758084 2.86522 0.707027 -2.99698 2.97783 3.03854 -0.637605 
-2.22016 -1.76575 -0.875737 0.847183 1.57681 1.07735 -1.2593 1.25941 -2.54378 -1.08095 -0.732615 2.08477 0.900002 -2.42871 -1.07773 0.0199435 -0.91383 1.82399 0.214456 -0.141456 0.118307 2.19612 0.394795 -0.670141 2.80314 0.735126 -2.97618 2.93904 3.08825 -0.636162 
-2.20024 -1.76935 -0.80747 0.854093 1.56117 1.13942 -1.19051 1.21179 -2.50935 -1.07139 -0.670574 2.02247 0.925735 -2.38784 -1.06301 -0.00891821 -0.933074 1.81719 0.146315 -0.0934492 0.0345806 2.16792 0.397892 -0.617974 2.75935 0.750837 -2.9589 2.91369 3.13272 -0.627272 
-2.19049 -1.77849 -0.784605 0.878931 1.54285 1.13188 -1.18933 1.19838 -2.50479 -1.05369 -0.668614 2.0122 0.940917 -2.38472 -1.07057 -0.0103591 -0.944341 1.82364 0.133615 -0.0856235 0.0192855 2.13982 0.393987 -0.618483 2.76663 0.766013 -2.97172 2.9143 3.16022 -0.617059 
-2.1955 -1.78011 -0.808443 0.891032 1.5425 1.09631 -1.21147 1.17753 -2.51427 -1.0383 -0.681893 2.01765 0.93984 -2.37148 -1.07744 -0.00217241 -0.956214 1.83726 0.145736 -0.089833 0.0390262 2.13677 0.378255 -0.631749 2.78711 0.75618 -2.99743 2.93166 3.17873 -0.595515 
-2.17849 -1.77776 -0.828422 0.889898 1.53833 1.06076 -1.22072 1.15971 -2.51115 -1.01433 -0.685698 2.02111 0.932369 -2.35345 -1.07163 0.007307 -0.962083 1.84271 0.17479 -0.0874724 0.0586324 2.1325 0.337126 -0.614509 2.82173 0.742455 -3.04224 2.95249 3.17523 -0.565335 
-2.19621 -1.75338 -0.860012 0.886566 1.57338 1.00781 -1.26373 1.15416 -2.51703 -1.00622 -0.70616 1.99944 0.884628 -2.34855 -1.08968 0.0153384 -0.94433 1.87425 0.137318 -0.0945633 0.0665203 2.15587 0.328465 -0.653113 2.80076 0.675395 -3.04459 2.97114 3.1678 -0.541826 
-2.21329 -1.71284 -0.92225 0.90703 1.66004 0.911781 -1.33346 1.14378 -2.52209 -1.00568 -0.744863 1.92041 0.798191 -2.38528 -1.11518 0.0313003 -0.914855 1.94205 0.0220954 -0.0637701 0.0518715 2.18452 0.319936 -0.724086 2.74543 0.553409 -2.98789 3.01126 3.17354 -0.535873 
-2.23407 -1.70464 -0.968633 0.922511 1.69376 0.851467 -1.36278 1.13881 -2.5352 -0.987436 -0.767779 1.91285 0.775739 -2.41129 -1.1446 0.0455362 -0.904982 1.9635 -0.0137428 -0.0657963 0.0600614 2.20983 0.309087 -0.760051 2.72651 0.507994 -2.96878 3.02019 3.19005 -0.525751 
-2.22548 -1.69952 -1.01279 0.975951 1.72706 0.840851 -1.36703 1.09565 -2.56415 -0.954048 -0.833672 1.95212 0.771144 -2.49721 -1.21012 0.106859 -0.903105 1.9564 0.0237854 -0.0931604 0.0800484 2.23213 0.250955 -0.759959 2.70098 0.486367 -2.92328 3.02171 3.21247 -0.520588 
-2.21708 -1.68386 -1.03934 1.00237 1.73694 0.837688 -1.35265 1.07221 -2.59364 -0.916204 -0.874797 1.97801 0.767496 -2.54732 -1.25173 0.149962 -0.889039 1.94914 0.0509377 -0.108481 0.119712 2.24755 0.207075 -0.765417 2.70152 0.471261 -2.92559 3.02274 3.20818 -0.527123 
-2.21076 -1.68219 -1.06242 1.00731 1.74208 0.843483 -1.35064 1.05794 -2.59312 -0.893621 -0.889042 2.00574 0.786515 -2.56407 -1.2602 0.187162 -0.882678 1.95981 0.076533 -0.133223 0.148517 2.25825 0.177107 -0.771939 2.71761 0.484123 -2.94671 3.02795 3.20975 -0.52749 
-2.22187 -1.68564 -1.07553 1.00264 1.73934 0.851589 -1.34593 1.03904 -2.58321 -0.883477 -0.8726 2.02019 0.807729 -2.54241 -1.23913 0.200075 -0.896048 1.9583 0.0925378 -0.127797 0.160491 2.24976 0.168197 -0.759426 2.7545 0.501431 -2.97573 3.0529 3.22942 -0.534068 
-2.22312 -1.66853 -1.09658 0.982384 1.73073 0.852418 -1.37579 0.997447 -2.54357 -0.861967 -0.853022 2.02564 0.856427 -2.48867 -1.23688 0.191342 -0.910546 1.98706 0.126044 -0.13638 0.167863 2.28524 0.168897 -0.787535 2.76473 0.590475 -2.97486 3.05159 3.20835 -0.528418 
-2.23009 -1.68927 -1.09263 0.957552 1.71927 0.860153 -1.38358 0.992639 -2.53038 -0.840099 -0.826271 2.04253 0.8633 -2.42533 -1.24826 0.197219 -0.921701 2.0033 0.161917 -0.132567 0.174316 2.29847 0.16057 -0.777252 2.77997 0.647906 -2.97731 3.0458 3.19393 -0.50148 
-2.22095 -1.70033 -1.11116 0.930257 1.72181 0.861586 -1.3891 0.995303 -2.50154 -0.825981 -0.825551 2.05791 0.87931 -2.35037 -1.25932 0.202943 -0.928036 2.01641 0.207007 -0.149083 0.201957 2.30995 0.1573 -0.783379 2.78902 0.748246 -2.97018 3.03356 3.15691 -0.460185 
-2.20705 -1.65818 -1.11916 0.922063 1.72462 0.852922 -1.39132 0.970335 -2.4599 -0.829846 -0.844455 2.07136 0.938651 -2.32156 -1.24031 0.214927 -0.94048 2.02356 0.230751 -0.144104 0.246728 2.33399 0.183924 -0.803671 2.77091 0.822289 -2.95506 3.062 3.11072 -0.493564 
-2.17215 -1.57282 -1.12877 0.911403 1.72619 0.834881 -1.40644 0.892276 -2.41238 -0.840369 -0.878198 2.06772 1.06342 -2.29845 -1.19476 0.230584 -0.940073 2.05069 0.234073 -0.115657 0.302837 2.37849 0.231236 -0.860899 2.72188 0.893756 -2.91317 3.11458 3.05824 -0.569944 
-2.17696 -1.48451 -1.09994 0.925738 1.70876 0.84747 -1.45936 0.859408 -2.38686 -0.892705 -0.891265 2.08591 1.1998 -2.30789 -1.10955 0.267513 -0.943412 2.06971 0.248702 -0.0639975 0.375599 2.44137 0.312358 -0.913311 2.6945 0.908267 -2.8361 3.12023 3.05599 -0.653576 
-2.24079 -1.44105 -1.03296 0.944644 1.67893 0.872986 -1.52554 0.890659 -2.39337 -0.947089 -0.884894 2.10696 1.30197 -2.31306 -1.01812 0.327591 -0.964411 2.0725 0.283074 -0.0266916 0.446096 2.48525 0.369004 -0.940875 2.69805 0.88513 -2.76338 3.08326 3.1101 -0.694293 
-2.30548 -1.40431 -0.953166 0.961809 1.64941 0.899141 -1.60281 0.922647 -2.40391 -1.03039 -0.858192 2.12196 1.41181 -2.32267 -0.921268 0.400422 -0.980145 2.08171 0.319003 0.0307294 0.517821 2.549 0.435001 -0.974705 2.69616 0.858137 -2.6895 3.03555 3.15639 -0.742012 
-2.35116 -1.38667 -0.915461 0.980855 1.64009 0.936371 -1.62359 0.944391 -2.41747 -1.10563 -0.796453 2.12364 1.45319 -2.32336 -0.881597 0.431135 -1.01595 2.07325 0.298085 0.0487361 0.531504 2.55219 0.477883 -0.969163 2.71791 0.849769 -2.64548 3.03194 3.2027 -0.71725 
-2.40683 -1.36084 -0.869025 1.052 1.63367 0.958368 -1.64596 0.958562 -2.44619 -1.18154 -0.70627 2.1149 1.4443 -2.32461 -0.858949 0.449529 -1.04933 2.06825 0.284227 0.0716865 0.519722 2.51539 0.489274 -0.925496 2.75437 0.829757 -2.59866 3.05646 3.25602 -0.644799 
-2.43453 -1.35198 -0.840743 1.1623 1.64801 0.963757 -1.63572 0.928051 -2.46501 -1.24721 -0.617277 2.09814 1.41461 -2.283 -0.869405 0.450075 -1.08197 2.08243 0.221975 0.0741498 0.465984 2.44735 0.482642 -0.877268 2.79656 0.838535 -2.56908 3.1455 3.30711 -0.534594 
-2.4296 -1.33786 -0.814035 1.22258 1.65549 0.975328 -1.57535 0.898117 -2.45339 -1.28582 -0.568984 2.10812 1.40222 -2.25797 -0.880248 0.442511 -1.09353 2.09317 0.179474 0.0695244 0.423388 2.4094 0.473074 -0.834299 2.81347 0.850149 -2.57207 3.22062 3.33767 -0.475591 
-2.42827 -1.31422 -0.790182 1.30077 1.66436 0.980486 -1.49307 0.855475 -2.45419 -1.30402 -0.506197 2.10583 1.37779 -2.24145 -0.885582 0.416723 -1.11263 2.10976 0.102659 0.0605629 0.361604 2.36741 0.480378 -0.786741 2.82507 0.874236 -2.56614 3.30648 3.36358 -0.397949 
-2.39658 -1.24369 -0.812581 1.37187 1.65354 1.03203 -1.38825 0.816193 -2.41883 -1.32516 -0.478916 1.98829 1.36097 -2.24159 -0.906268 0.35678 -1.07185 2.02636 -0.0401695 0.0659089 0.33393 2.34351 0.50825 -0.658204 2.80766 0.892391 -2.55191 3.35295 3.36058 -0.383817 
