Mean 0 Mean 1 Mean 2 Mean 3 Mean 4 Mean 5 Mean 6 Mean 7 Mean 8 Mean 9 Mean 10 Mean 11 Mean 12 Mean 13 Mean 14 Mean 15 Mean 16 Mean 17 Mean 18 Mean 19 Mean 20 Mean 21 Mean 22 Mean 23 Mean 24 Mean 25 Mean 26 Mean 27 Mean 28 Mean 29 
0.912973 -1.55762 -2.50017 0.892288 2.25374 -2.63555 0.919036 -2.32327 -1.54404 -2.40105 1.47038 2.632 -0.850012 0.806608 -1.23953 0.580183 -0.656599 -0.00203115 0.577587 -2.78138 -0.803217 -2.48753 0.430024 1.06714 2.64286 -2.68481 -2.07761 2.3379 0.752208 -0.0383671 
0.902026 -1.55341 -2.51144 0.885997 2.24715 -2.64479 0.923965 -2.32506 -1.54052 -2.40307 1.47344 2.62741 -0.851982 0.814518 -1.24616 0.571463 -0.642478 -0.0051553 0.579897 -2.77308 -0.803476 -2.50362 0.419121 1.06627 2.64073 -2.69404 -2.07679 2.34893 0.760897 -0.0527567 
0.919956 -1.54475 -2.50147 0.887129 2.24716 -2.64265 0.9291 -2.32531 -1.55254 -2.40825 1.47866 2.62034 -0.844924 0.819166 -1.24058 0.553764 -0.652509 -0.014837 0.591363 -2.77929 -0.799878 -2.50112 0.421531 1.07258 2.64876 -2.68871 -2.07084 2.34605 0.761863 -0.0474116 
0.92525 -1.54729 -2.49283 0.885449 2.26044 -2.63867 0.932237 -2.32482 -1.57034 -2.40803 1.47413 2.61899 -0.835728 0.827156 -1.25276 0.546143 -0.654768 -0.0125004 0.595865 -2.77828 -0.810602 -2.50719 0.426481 1.0806 2.6488 -2.68767 -2.07344 2.34359 0.766233 -0.0485228 
0.929899 -1.53893 -2.47693 0.883858 2.26013 -2.64063 0.934055 -2.33033 -1.5837 -2.41395 1.47172 2.62573 -0.837448 0.837599 -1.26137 0.541864 -0.663048 -0.0198596 0.599891 -2.77375 -0.811793 -2.50587 0.430243 1.0851 2.65029 -2.68045 -2.07543 2.33687 0.779816 -0.053825 
0.931871 -1.52826 -2.46079 0.878707 2.23994 -2.63753 0.938414 -2.35356 -1.59303 -2.41192 1.47928 2.61303 -0.844628 0.843473 -1.28002 0.553027 -0.666437 -0.0272355 0.609507 -2.7727 -0.801008 -2.50192 0.424324 1.08947 2.64599 -2.6702 -2.05728 2.34022 0.78497 -0.0473807 
0.935592 -1.51745 -2.44323 0.873801 2.22227 -2.63237 0.94642 -2.37319 -1.61058 -2.4053 1.48736 2.59808 -0.855161 0.846507 -1.29664 0.557009 -0.674884 -0.028989 0.619427 -2.75936 -0.786233 -2.49374 0.419635 1.09816 2.64167 -2.66315 -2.0603 2.32946 0.790672 -0.0474334 
0.936703 -1.50811 -2.42917 0.868594 2.20072 -2.62365 0.955683 -2.39083 -1.62432 -2.39891 1.50323 2.58631 -0.865571 0.857105 -1.31051 0.562928 -0.68605 -0.0291837 0.622737 -2.75141 -0.772531 -2.48537 0.415953 1.09839 2.64195 -2.65441 -2.0513 2.32265 0.796195 -0.0440382 
0.933577 -1.49787 -2.43268 0.863811 2.20191 -2.62765 0.95556 -2.38798 -1.64087 -2.39918 1.51047 2.57036 -0.866603 0.860633 -1.324 0.566813 -0.683291 -0.0255429 0.622498 -2.75486 -0.771365 -2.48947 0.413365 1.10145 2.64528 -2.66436 -2.05349 2.32018 0.805867 -0.0560712 
0.925372 -1.49792 -2.42665 0.850231 2.20287 -2.62538 0.946856 -2.38183 -1.66225 -2.39856 1.52297 2.55021 -0.874871 0.860877 -1.32628 0.567752 -0.681295 -0.0180929 0.617736 -2.75845 -0.774124 -2.48151 0.417371 1.09282 2.6512 -2.67271 -2.06806 2.30864 0.812846 -0.0496715 
0.921404 -1.50172 -2.41977 0.833759 2.19951 -2.60475 0.935498 -2.36631 -1.68475 -2.39343 1.53294 2.53628 -0.873017 0.866098 -1.33069 0.57107 -0.691657 -0.0115425 0.60305 -2.76732 -0.773285 -2.47325 0.424787 1.08805 2.65269 -2.68257 -2.06838 2.3028 0.828572 -0.0356971 
0.913816 -1.5142 -2.39193 0.79787 2.1925 -2.57789 0.915203 -2.33289 -1.70601 -2.38443 1.55484 2.52235 -0.891104 0.874011 -1.34051 0.589298 -0.699342 -0.0355056 0.56481 -2.78483 -0.774912 -2.44153 0.427272 1.0861 2.65004 -2.69238 -2.07051 2.31033 0.843292 -0.00501168 
0.904851 -1.52156 -2.37415 0.781032 2.18268 -2.57446 0.898736 -2.31681 -1.7215 -2.38316 1.56947 2.51847 -0.901623 0.879687 -1.35859 0.596492 -0.699175 -0.0545163 0.545574 -2.7888 -0.779746 -2.42751 0.426298 1.08273 2.64925 -2.69275 -2.07829 2.30571 0.859558 0.00140507 
0.902501 -1.56991 -2.34551 0.746583 2.13776 -2.51852 0.896286 -2.3041 -1.77168 -2.34847 1.58588 2.50194 -0.896202 0.938198 -1.36492 0.643083 -0.733572 -0.0478329 0.567201 -2.76647 -0.712771 -2.44611 0.419711 1.10353 2.59998 -2.72482 -2.07556 2.29142 0.862287 0.0422202 
0.890905 -1.58624 -2.33165 0.732787 2.12651 -2.49361 0.879658 -2.29771 -1.78819 -2.33193 1.59825 2.49222 -0.897505 0.957755 -1.36758 0.654542 -0.742908 -0.04154 0.569234 -2.76493 -0.691935 -2.45131 0.410838 1.10578 2.58945 -2.73509 -2.07396 2.29151 0.870125 0.0523681 
0.885909 -1.61547 -2.30617 0.732948 2.11328 -2.49437 0.866838 -2.29633 -1.80037 -2.32096 1.61844 2.47996 -0.896236 0.986328 -1.37728 0.670266 -0.759222 -0.0289468 0.586278 -2.7572 -0.666496 -2.46267 0.39345 1.1116 2.5704 -2.74989 -2.06353 2.27986 0.885651 0.0566668 
0.874778 -1.64953 -2.26626 0.732365 2.16344 -2.49972 0.863036 -2.28471 -1.79855 -2.30193 1.63378 2.4846 -0.89961 0.999571 -1.40623 0.716977 -0.788828 -0.00783052 0.63222 -2.79652 -0.655123 -2.43682 0.362681 1.12517 2.55611 -2.75067 -2.03728 2.28117 0.892125 0.0387303 
0.890251 -1.71495 -2.18646 0.741562 2.32094 -2.52766 0.896292 -2.26028 -1.78394 -2.26239 1.64367 2.50344 -0.917385 0.997994 -1.46015 0.842064 -0.862489 0.0145071 0.755034 -2.87571 -0.63976 -2.34513 0.287362 1.17146 2.50914 -2.73749 -1.98472 2.27228 0.861952 -0.0221321 
0.888071 -1.72224 -2.17442 0.749668 2.35274 -2.54339 0.884837 -2.27544 -1.77956 -2.26505 1.62759 2.51509 -0.927219 1.00612 -1.47581 0.853596 -0.870235 0.0446928 0.772945 -2.87609 -0.632871 -2.3386 0.258726 1.16482 2.5036 -2.74824 -1.98984 2.25775 0.861199 -0.0291722 
0.883957 -1.7104 -2.18577 0.724632 2.31573 -2.5376 0.859669 -2.28572 -1.78188 -2.25803 1.60482 2.50971 -0.913414 0.988445 -1.45365 0.857178 -0.873496 0.0459729 0.733734 -2.81288 -0.64423 -2.3773 0.256681 1.12339 2.51808 -2.78111 -1.96406 2.25433 0.855354 -0.00917067 
0.867884 -1.70436 -2.21937 0.69054 2.25203 -2.53848 0.819319 -2.27219 -1.76588 -2.23833 1.57664 2.50003 -0.884417 0.941176 -1.42752 0.855948 -0.886946 0.0403387 0.694204 -2.73969 -0.67164 -2.4215 0.257013 1.09145 2.53803 -2.80401 -1.9209 2.25613 0.840245 0.0105611 
0.868906 -1.68209 -2.23109 0.65011 2.22306 -2.54574 0.787918 -2.2802 -1.78334 -2.23376 1.53548 2.51155 -0.850611 0.900451 -1.38814 0.889106 -0.897489 0.0298539 0.659135 -2.64745 -0.693416 -2.45614 0.264576 1.02289 2.56345 -2.85701 -1.87057 2.24072 0.833281 0.0368929 
0.837502 -1.66347 -2.21913 0.678913 2.22341 -2.59181 0.734862 -2.29388 -1.77024 -2.24398 1.55874 2.54125 -0.786342 0.888015 -1.35296 0.902849 -0.904954 0.0313296 0.660688 -2.592 -0.674608 -2.44212 0.290042 0.9672 2.58289 -2.90729 -1.84719 2.22096 0.89118 0.0352324 
0.801424 -1.66509 -2.19769 0.716447 2.22534 -2.62477 0.682552 -2.29441 -1.75358 -2.26021 1.59774 2.58662 -0.706225 0.88195 -1.31468 0.919329 -0.923288 0.0246464 0.684451 -2.54898 -0.65079 -2.42076 0.314929 0.925289 2.60838 -2.9408 -1.8322 2.19633 0.952386 0.0153578 
0.808364 -1.67233 -2.22676 0.725458 2.23691 -2.68662 0.684693 -2.30834 -1.74612 -2.23676 1.61439 2.6074 -0.706558 0.888348 -1.32114 0.894806 -0.934933 0.0114698 0.678738 -2.56941 -0.655754 -2.39782 0.31666 0.917919 2.62677 -2.91818 -1.87604 2.21054 0.954831 0.0379387 
0.879822 -1.67011 -2.34681 0.816374 2.26433 -2.82894 0.71271 -2.29095 -1.66757 -2.24718 1.65635 2.62292 -0.622195 0.858963 -1.29796 0.753422 -0.997942 -0.0564096 0.724458 -2.52111 -0.668302 -2.33092 0.420749 0.895827 2.65373 -2.87634 -2.01987 2.21328 0.915318 0.023958 
0.995033 -1.65891 -2.50771 0.952562 2.30043 -3.02528 0.750981 -2.24686 -1.54254 -2.28127 1.71518 2.63749 -0.473698 0.817533 -1.25181 0.528858 -1.09879 -0.168582 0.804135 -2.41888 -0.695036 -2.2205 0.590664 0.867132 2.67076 -2.83197 -2.21165 2.22011 0.849764 -0.0228181 
1.07753 -1.65906 -2.62949 1.05896 2.32386 -3.16142 0.779584 -2.22584 -1.45307 -2.29766 1.76066 2.63665 -0.362276 0.791129 -1.22628 0.321787 -1.17349 -0.229562 0.851494 -2.3403 -0.720554 -2.14262 0.719488 0.850131 2.6696 -2.80667 -2.36031 2.22676 0.801604 -0.0542381 
1.08877 -1.66169 -2.68391 1.09261 2.33928 -3.23693 0.779833 -2.22646 -1.43331 -2.28481 1.79327 2.6259 -0.310482 0.793261 -1.23004 0.213511 -1.19585 -0.231895 0.841176 -2.31808 -0.741391 -2.1214 0.769244 0.853372 2.67364 -2.77994 -2.40477 2.23816 0.799226 -0.0413409 
1.06663 -1.67046 -2.68274 1.13035 2.37463 -3.29767 0.754586 -2.21868 -1.45273 -2.25555 1.8398 2.61224 -0.34978 0.781223 -1.24352 0.194299 -1.16105 -0.192433 0.76539 -2.33178 -0.78924 -2.13203 0.754308 0.833783 2.65943 -2.7723 -2.3668 2.26029 0.840924 -0.00630479 
1.01695 -1.70473 -2.65097 1.18489 2.40903 -3.34218 0.734868 -2.21515 -1.49303 -2.22763 1.91671 2.61761 -0.381262 0.776848 -1.24302 0.17447 -1.12322 -0.152594 0.746566 -2.4041 -0.816351 -2.12772 0.745656 0.805024 2.65676 -2.73903 -2.30893 2.26681 0.897487 0.0439062 
0.957491 -1.74633 -2.60534 1.26439 2.44571 -3.41555 0.701865 -2.20594 -1.55379 -2.18075 2.05712 2.63222 -0.394393 0.771903 -1.23846 0.121692 -1.0731 -0.10296 0.732858 -2.51383 -0.850443 -2.11181 0.749486 0.771296 2.65493 -2.69231 -2.21395 2.26302 0.979273 0.127524 
0.975328 -1.73483 -2.61814 1.29911 2.46047 -3.42533 0.688565 -2.21894 -1.56757 -2.19664 2.10686 2.62142 -0.368267 0.779091 -1.24102 0.136838 -1.04927 -0.0901696 0.719458 -2.55123 -0.847092 -2.12772 0.730728 0.77263 2.65059 -2.65644 -2.1974 2.26371 0.941916 0.157303 
0.995936 -1.71192 -2.63166 1.28158 2.46234 -3.38504 0.678809 -2.23427 -1.57527 -2.1979 2.12922 2.597 -0.351808 0.782347 -1.2219 0.173716 -1.03226 -0.0861076 0.712987 -2.54561 -0.854043 -2.15473 0.712064 0.794725 2.64125 -2.63432 -2.19333 2.26106 0.887021 0.146842 
1.00918 -1.68499 -2.66776 1.27182 2.46329 -3.37446 0.656439 -2.23613 -1.60056 -2.20589 2.11834 2.5768 -0.308787 0.773154 -1.20885 0.182725 -1.04394 -0.103282 0.702522 -2.56536 -0.8431 -2.16012 0.719773 0.821556 2.60437 -2.61101 -2.19792 2.25757 0.823461 0.117124 
0.999397 -1.69684 -2.70949 1.2698 2.44257 -3.40988 0.589483 -2.22014 -1.67103 -2.25544 2.11821 2.54758 -0.246308 0.73923 -1.21042 0.166767 -1.05087 -0.106403 0.702849 -2.59037 -0.820026 -2.15756 0.735979 0.846374 2.5329 -2.56461 -2.20796 2.22399 0.760857 0.117455 
1.00689 -1.72039 -2.71228 1.26071 2.42934 -3.447 0.523348 -2.21155 -1.81184 -2.3396 2.14401 2.48949 -0.161097 0.713961 -1.22883 0.0985512 -1.03647 -0.0864427 0.662391 -2.64417 -0.808927 -2.15205 0.711953 0.903148 2.45156 -2.49951 -2.20879 2.2079 0.719165 0.119827 
1.00368 -1.69688 -2.64339 1.24822 2.42524 -3.38471 0.548783 -2.23751 -1.87271 -2.356 2.16965 2.46949 -0.127835 0.721231 -1.2064 0.0825418 -1.04279 -0.0785493 0.618173 -2.6825 -0.835575 -2.13999 0.660784 0.947031 2.43887 -2.48408 -2.17511 2.23815 0.763012 0.116042 
0.986011 -1.6751 -2.62294 1.22453 2.45679 -3.3465 0.569078 -2.27107 -1.91779 -2.34004 2.20094 2.47725 -0.0963755 0.727276 -1.16226 0.111657 -1.07318 -0.0899713 0.590226 -2.73671 -0.836221 -2.10608 0.628165 0.934868 2.44517 -2.44411 -2.16553 2.28176 0.772813 0.144105 
0.975503 -1.64741 -2.62878 1.19058 2.48301 -3.31662 0.57655 -2.29029 -1.95525 -2.33606 2.23424 2.50227 -0.0713192 0.738449 -1.10959 0.135623 -1.10224 -0.102057 0.574098 -2.79341 -0.835144 -2.08191 0.621787 0.905975 2.42133 -2.41863 -2.15562 2.31098 0.782581 0.165215 
