Mean 0 Mean 1 Mean 2 Mean 3 Mean 4 Mean 5 Mean 6 Mean 7 Mean 8 Mean 9 Mean 10 Mean 11 Mean 12 Mean 13 Mean 14 Mean 15 Mean 16 Mean 17 Mean 18 Mean 19 Mean 20 Mean 21 Mean 22 Mean 23 Mean 24 Mean 25 Mean 26 Mean 27 Mean 28 Mean 29 
-2.4608 -1.32747 -2.11237 -2.16478 2.73851 -1.19073 0.980496 -2.34779 0.970224 -2.16821 -0.941329 2.57595 -1.11007 1.01988 -2.0386 -0.397951 2.66263 2.07118 2.91443 0.22273 -1.03706 -0.396054 2.82723 0.464728 0.140861 2.98545 -2.46882 -0.443743 -2.08361 -0.375623 
-2.45051 -1.32617 -2.12387 -2.16592 2.74017 -1.20366 0.992538 -2.34486 0.960087 -2.17763 -0.949413 2.56955 -1.10348 1.02307 -2.03771 -0.399618 2.66444 2.06976 2.92063 0.212571 -1.04521 -0.398932 2.82728 0.473613 0.150251 2.99296 -2.47292 -0.443391 -2.59412 -0.375358 
-2.45931 -1.32736 -2.11572 -2.161 2.74043 -1.20643 0.993197 -2.3468 0.960372 -2.17176 -0.934042 2.56107 -1.10231 1.02469 -2.02472 -0.400682 2.65536 2.06581 2.92081 0.218338 -1.04322 -0.400796 2.82534 0.464519 0.14391 2.98481 -2.47007 -0.44582 -2.76286 -0.383328 
-2.43773 -1.33882 -2.12106 -2.15936 2.71105 -1.2054 0.999484 -2.35558 0.946898 -2.1778 -0.93144 2.56823 -1.08794 1.03439 -2.0244 -0.384863 2.65036 2.05756 2.92894 0.186997 -1.04429 -0.416102 2.825 0.491459 0.15883 2.98549 -2.4678 -0.441431 -2.86248 -0.377263 
-2.44631 -1.33108 -2.10568 -2.16854 2.71246 -1.20546 0.995641 -2.35411 0.942476 -2.16697 -0.921277 2.552 -1.09152 1.03732 -2.02904 -0.388988 2.64857 2.05836 2.92648 0.201976 -1.04932 -0.404279 2.82123 0.486645 0.146554 2.98889 -2.47551 -0.446394 -2.90478 -0.373434 
-2.45463 -1.32444 -2.07489 -2.19099 2.7119 -1.21899 0.989883 -2.33885 0.938985 -2.16287 -0.915983 2.52736 -1.0911 1.03394 -2.03817 -0.380856 2.65347 2.05377 2.91217 0.211569 -1.06215 -0.378927 2.82049 0.485662 0.136597 2.99476 -2.49997 -0.445389 -2.94483 -0.364916 
-2.46103 -1.31711 -2.04275 -2.21812 2.71684 -1.22723 0.984306 -2.33358 0.933292 -2.1578 -0.912132 2.49553 -1.09267 1.0346 -2.04925 -0.370011 2.65732 2.05209 2.88646 0.220211 -1.07137 -0.358982 2.81438 0.489766 0.130098 3.00533 -2.52234 -0.443643 -2.97557 -0.346015 
-2.47658 -1.31194 -2.03462 -2.23249 2.71875 -1.24116 0.974668 -2.32886 0.924662 -2.14371 -0.905834 2.47491 -1.08855 1.03416 -2.05579 -0.374129 2.6563 2.05912 2.85961 0.218996 -1.06563 -0.363706 2.80774 0.495439 0.137803 2.99137 -2.53395 -0.444893 -2.98031 -0.342113 
-2.48811 -1.31846 -2.02783 -2.26371 2.70319 -1.26988 0.974312 -2.33045 0.897762 -2.12865 -0.899129 2.46418 -1.07843 1.03184 -2.06502 -0.387419 2.64252 2.07044 2.83563 0.23909 -1.05221 -0.363535 2.79103 0.493207 0.14234 2.97878 -2.56765 -0.45708 -2.98794 -0.335627 
-2.49722 -1.3201 -2.03228 -2.28295 2.70157 -1.28519 0.963434 -2.31666 0.879737 -2.11046 -0.884506 2.43962 -1.07114 1.03611 -2.07101 -0.39324 2.6405 2.07796 2.79913 0.230658 -1.04707 -0.376776 2.78324 0.49712 0.154859 2.95373 -2.57061 -0.46195 -2.97675 -0.325769 
-2.5032 -1.31555 -2.04168 -2.28618 2.70106 -1.28089 0.94444 -2.30839 0.870845 -2.09957 -0.871046 2.41173 -1.07385 1.03825 -2.07412 -0.394648 2.64016 2.08763 2.77368 0.216988 -1.05034 -0.384797 2.77779 0.50271 0.160961 2.93348 -2.56113 -0.475594 -2.96027 -0.317138 
-2.49551 -1.32115 -2.05379 -2.28678 2.70447 -1.25201 0.921331 -2.26656 0.870003 -2.09078 -0.861048 2.37911 -1.08439 1.03723 -2.08046 -0.407224 2.6603 2.11125 2.72479 0.18583 -1.06439 -0.408038 2.7818 0.498154 0.172204 2.89792 -2.54115 -0.496486 -2.92713 -0.286084 
-2.5024 -1.31351 -2.0528 -2.27595 2.71042 -1.26247 0.903501 -2.2744 0.859948 -2.07946 -0.843582 2.35518 -1.08499 1.03464 -2.09085 -0.405132 2.66271 2.10952 2.71935 0.172409 -1.06471 -0.406455 2.77404 0.502541 0.179894 2.87687 -2.52649 -0.490979 -2.90585 -0.295488 
-2.49708 -1.32369 -2.05046 -2.27032 2.71476 -1.25667 0.88725 -2.2816 0.845677 -2.07864 -0.813909 2.35454 -1.09888 1.03864 -2.11673 -0.402076 2.64867 2.11434 2.72736 0.143975 -1.05289 -0.405229 2.77591 0.472911 0.194008 2.86706 -2.50258 -0.474576 -2.87026 -0.298181 
-2.48316 -1.32246 -2.07197 -2.26802 2.71792 -1.25584 0.884415 -2.30072 0.825567 -2.07707 -0.782588 2.35255 -1.12176 1.03463 -2.14587 -0.386818 2.62796 2.11071 2.71768 0.118084 -1.02797 -0.386667 2.7702 0.43834 0.195289 2.8335 -2.48365 -0.467629 -2.84238 -0.308731 
-2.45365 -1.31783 -2.11886 -2.28862 2.72612 -1.25258 0.904021 -2.34223 0.772105 -2.07632 -0.72335 2.39657 -1.14612 1.04549 -2.1766 -0.357796 2.58763 2.10128 2.70776 0.0758247 -0.969851 -0.34443 2.76398 0.359646 0.212231 2.7545 -2.48026 -0.448228 -2.82369 -0.338482 
-2.43627 -1.31631 -2.1656 -2.31008 2.71483 -1.2674 0.930075 -2.3898 0.714969 -2.05768 -0.648125 2.43958 -1.16848 1.05462 -2.19437 -0.32822 2.53647 2.09962 2.70021 0.0575118 -0.901223 -0.31081 2.75568 0.284031 0.227908 2.67537 -2.49264 -0.432046 -2.82149 -0.367733 
-2.41626 -1.30237 -2.20343 -2.31998 2.70689 -1.27451 0.953767 -2.42991 0.669198 -2.04356 -0.583799 2.47227 -1.19206 1.06319 -2.21244 -0.296923 2.50382 2.09148 2.69826 0.0237275 -0.851272 -0.275089 2.75111 0.223444 0.239473 2.59633 -2.48753 -0.413563 -2.80731 -0.386598 
-2.39733 -1.29073 -2.22515 -2.3375 2.69058 -1.2676 0.974636 -2.44964 0.634207 -2.02763 -0.55263 2.48937 -1.21492 1.05917 -2.21627 -0.256053 2.48811 2.0773 2.69917 0.0155398 -0.829362 -0.263244 2.73887 0.171263 0.247172 2.53559 -2.45458 -0.397608 -2.8011 -0.379584 
-2.385 -1.27737 -2.23919 -2.34148 2.67281 -1.28069 0.99666 -2.47826 0.609355 -2.00081 -0.510635 2.49109 -1.23678 1.05193 -2.21957 -0.230341 2.48104 2.08413 2.69538 0.027787 -0.797216 -0.262175 2.72488 0.122548 0.241824 2.47796 -2.44915 -0.379495 -2.80161 -0.386793 
-2.38481 -1.25383 -2.25561 -2.33746 2.67773 -1.30517 0.988562 -2.49541 0.601167 -1.98252 -0.495251 2.4726 -1.27093 1.02971 -2.22751 -0.208809 2.48503 2.10438 2.67067 0.0554437 -0.791442 -0.26425 2.71779 0.0870145 0.225243 2.4173 -2.43943 -0.361804 -2.80627 -0.392319 
-2.38182 -1.22258 -2.27072 -2.34244 2.65959 -1.30041 0.988342 -2.50206 0.585768 -1.96385 -0.473656 2.48573 -1.29023 1.01185 -2.23445 -0.193375 2.48314 2.09959 2.66897 0.0678331 -0.788596 -0.255673 2.72043 0.0573077 0.227316 2.38535 -2.43348 -0.348372 -2.8024 -0.414675 
-2.36961 -1.19509 -2.27195 -2.34034 2.64596 -1.289 0.975306 -2.48358 0.603701 -1.93857 -0.457465 2.49591 -1.2888 0.99081 -2.23211 -0.206377 2.47172 2.08548 2.65975 0.0976605 -0.795693 -0.238394 2.73127 0.0595942 0.218493 2.38307 -2.46249 -0.344575 -2.78868 -0.44315 
-2.35613 -1.17158 -2.26345 -2.3248 2.64655 -1.27193 0.949642 -2.45724 0.647799 -1.90913 -0.430927 2.50283 -1.27397 0.970347 -2.2201 -0.242928 2.45744 2.067 2.65176 0.138026 -0.804243 -0.206749 2.73979 0.0846466 0.222107 2.41976 -2.52632 -0.33915 -2.77292 -0.499235 
-2.3456 -1.15166 -2.25356 -2.32123 2.65077 -1.2461 0.920149 -2.43328 0.684905 -1.88467 -0.405902 2.51713 -1.2628 0.950607 -2.21134 -0.273683 2.44877 2.04767 2.64867 0.16919 -0.814568 -0.171997 2.74466 0.107615 0.222454 2.45287 -2.58549 -0.327367 -2.75683 -0.55131 
-2.33337 -1.11703 -2.2509 -2.33365 2.63332 -1.2094 0.912935 -2.39164 0.717195 -1.85827 -0.356964 2.53882 -1.24839 0.925732 -2.2114 -0.297141 2.4455 2.01093 2.63153 0.150349 -0.804331 -0.122833 2.75548 0.135711 0.209386 2.49215 -2.67652 -0.309357 -2.69938 -0.60504 
-2.35768 -1.05312 -2.23838 -2.28868 2.62781 -1.2401 0.999262 -2.42143 0.82148 -1.793 -0.210263 2.45726 -1.26964 0.853503 -2.29618 -0.252787 2.56039 2.0231 2.65787 0.103896 -0.742325 -0.197629 2.72785 0.132199 0.139744 2.39761 -2.76314 -0.22063 -2.61416 -0.54647 
-2.38726 -0.953311 -2.22219 -2.22865 2.61832 -1.28905 1.13212 -2.47465 0.967853 -1.69912 -0.00571172 2.34421 -1.30929 0.752109 -2.43287 -0.171019 2.72756 2.03211 2.69425 0.0329142 -0.650044 -0.319367 2.68713 0.11098 0.0400493 2.22986 -2.86606 -0.100448 -2.50502 -0.454222 
-2.40988 -0.909552 -2.20771 -2.19015 2.61042 -1.32919 1.25252 -2.51748 1.09352 -1.64507 0.155594 2.26515 -1.32614 0.682137 -2.541 -0.113567 2.83483 2.04364 2.71076 -0.0270467 -0.58838 -0.407553 2.6565 0.0974913 -0.0281932 2.06766 -2.9214 -0.0264636 -2.43351 -0.381341 
-2.42779 -0.914227 -2.19147 -2.17666 2.60395 -1.36328 1.34809 -2.55196 1.11714 -1.62554 0.247028 2.22613 -1.32623 0.648914 -2.60122 -0.0775451 2.87163 2.05133 2.70767 -0.0666649 -0.572206 -0.468299 2.63544 0.0942898 -0.0565832 1.94379 -2.92259 0.0110074 -2.39845 -0.324703 
-2.45103 -0.930896 -2.18203 -2.15523 2.59847 -1.38735 1.42732 -2.58506 1.08578 -1.63448 0.307955 2.20523 -1.34267 0.639653 -2.62505 -0.0635356 2.86426 2.06405 2.70316 -0.0881328 -0.58398 -0.49447 2.63227 0.0803226 -0.0658539 1.86251 -2.91297 0.028596 -2.38954 -0.29096 
-2.49968 -0.915404 -2.17921 -2.09434 2.59439 -1.38305 1.4138 -2.61772 1.04982 -1.64064 0.34393 2.18197 -1.3968 0.628488 -2.63395 -0.0503112 2.90106 2.09589 2.72258 -0.0949805 -0.609086 -0.495735 2.65095 0.0421524 -0.110963 1.80751 -2.94905 0.054078 -2.43858 -0.30438 
-2.49693 -0.900938 -2.17759 -2.065 2.58425 -1.40332 1.42315 -2.655 1.06378 -1.61631 0.431786 2.15671 -1.41331 0.587557 -2.67335 -0.00514037 2.91289 2.1175 2.71643 -0.118151 -0.597767 -0.524712 2.63965 0.0135914 -0.130982 1.71393 -2.95885 0.0756966 -2.44046 -0.241311 
-2.47507 -0.923343 -2.17802 -2.04784 2.59371 -1.41234 1.41351 -2.68321 1.02813 -1.6158 0.516732 2.1824 -1.39073 0.569981 -2.65838 0.0299419 2.85184 2.11687 2.70034 -0.131844 -0.608438 -0.561337 2.62703 -0.00927 -0.116526 1.60238 -2.9544 0.0763317 -2.47893 -0.189465 
-2.47057 -1.0001 -2.16449 -2.04277 2.60308 -1.41617 1.34775 -2.70888 0.945675 -1.61338 0.624387 2.25489 -1.3673 0.5917 -2.60687 0.0309405 2.72469 2.08993 2.65553 -0.0993908 -0.641672 -0.567651 2.61812 -0.0554644 -0.110707 1.48578 -2.9299 0.06781 -2.57041 -0.112027 
-2.46713 -1.08215 -2.14284 -2.03024 2.59944 -1.41116 1.27673 -2.73479 0.870412 -1.61056 0.7374 2.31095 -1.33663 0.610478 -2.56759 0.0241393 2.61465 2.0701 2.62738 -0.0693559 -0.674978 -0.55801 2.61179 -0.096327 -0.117861 1.37661 -2.9079 0.0459812 -2.6453 -0.038983 
-2.48278 -1.15207 -2.11372 -2.03022 2.60736 -1.41254 1.18938 -2.75937 0.819213 -1.58187 0.815243 2.35444 -1.311 0.622928 -2.57975 0.0183165 2.51779 2.05242 2.6007 -0.0599427 -0.721937 -0.546507 2.60856 -0.117837 -0.132221 1.29168 -2.85412 0.0506239 -2.68628 0.0385523 
-2.48667 -1.23286 -2.1261 -2.0147 2.61348 -1.46515 1.07126 -2.75122 0.725935 -1.61396 0.853643 2.35389 -1.26118 0.622093 -2.58751 -0.0339904 2.46295 2.05087 2.59925 -0.0875749 -0.742293 -0.512504 2.61677 -0.113134 -0.184266 1.19686 -2.81787 0.0234179 -2.7437 0.0855027 
-2.49327 -1.29865 -2.17825 -2.01388 2.63433 -1.51298 0.932783 -2.71462 0.606351 -1.67604 0.851276 2.35161 -1.1788 0.635927 -2.5997 -0.111102 2.42174 2.0549 2.6022 -0.117178 -0.753853 -0.461946 2.62174 -0.111491 -0.26008 1.08432 -2.78795 -0.0275425 -2.8188 0.132816 
-2.50434 -1.36087 -2.2252 -2.01638 2.65061 -1.55119 0.82597 -2.68502 0.492095 -1.73103 0.849747 2.34502 -1.13097 0.643676 -2.60391 -0.165505 2.39516 2.05062 2.61979 -0.133947 -0.772355 -0.417525 2.63369 -0.10812 -0.332294 0.993887 -2.74086 -0.0620045 -2.88561 0.17289 
