Mean 0 Mean 1 Mean 2 Mean 3 Mean 4 Mean 5 Mean 6 Mean 7 Mean 8 Mean 9 Mean 10 Mean 11 Mean 12 Mean 13 Mean 14 Mean 15 Mean 16 Mean 17 Mean 18 Mean 19 Mean 20 Mean 21 Mean 22 Mean 23 Mean 24 Mean 25 Mean 26 Mean 27 Mean 28 Mean 29 
0.895143 -1.67372 -2.34337 0.91754 1.46856 -1.28976 0.776433 -1.23397 1.03199 -2.28852 1.30221 1.27611 1.14341 0.969859 -1.26062 0.737932 -0.808911 1.85335 -2.78166 0.229132 2.68655 0.823178 2.65993 -2.37092 2.6914 0.570892 -2.4288 0.2849 -2.45426 0.191009 
0.897794 -1.68169 -2.3643 0.927316 1.47481 -1.29124 0.771291 -1.22873 1.03751 -2.30591 1.30272 1.27157 1.14976 0.96767 -1.26826 0.739815 -0.775926 1.84235 -2.78293 0.220105 2.68644 0.819436 2.64911 -2.73449 2.68835 0.567127 -2.43912 1.78985 -2.44656 0.197501 
0.901416 -1.68721 -2.38422 0.932443 1.48764 -1.28901 0.771149 -1.22746 1.03578 -2.31629 1.30407 1.26636 1.15171 0.968065 -1.27127 0.737282 -0.749627 1.82982 -2.78361 0.212233 2.68428 0.817057 2.6407 -2.85705 2.68315 0.569513 -2.44075 2.29119 -2.4444 0.196939 
0.898991 -1.69276 -2.39912 0.936127 1.50323 -1.2899 0.765735 -1.23335 1.03923 -2.31999 1.30193 1.26585 1.15085 0.961054 -1.28174 0.734602 -0.727023 1.82205 -2.77349 0.210877 2.67815 0.816848 2.6334 -2.91876 2.67428 0.567429 -2.44113 2.53934 -2.43946 0.201606 
0.896877 -1.70835 -2.41511 0.93778 1.52529 -1.28397 0.751776 -1.23999 1.03817 -2.32897 1.29602 1.26728 1.157 0.957361 -1.2884 0.740755 -0.692696 1.80939 -2.77508 0.203997 2.66852 0.819848 2.63264 -2.95027 2.65579 0.571201 -2.45338 2.68272 -2.45172 0.21117 
0.896807 -1.70813 -2.41883 0.934714 1.5323 -1.28099 0.74712 -1.25095 1.03943 -2.33547 1.30295 1.26067 1.15696 0.957471 -1.28928 0.736399 -0.673569 1.81016 -2.76611 0.199866 2.66717 0.812876 2.62336 -2.9666 2.65101 0.572612 -2.45856 2.76641 -2.45485 0.226603 
0.900381 -1.70768 -2.42431 0.93346 1.53234 -1.27908 0.74682 -1.2684 1.03219 -2.33707 1.3119 1.25396 1.15258 0.955996 -1.29471 0.743333 -0.660023 1.80186 -2.75716 0.196814 2.66678 0.807826 2.60884 -2.97423 2.63553 0.576599 -2.45418 2.82665 -2.45167 0.2337 
0.897371 -1.70779 -2.42345 0.929747 1.52801 -1.27821 0.74888 -1.27135 1.03202 -2.33115 1.32471 1.24384 1.14596 0.963218 -1.30284 0.751893 -0.667099 1.79803 -2.75777 0.198421 2.66095 0.803894 2.59848 -2.97772 2.63583 0.579279 -2.45203 2.87349 -2.43695 0.227903 
0.891278 -1.7035 -2.43134 0.92312 1.52812 -1.27633 0.74996 -1.25983 1.03227 -2.31646 1.33908 1.21981 1.14687 0.968429 -1.3113 0.754648 -0.685201 1.79676 -2.78297 0.18485 2.65732 0.803489 2.5936 -2.96655 2.64179 0.581006 -2.44777 2.903 -2.41548 0.220691 
0.881469 -1.69899 -2.43974 0.907897 1.51998 -1.27966 0.753524 -1.25173 1.02456 -2.2925 1.34879 1.20297 1.15001 0.9726 -1.31879 0.751497 -0.68953 1.79592 -2.81642 0.178761 2.66046 0.799108 2.58877 -2.96681 2.65064 0.581498 -2.44328 2.93531 -2.39234 0.210038 
0.878116 -1.69407 -2.44339 0.898373 1.51777 -1.27454 0.76303 -1.2415 1.01307 -2.27139 1.35686 1.18788 1.14376 0.974842 -1.3299 0.766053 -0.701618 1.78753 -2.83649 0.165898 2.65976 0.80145 2.58357 -2.9563 2.64751 0.57917 -2.43098 2.9503 -2.37448 0.199915 
0.872236 -1.68039 -2.43975 0.881393 1.5101 -1.27951 0.767637 -1.23598 1.00522 -2.25091 1.35549 1.18478 1.14157 0.982284 -1.31782 0.762858 -0.718195 1.78419 -2.86194 0.162237 2.65465 0.791367 2.5811 -2.93875 2.65596 0.58111 -2.43568 2.97636 -2.37024 0.173467 
0.866095 -1.67336 -2.43622 0.868953 1.50117 -1.26774 0.770417 -1.22751 1.00002 -2.22692 1.36269 1.17039 1.1366 0.98552 -1.31744 0.778277 -0.740698 1.77305 -2.88328 0.148537 2.65573 0.796257 2.57019 -2.91644 2.65746 0.578506 -2.43484 2.98919 -2.36838 0.149181 
0.859557 -1.66426 -2.42692 0.857655 1.50684 -1.28051 0.772853 -1.21844 0.992925 -2.20408 1.37489 1.16339 1.12847 0.991166 -1.30944 0.777029 -0.740846 1.78003 -2.90638 0.144325 2.65451 0.786129 2.5642 -2.91646 2.66789 0.585171 -2.45382 3.00649 -2.36481 0.132419 
0.864518 -1.67231 -2.40514 0.857051 1.5027 -1.29536 0.776932 -1.22488 0.982301 -2.19235 1.37957 1.17381 1.11167 0.997362 -1.3084 0.769555 -0.748618 1.78682 -2.91856 0.160736 2.65802 0.770561 2.55621 -2.9223 2.66731 0.58281 -2.4885 3.00935 -2.36171 0.123558 
0.876697 -1.67125 -2.37748 0.856211 1.50127 -1.30489 0.773635 -1.21975 0.983572 -2.1836 1.39229 1.1744 1.08989 0.997015 -1.30579 0.768351 -0.741493 1.78956 -2.92671 0.161524 2.64565 0.75206 2.54687 -2.91801 2.65789 0.580013 -2.50477 3.01655 -2.3498 0.127898 
0.894167 -1.68207 -2.34406 0.851824 1.49078 -1.31256 0.759462 -1.20249 0.983567 -2.17579 1.41836 1.18104 1.05283 0.985882 -1.30768 0.773625 -0.728469 1.78353 -2.92314 0.173284 2.64001 0.730261 2.53788 -2.91263 2.62956 0.561486 -2.50144 3.02177 -2.3343 0.142135 
0.901087 -1.68364 -2.31047 0.846005 1.52335 -1.33043 0.753445 -1.20639 0.982201 -2.15543 1.43024 1.17249 1.01837 0.999678 -1.32604 0.808817 -0.747565 1.80147 -2.92156 0.155806 2.63904 0.742299 2.51498 -2.89553 2.59991 0.526696 -2.49141 3.03592 -2.33115 0.152218 
0.880661 -1.701 -2.30464 0.838085 1.53404 -1.31811 0.745695 -1.17931 0.979032 -2.16446 1.42975 1.16444 0.999539 1.00174 -1.32452 0.840734 -0.739416 1.79218 -2.93779 0.132008 2.61701 0.720435 2.51675 -2.86568 2.5794 0.539285 -2.49501 3.06215 -2.3203 0.173193 
0.846075 -1.69696 -2.32176 0.816527 1.53196 -1.28291 0.729027 -1.17043 0.977341 -2.15763 1.42079 1.1634 0.997198 1.01404 -1.31438 0.865625 -0.725866 1.77869 -2.9643 0.112848 2.60299 0.701489 2.51592 -2.86033 2.57064 0.53715 -2.49902 3.10011 -2.31054 0.201622 
0.792535 -1.69875 -2.3567 0.789411 1.53597 -1.25326 0.718663 -1.12312 0.982457 -2.11205 1.40936 1.17333 1.01981 1.01857 -1.31539 0.884865 -0.725702 1.76688 -3.00573 0.07014 2.64049 0.703591 2.50962 -2.86956 2.56313 0.504143 -2.50278 3.10974 -2.30059 0.227176 
0.740788 -1.71987 -2.33758 0.743975 1.56338 -1.16033 0.708959 -1.11697 0.981532 -2.05637 1.41054 1.22265 1.01435 1.04985 -1.3157 0.92056 -0.726487 1.75249 -3.00604 0.0149018 2.64856 0.733594 2.48319 -2.87315 2.55346 0.471044 -2.48044 3.15719 -2.27191 0.259454 
0.67589 -1.75956 -2.3134 0.685815 1.58187 -0.992198 0.687181 -1.10759 0.980595 -1.98273 1.43504 1.29328 1.00242 1.08949 -1.31538 0.966301 -0.730408 1.71943 -2.99512 -0.0794664 2.65004 0.796263 2.48131 -2.87672 2.5388 0.420379 -2.45368 3.22169 -2.23129 0.290154 
0.675003 -1.77176 -2.30181 0.722273 1.61214 -0.995747 0.703144 -1.10559 0.974617 -1.96845 1.46658 1.28867 1.01672 1.06897 -1.31808 0.97876 -0.737445 1.72708 -2.989 -0.0978419 2.66215 0.795432 2.46761 -2.87353 2.53194 0.434218 -2.44591 3.21211 -2.22353 0.29177 
0.687648 -1.77882 -2.29297 0.752448 1.6604 -1.05099 0.721576 -1.09951 0.975172 -1.94696 1.4966 1.27373 1.01626 1.03741 -1.33447 1.01316 -0.758763 1.7376 -2.97556 -0.106702 2.67442 0.791375 2.43562 -2.85847 2.51255 0.439042 -2.43792 3.20475 -2.22696 0.285094 
0.706361 -1.78056 -2.29263 0.775519 1.70201 -1.10971 0.725355 -1.09031 0.978203 -1.92544 1.52659 1.26806 1.01701 1.00357 -1.34554 1.03525 -0.780129 1.7422 -2.96919 -0.119006 2.68093 0.795183 2.41254 -2.8492 2.49348 0.443003 -2.42964 3.18882 -2.22783 0.268508 
0.703422 -1.80514 -2.29584 0.809058 1.73218 -1.17864 0.717954 -1.07889 0.963849 -1.91022 1.56108 1.27212 1.02426 0.970687 -1.34613 1.04225 -0.785972 1.74344 -2.967 -0.13968 2.68482 0.797012 2.40575 -2.86435 2.47688 0.449978 -2.41249 3.16672 -2.21508 0.268967 
0.709744 -1.81516 -2.29985 0.849895 1.74836 -1.25417 0.709958 -1.08221 0.967629 -1.89613 1.60006 1.26268 1.03766 0.945637 -1.34801 1.04223 -0.788739 1.75451 -2.95705 -0.152712 2.69068 0.789321 2.40262 -2.88263 2.47334 0.457494 -2.40479 3.15773 -2.19436 0.293003 
0.729742 -1.80812 -2.30073 0.883664 1.76108 -1.3114 0.717195 -1.09489 0.981137 -1.89146 1.61938 1.24868 1.05703 0.934315 -1.33655 1.04656 -0.787066 1.76276 -2.951 -0.158242 2.69266 0.758227 2.39418 -2.88916 2.47885 0.458809 -2.42544 3.15086 -2.18659 0.319161 
0.742829 -1.77679 -2.31868 0.89427 1.76008 -1.35278 0.731306 -1.11727 0.990581 -1.88418 1.61326 1.22462 1.08962 0.935634 -1.31131 1.06495 -0.794382 1.77561 -2.9609 -0.14659 2.70758 0.717493 2.38282 -2.88854 2.50711 0.450488 -2.47887 3.12991 -2.18682 0.328014 
0.766288 -1.73339 -2.32334 0.887685 1.75343 -1.38314 0.754303 -1.15636 1.01688 -1.87925 1.58339 1.21308 1.10617 0.953802 -1.29673 1.08996 -0.806888 1.78071 -2.95579 -0.126564 2.7185 0.664356 2.35863 -2.87453 2.53216 0.434404 -2.53917 3.12914 -2.19766 0.337119 
0.775458 -1.70204 -2.30297 0.893335 1.75461 -1.41018 0.767662 -1.19024 1.03503 -1.87404 1.54393 1.20678 1.12241 0.974228 -1.31258 1.1001 -0.8101 1.78588 -2.9657 -0.105801 2.71866 0.617324 2.3388 -2.87302 2.54831 0.433257 -2.55927 3.14723 -2.19787 0.349022 
0.789214 -1.66306 -2.30994 0.9112 1.77081 -1.43449 0.784679 -1.23135 1.06675 -1.88119 1.5307 1.19138 1.12469 0.981177 -1.31083 1.1118 -0.816127 1.78423 -2.9583 -0.0955926 2.70472 0.568602 2.33069 -2.86205 2.54501 0.42098 -2.55801 3.17207 -2.20139 0.377858 
0.808553 -1.64077 -2.3222 0.940714 1.78815 -1.4532 0.780586 -1.26473 1.09238 -1.8921 1.50935 1.1725 1.12594 0.98828 -1.29716 1.11974 -0.843297 1.78516 -2.95458 -0.0952548 2.70119 0.523134 2.32136 -2.83985 2.53511 0.418804 -2.5582 3.17797 -2.23146 0.397241 
0.827868 -1.63042 -2.31316 0.970097 1.80228 -1.46392 0.774185 -1.2816 1.10877 -1.89313 1.49758 1.15051 1.13706 0.982217 -1.28331 1.10931 -0.888522 1.80379 -2.96453 -0.0852697 2.68335 0.482507 2.30035 -2.81563 2.52487 0.401604 -2.54073 3.18824 -2.24769 0.414904 
0.855994 -1.62998 -2.28203 1.00296 1.78378 -1.44494 0.784647 -1.2878 1.09932 -1.90658 1.50096 1.13884 1.18109 0.973733 -1.27478 1.07846 -0.939143 1.82934 -2.94817 -0.0869899 2.68304 0.461108 2.28082 -2.77808 2.50951 0.3667 -2.51323 3.18984 -2.2425 0.435274 
0.844033 -1.66365 -2.26313 1.01772 1.70971 -1.43584 0.786539 -1.28688 1.06732 -1.90365 1.56456 1.12905 1.22068 0.910866 -1.30262 1.07093 -0.943945 1.8343 -2.92868 -0.106725 2.68509 0.451852 2.31156 -2.77942 2.47639 0.3239 -2.46092 3.18925 -2.23697 0.451811 
0.819925 -1.70619 -2.24984 1.0255 1.62577 -1.43049 0.794611 -1.26574 1.04301 -1.90358 1.64197 1.10094 1.24936 0.7922 -1.33627 1.087 -0.924285 1.83758 -2.85682 -0.11249 2.6727 0.4302 2.37131 -2.77839 2.45219 0.286052 -2.39523 3.18368 -2.23472 0.487403 
0.78139 -1.78181 -2.25218 1.0098 1.52967 -1.43272 0.804225 -1.2207 1.0053 -1.92273 1.70951 1.08316 1.26266 0.652738 -1.35797 1.10894 -0.904156 1.84271 -2.75382 -0.120272 2.64387 0.412809 2.42846 -2.76825 2.4396 0.243643 -2.34554 3.14597 -2.22822 0.565642 
0.768643 -1.81068 -2.25521 0.899883 1.44117 -1.43373 0.787455 -1.17357 0.989407 -1.91356 1.75552 1.0561 1.27936 0.557132 -1.32956 1.10671 -0.917276 1.85636 -2.65473 -0.123737 2.64904 0.411293 2.47389 -2.78757 2.45086 0.244774 -2.30461 3.13185 -2.22325 0.618653 
