Mean 0 Mean 1 Mean 2 Mean 3 Mean 4 Mean 5 Mean 6 Mean 7 Mean 8 Mean 9 Mean 10 Mean 11 Mean 12 Mean 13 Mean 14 Mean 15 Mean 16 Mean 17 Mean 18 Mean 19 Mean 20 Mean 21 Mean 22 Mean 23 Mean 24 Mean 25 Mean 26 Mean 27 Mean 28 Mean 29 
-2.49896 -1.98699 -2.40514 -1.30544 1.32959 -1.20917 1.0865 -1.40882 -1.66283 -2.32469 -0.835739 2.28952 -1.08124 1.01812 -1.69852 0.270629 0.0324031 2.6716 3.05734 -0.0123973 2.69217 -0.40612 2.75001 -0.441705 1.10835 -0.963162 0.10153 -0.609093 0.625349 0.122779 
-2.49616 -1.98766 -2.4125 -1.30895 1.33709 -1.21008 1.09361 -1.41082 -1.66722 -2.32759 -0.830297 2.29052 -1.08148 1.00759 -1.69773 0.275796 0.0344971 2.6723 3.05125 -0.0164648 2.688 -0.410251 2.75481 -0.438378 1.10749 -0.968677 0.0930739 -0.607953 0.632931 0.125911 
-2.5098 -1.9974 -2.41358 -1.30533 1.34764 -1.21284 1.10001 -1.40417 -1.66227 -2.33069 -0.822007 2.29245 -1.07232 0.988473 -1.70179 0.295313 0.0318279 2.66686 3.04858 -0.0207641 2.68908 -0.424648 2.75288 -0.433542 1.11293 -0.986041 0.0725474 -0.607325 0.647519 0.130702 
-2.50127 -1.99635 -2.40219 -1.3158 1.34255 -1.20398 1.10241 -1.41476 -1.66209 -2.34167 -0.810953 2.28877 -1.0613 0.985103 -1.70576 0.308576 0.0326743 2.66785 3.04515 -0.0167667 2.68591 -0.418964 2.7583 -0.433277 1.12009 -0.983342 0.0568526 -0.605709 0.650778 0.130486 
-2.49979 -1.99024 -2.39354 -1.32753 1.33646 -1.19401 1.10403 -1.43468 -1.66202 -2.37319 -0.807487 2.27405 -1.04914 0.986831 -1.71009 0.33712 0.0331677 2.66243 3.03649 -0.00437094 2.68038 -0.391895 2.77405 -0.434993 1.1344 -0.971928 0.0236043 -0.61139 0.656316 0.128419 
-2.49548 -1.98724 -2.39217 -1.32501 1.353 -1.1849 1.10222 -1.42621 -1.66652 -2.3656 -0.795207 2.2679 -1.05445 0.983287 -1.70837 0.336564 0.0306889 2.67451 3.01993 -0.00301283 2.65974 -0.41471 2.76741 -0.419692 1.12463 -0.981742 0.0125973 -0.622554 0.653535 0.10849 
-2.4909 -1.98352 -2.39709 -1.32522 1.35623 -1.18474 1.1023 -1.43268 -1.66245 -2.35835 -0.785739 2.26678 -1.05593 0.99093 -1.7058 0.330992 0.0230514 2.67578 3.00636 -0.0116327 2.65268 -0.424137 2.76436 -0.408712 1.12884 -0.980905 0.0191459 -0.626037 0.653731 0.103418 
-2.4873 -1.97563 -2.40032 -1.32606 1.36306 -1.19362 1.1032 -1.43743 -1.66176 -2.34716 -0.783091 2.26467 -1.06099 0.997456 -1.70497 0.324478 0.0199441 2.66909 2.99157 -0.0243662 2.64606 -0.433159 2.75867 -0.401817 1.1382 -0.981699 0.0143433 -0.625545 0.655764 0.0926896 
-2.48392 -1.97225 -2.3854 -1.34774 1.36098 -1.20767 1.09872 -1.42688 -1.66658 -2.34568 -0.782993 2.24554 -1.06646 0.999195 -1.71823 0.332161 0.023137 2.65813 2.9613 -0.0350389 2.63953 -0.42734 2.75762 -0.388077 1.13984 -0.98137 0.00312536 -0.626491 0.665266 0.111398 
-2.48407 -1.96769 -2.37315 -1.3505 1.36277 -1.20871 1.0968 -1.43263 -1.67553 -2.33951 -0.779769 2.23476 -1.06763 1.00608 -1.71833 0.337265 0.0179941 2.66334 2.94363 -0.0499349 2.63587 -0.432473 2.75238 -0.388804 1.14795 -0.990845 0.0128164 -0.62139 0.679199 0.124166 
-2.48216 -1.96021 -2.36594 -1.3467 1.37017 -1.20932 1.10088 -1.43703 -1.67623 -2.32067 -0.786432 2.22844 -1.0693 1.01013 -1.71406 0.344936 0.0147095 2.67448 2.91629 -0.0663923 2.63495 -0.449258 2.75589 -0.395524 1.15514 -0.998744 0.0115652 -0.614214 0.692813 0.123633 
-2.48541 -1.94708 -2.34788 -1.37065 1.35376 -1.22193 1.08918 -1.4144 -1.68249 -2.29192 -0.754708 2.2324 -1.07493 1.03032 -1.71251 0.316693 0.0170244 2.68798 2.92967 -0.105911 2.60527 -0.450513 2.76519 -0.400472 1.17001 -0.97091 0.0226861 -0.608264 0.706536 0.160056 
-2.48975 -1.94557 -2.34036 -1.37656 1.34873 -1.23477 1.07851 -1.41412 -1.68333 -2.2829 -0.742509 2.23275 -1.07585 1.04068 -1.70364 0.310811 0.0182102 2.69361 2.92339 -0.114402 2.58906 -0.451132 2.76553 -0.394877 1.17284 -0.983178 0.016361 -0.605827 0.724692 0.160828 
-2.49446 -1.95049 -2.32669 -1.39386 1.35246 -1.24632 1.06681 -1.40038 -1.68347 -2.27593 -0.731457 2.22975 -1.08161 1.06286 -1.71159 0.302913 0.00353423 2.7026 2.92475 -0.124524 2.56896 -0.449217 2.77501 -0.386286 1.17805 -0.96587 0.0138409 -0.609086 0.748388 0.178141 
-2.50238 -1.9568 -2.31228 -1.41187 1.34394 -1.26342 1.04528 -1.39093 -1.68363 -2.26384 -0.712992 2.22401 -1.08545 1.08551 -1.72329 0.281291 -0.0103601 2.7208 2.93372 -0.132643 2.54091 -0.454924 2.78622 -0.381942 1.18637 -0.931788 0.00893381 -0.608464 0.776846 0.209202 
-2.51329 -1.96737 -2.29137 -1.43139 1.33686 -1.26585 1.02935 -1.37702 -1.68656 -2.24321 -0.694241 2.21171 -1.08414 1.11536 -1.73274 0.256925 -0.0176491 2.7447 2.94632 -0.148638 2.51944 -0.461421 2.79278 -0.377504 1.18445 -0.908784 0.0128895 -0.61801 0.806806 0.244696 
-2.5281 -1.97526 -2.28113 -1.44959 1.32068 -1.27834 1.01055 -1.35348 -1.68811 -2.22597 -0.684358 2.20095 -1.08662 1.13925 -1.73499 0.244274 -0.0237586 2.77137 2.96465 -0.171513 2.51647 -0.467498 2.78707 -0.375605 1.1841 -0.897863 0.0167982 -0.628569 0.835358 0.275427 
-2.55926 -1.99772 -2.27302 -1.46234 1.29889 -1.28928 0.982103 -1.32432 -1.70807 -2.21059 -0.667272 2.18961 -1.0995 1.16018 -1.74518 0.230256 -0.0272232 2.80108 2.97418 -0.187009 2.51284 -0.462659 2.79049 -0.38482 1.17757 -0.889251 0.0395014 -0.642482 0.886713 0.315034 
-2.58443 -2.00529 -2.26671 -1.49445 1.26252 -1.30727 0.948574 -1.30063 -1.71782 -2.20369 -0.672306 2.18921 -1.10618 1.20129 -1.76975 0.201972 -0.0152268 2.81943 2.99225 -0.194069 2.50379 -0.465683 2.77243 -0.380672 1.17638 -0.878822 0.0305181 -0.654893 0.935156 0.343208 
-2.5998 -2.02017 -2.26765 -1.51234 1.22452 -1.32476 0.917131 -1.29199 -1.71647 -2.19807 -0.679171 2.18426 -1.10886 1.22885 -1.78535 0.196028 -0.0233861 2.82811 2.99738 -0.19571 2.49954 -0.477597 2.7586 -0.372067 1.17193 -0.865798 0.0282896 -0.664113 0.968372 0.362356 
-2.60313 -2.02916 -2.28184 -1.51473 1.21755 -1.33515 0.903048 -1.29284 -1.69232 -2.18059 -0.718913 2.20605 -1.11083 1.25282 -1.79434 0.211387 -0.0519057 2.83624 3.00749 -0.213871 2.50433 -0.478519 2.75392 -0.366389 1.14772 -0.851824 0.0163065 -0.692867 0.963342 0.37674 
-2.60695 -2.03819 -2.27134 -1.52721 1.21051 -1.34659 0.891349 -1.31259 -1.66774 -2.14463 -0.716765 2.23167 -1.10945 1.2841 -1.82447 0.220726 -0.0823825 2.84493 3.04368 -0.218689 2.49287 -0.469978 2.74684 -0.360359 1.14911 -0.820853 -0.0140266 -0.71743 0.935989 0.412993 
-2.60215 -2.04132 -2.28702 -1.52448 1.21541 -1.37414 0.889032 -1.32018 -1.63998 -2.11865 -0.70809 2.23689 -1.09545 1.30932 -1.84142 0.233017 -0.103378 2.87009 3.07428 -0.23058 2.48895 -0.450118 2.74011 -0.376792 1.17189 -0.771042 -0.0297324 -0.758897 0.9166 0.481538 
-2.58556 -2.03766 -2.30136 -1.49382 1.23147 -1.39527 0.88986 -1.34852 -1.60196 -2.11515 -0.692131 2.2344 -1.07152 1.30709 -1.85527 0.25351 -0.122241 2.89136 3.08921 -0.216916 2.49524 -0.431407 2.73748 -0.401302 1.19726 -0.737879 -0.037239 -0.786169 0.902391 0.530375 
-2.56701 -2.03351 -2.32039 -1.46616 1.24726 -1.41683 0.882733 -1.38734 -1.56087 -2.11649 -0.650795 2.23535 -1.02637 1.26837 -1.886 0.274728 -0.133559 2.91979 3.1088 -0.206676 2.50774 -0.404948 2.77433 -0.428063 1.22045 -0.72353 -0.0533548 -0.810869 0.888579 0.561637 
-2.53843 -2.04595 -2.34449 -1.43414 1.26326 -1.45491 0.874194 -1.405 -1.52384 -2.09589 -0.622697 2.23835 -0.990155 1.22932 -1.91704 0.298978 -0.164 2.94408 3.1069 -0.202641 2.51486 -0.390578 2.78074 -0.452867 1.23808 -0.715203 -0.0556712 -0.832511 0.883275 0.598931 
-2.52716 -2.04552 -2.33369 -1.39709 1.26573 -1.45029 0.891704 -1.44326 -1.52178 -2.09317 -0.595481 2.23561 -0.962541 1.20147 -1.9393 0.31304 -0.174478 2.95361 3.097 -0.21019 2.52695 -0.394518 2.80344 -0.450104 1.22102 -0.732788 -0.0648558 -0.826914 0.872059 0.599405 
-2.5336 -2.00065 -2.33165 -1.36674 1.257 -1.41201 0.906312 -1.46738 -1.50739 -2.07914 -0.624478 2.28295 -0.93378 1.15982 -1.97481 0.300713 -0.146121 2.93417 3.03533 -0.195553 2.56252 -0.4157 2.83906 -0.418549 1.22301 -0.778992 -0.07469 -0.798338 0.841696 0.54177 
-2.53995 -1.95927 -2.30898 -1.34077 1.24886 -1.33311 0.9119 -1.50476 -1.49799 -2.05571 -0.670167 2.34974 -0.905723 1.12558 -2.00831 0.271318 -0.138499 2.89242 2.9382 -0.185555 2.59519 -0.423171 2.86385 -0.375495 1.221 -0.826262 -0.0767362 -0.743811 0.799581 0.465292 
-2.54912 -1.97248 -2.29512 -1.35319 1.24618 -1.30117 0.908718 -1.52183 -1.51128 -2.04995 -0.698752 2.38356 -0.876293 1.11015 -2.0038 0.286927 -0.143035 2.89723 2.89279 -0.187682 2.63515 -0.448672 2.86615 -0.390023 1.17439 -0.904195 -0.0854786 -0.719885 0.795856 0.440606 
-2.55916 -1.98444 -2.29988 -1.37299 1.25413 -1.30031 0.91471 -1.52973 -1.52095 -2.04893 -0.674753 2.37705 -0.866031 1.08792 -1.99158 0.309876 -0.136711 2.90007 2.85036 -0.203413 2.6636 -0.46411 2.87042 -0.392678 1.11981 -0.960443 -0.104329 -0.689594 0.818929 0.438006 
-2.54866 -1.9812 -2.29531 -1.37786 1.28065 -1.32093 0.92509 -1.55408 -1.52478 -2.03518 -0.634465 2.36997 -0.855439 1.05407 -1.9824 0.347647 -0.112877 2.8933 2.80618 -0.230593 2.66197 -0.472 2.88828 -0.393821 1.08588 -0.994698 -0.143581 -0.663561 0.816599 0.436661 
-2.54298 -1.9784 -2.28111 -1.38849 1.30071 -1.3332 0.930645 -1.5747 -1.54812 -2.02933 -0.616077 2.37237 -0.832747 1.02552 -1.97904 0.374414 -0.093995 2.88801 2.75614 -0.255969 2.66268 -0.492568 2.904 -0.40166 1.05537 -1.01665 -0.170312 -0.649916 0.805464 0.429559 
-2.50499 -1.97462 -2.28456 -1.39581 1.32976 -1.33386 0.934064 -1.57465 -1.566 -2.01931 -0.587688 2.36218 -0.836543 0.996092 -1.99306 0.399586 -0.0919583 2.89296 2.70948 -0.291338 2.66689 -0.508723 2.93641 -0.40456 1.03405 -1.02626 -0.179142 -0.653448 0.803402 0.44232 
-2.46682 -1.95673 -2.28467 -1.4295 1.34733 -1.31058 0.927133 -1.56415 -1.58188 -2.0183 -0.586904 2.35832 -0.843958 0.966526 -1.995 0.434028 -0.0994584 2.90967 2.66192 -0.343158 2.67463 -0.531193 2.97393 -0.408978 1.01601 -1.01302 -0.149307 -0.667822 0.806111 0.460478 
-2.41302 -1.92108 -2.30489 -1.47347 1.3577 -1.25614 0.91007 -1.56121 -1.61516 -2.01991 -0.58818 2.34074 -0.851281 0.94838 -1.98349 0.451699 -0.0833355 2.94197 2.61318 -0.380134 2.67192 -0.559444 3.03587 -0.412382 1.02964 -1.00626 -0.10495 -0.69536 0.830322 0.490784 
-2.38431 -1.85615 -2.33909 -1.50071 1.3585 -1.21126 0.924115 -1.56935 -1.65741 -2.00415 -0.605478 2.29524 -0.863589 0.913292 -1.93799 0.469112 -0.0566955 2.94579 2.60089 -0.40835 2.62934 -0.598424 3.05398 -0.413748 1.02485 -1.00448 -0.0421425 -0.713945 0.855698 0.507892 
-2.37616 -1.78791 -2.377 -1.50844 1.35003 -1.16047 0.914247 -1.56662 -1.71764 -2.00481 -0.625423 2.27531 -0.864933 0.849833 -1.86569 0.468613 -0.0183105 2.94313 2.58903 -0.46275 2.5975 -0.638448 3.0723 -0.424494 0.995537 -1.00592 0.00624299 -0.752289 0.878481 0.563329 
-2.42334 -1.72615 -2.4193 -1.53391 1.35834 -1.12637 0.898695 -1.56993 -1.77028 -2.00305 -0.662942 2.28881 -0.869522 0.798174 -1.80451 0.464654 0.0349694 2.94535 2.55957 -0.529357 2.58689 -0.669265 3.09592 -0.447248 0.967377 -0.993315 0.0321735 -0.782305 0.904678 0.63635 
-2.46941 -1.68402 -2.44985 -1.53995 1.37312 -1.13707 0.888365 -1.59291 -1.80768 -1.98626 -0.697578 2.30233 -0.856547 0.759729 -1.77207 0.45459 0.056057 2.96699 2.50695 -0.571791 2.5684 -0.672244 3.11929 -0.472323 0.956502 -0.965625 0.0506383 -0.803926 0.921997 0.706048 
