Mean 0 Mean 1 Mean 2 Mean 3 Mean 4 Mean 5 Mean 6 Mean 7 Mean 8 Mean 9 Mean 10 Mean 11 Mean 12 Mean 13 Mean 14 Mean 15 Mean 16 Mean 17 Mean 18 Mean 19 Mean 20 Mean 21 Mean 22 Mean 23 Mean 24 Mean 25 Mean 26 Mean 27 Mean 28 Mean 29 
1.0258 1.11542 -1.14156 0.994169 1.33027 -1.43431 0.931274 1.10328 0.993279 -2.52884 -0.961158 1.28993 -1.20786 -1.36774 -2.59989 2.99531 2.88041 -0.514332 2.98849 -0.883521 0.498162 0.322824 -1.14853 1.9245 -0.0494773 0.580891 0.26113 3.02716 -0.101053 2.28935 
1.04049 1.10777 -1.13268 0.989314 1.34251 -1.42844 0.923105 1.10327 0.997309 -2.52187 -0.953093 1.28561 -1.21127 -1.36406 -2.60749 2.99466 2.87259 -0.520517 2.9778 -0.884605 0.497741 0.326587 -1.15086 2.5415 -0.540108 0.574339 0.268633 3.02755 -0.0990269 2.6651 
1.03489 1.09611 -1.13472 0.986392 1.35632 -1.41256 0.921533 1.09894 0.993959 -2.51833 -0.955586 1.2767 -1.22317 -1.36376 -2.61022 3.00397 2.8747 -0.519004 2.97725 -0.877206 0.470265 0.331611 -1.16306 2.75418 -1.52344 0.588556 0.272047 3.02025 -0.105341 2.79731 
1.04027 1.08502 -1.11625 0.982977 1.36589 -1.42027 0.926538 1.10162 0.987887 -2.51399 -0.952599 1.28526 -1.21988 -1.35617 -2.62172 2.99922 2.87125 -0.523427 2.97555 -0.87169 0.479516 0.328481 -1.16905 2.86051 -1.99979 0.56956 0.272538 3.01544 -0.0865516 2.84491 
1.03563 1.07945 -1.12586 0.969266 1.3717 -1.41903 0.921431 1.09745 0.978781 -2.51614 -0.94982 1.276 -1.22421 -1.35594 -2.62811 3.00053 2.87835 -0.522609 2.96484 -0.876727 0.480798 0.3242 -1.1714 2.92415 -2.3045 0.567157 0.269686 3.01044 -0.0924695 2.88766 
1.03896 1.07419 -1.11742 0.965567 1.36197 -1.41607 0.920146 1.08759 0.973915 -2.51748 -0.936267 1.27374 -1.21596 -1.35152 -2.62658 3.00236 2.87188 -0.522384 2.95232 -0.893822 0.469977 0.31941 -1.16518 2.96543 -2.49933 0.563659 0.263599 3.00475 -0.0928985 2.91652 
1.03307 1.08197 -1.11833 0.963037 1.36439 -1.42107 0.918878 1.08191 0.970059 -2.51631 -0.92536 1.26881 -1.22324 -1.34301 -2.62308 2.99845 2.87046 -0.516538 2.93348 -0.908068 0.463986 0.31069 -1.16468 2.98383 -2.63225 0.549484 0.259118 3.00111 -0.0870911 2.93632 
1.03431 1.08408 -1.11037 0.950799 1.36107 -1.42978 0.918223 1.07765 0.95746 -2.50488 -0.914875 1.26088 -1.22585 -1.33666 -2.62699 2.9961 2.86475 -0.519806 2.91119 -0.919888 0.465739 0.303398 -1.16309 2.99837 -2.72621 0.527395 0.25814 3.00645 -0.0798883 2.94682 
1.03168 1.07646 -1.1264 0.938894 1.3444 -1.44082 0.932214 1.05973 0.940967 -2.47528 -0.895691 1.27228 -1.23049 -1.33725 -2.60931 2.99239 2.86385 -0.529375 2.90328 -0.913407 0.471519 0.292211 -1.17472 3.01172 -2.8015 0.521371 0.275174 3.0204 -0.0631223 2.95341 
1.0224 1.0756 -1.13901 0.90454 1.32258 -1.43155 0.92748 1.05551 0.927182 -2.46069 -0.897523 1.27624 -1.20643 -1.327 -2.60361 2.99159 2.85302 -0.526692 2.87762 -0.915026 0.468067 0.274117 -1.18242 3.01723 -2.85258 0.520696 0.278851 3.02556 -0.0411016 2.95543 
1.03424 1.07414 -1.14406 0.883681 1.32389 -1.41515 0.937229 1.08499 0.9108 -2.45486 -0.888563 1.26517 -1.20972 -1.33071 -2.60663 2.98644 2.85149 -0.510777 2.83693 -0.937438 0.468298 0.260589 -1.17737 3.01972 -2.88346 0.50673 0.278751 3.01262 -0.017947 2.97076 
1.04551 1.0624 -1.14223 0.865466 1.31056 -1.38146 0.943351 1.14835 0.898085 -2.44523 -0.890999 1.24774 -1.21239 -1.34172 -2.61365 2.96974 2.86347 -0.478546 2.78097 -0.972553 0.458141 0.241253 -1.16573 3.03111 -2.90536 0.502345 0.274222 2.98278 0.0145234 3.00018 
1.04728 1.05443 -1.12404 0.833038 1.28208 -1.38138 0.95109 1.16025 0.867252 -2.43162 -0.891575 1.25987 -1.19557 -1.35963 -2.59387 2.96871 2.86834 -0.473653 2.75178 -1.00703 0.463413 0.243613 -1.17071 3.05806 -2.89379 0.52327 0.228344 2.99042 0.0231569 3.00322 
1.0448 1.04521 -1.10821 0.829644 1.2815 -1.39011 0.939116 1.16461 0.868535 -2.42857 -0.883677 1.25867 -1.19946 -1.35949 -2.61318 2.9773 2.85516 -0.481947 2.74143 -1.00226 0.461142 0.250461 -1.16329 3.06198 -2.90529 0.527794 0.212173 2.98795 0.0361202 2.9915 
1.04662 1.04173 -1.11026 0.841098 1.28135 -1.41389 0.934727 1.16592 0.870954 -2.42227 -0.880274 1.24648 -1.19877 -1.36846 -2.62907 2.98776 2.8279 -0.491601 2.72998 -0.986716 0.462676 0.261093 -1.15667 3.07188 -2.91433 0.539933 0.189703 2.98144 0.0539194 2.97326 
1.04815 1.03785 -1.08989 0.86926 1.27853 -1.43719 0.920972 1.16559 0.875941 -2.40856 -0.8905 1.24752 -1.19175 -1.37723 -2.65156 2.99489 2.81385 -0.4821 2.71781 -0.982675 0.452664 0.2532 -1.15015 3.06135 -2.92146 0.55234 0.165047 2.98675 0.0750757 2.96672 
1.03821 1.03183 -1.0895 0.886727 1.26473 -1.46167 0.913998 1.14717 0.885522 -2.3943 -0.890352 1.25268 -1.19768 -1.37768 -2.65811 3.00272 2.79646 -0.493192 2.71821 -0.964855 0.46109 0.253367 -1.15944 3.06347 -2.95621 0.556171 0.177315 2.9863 0.0904166 2.95018 
1.03718 1.02766 -1.07731 0.900417 1.25391 -1.47711 0.90163 1.13969 0.891945 -2.38237 -0.871105 1.25454 -1.19602 -1.37351 -2.67932 2.99861 2.7842 -0.494624 2.72087 -0.956078 0.464132 0.256256 -1.15844 3.06474 -2.97658 0.549363 0.165435 2.9912 0.115107 2.94109 
1.03543 1.03543 -1.07867 0.900443 1.25872 -1.49981 0.883275 1.11045 0.890218 -2.36819 -0.867113 1.24443 -1.20048 -1.35895 -2.69459 3.00638 2.78475 -0.480125 2.71975 -0.944412 0.471247 0.254685 -1.16351 3.06245 -3.00093 0.530418 0.157241 2.99782 0.128591 2.94518 
1.02567 1.02643 -1.05739 0.884315 1.24918 -1.52249 0.881126 1.08317 0.87521 -2.36474 -0.844226 1.25351 -1.21075 -1.33353 -2.70226 3.02892 2.76116 -0.485261 2.72172 -0.893581 0.49444 0.249123 -1.18508 3.07357 -3.01369 0.521268 0.133959 3.00259 0.139099 2.94553 
1.00911 0.997965 -1.05926 0.85812 1.21046 -1.55783 0.879399 1.05389 0.842853 -2.34097 -0.786126 1.27208 -1.21967 -1.31793 -2.69539 3.0464 2.70643 -0.487641 2.69902 -0.81197 0.539066 0.247103 -1.18667 3.05837 -3.02453 0.492353 0.103296 3.00311 0.143267 2.93059 
0.989204 0.965781 -1.06415 0.838421 1.17443 -1.59004 0.86796 1.02573 0.822881 -2.31561 -0.743508 1.29292 -1.22609 -1.30922 -2.69306 3.05898 2.65353 -0.49308 2.68229 -0.728456 0.572711 0.23859 -1.18511 3.0585 -3.05376 0.469884 0.0729501 3.00948 0.156851 2.91885 
0.973756 0.941988 -1.06565 0.857179 1.15703 -1.60083 0.849061 0.975651 0.828591 -2.27541 -0.72483 1.30965 -1.22586 -1.30823 -2.71637 3.06084 2.59629 -0.501922 2.69364 -0.686132 0.583922 0.223653 -1.19353 3.07253 -3.08158 0.455968 0.0555461 3.03099 0.166955 2.91305 
0.969237 0.922397 -1.07687 0.868525 1.16698 -1.62097 0.836054 0.944309 0.836601 -2.25603 -0.686127 1.32626 -1.2176 -1.31251 -2.72682 3.06849 2.55404 -0.513596 2.7002 -0.661248 0.602639 0.228614 -1.20153 3.06758 -3.09347 0.435858 0.0324707 3.03992 0.153266 2.90807 
0.950705 0.903182 -1.0651 0.867723 1.22642 -1.60931 0.800506 0.946277 0.884831 -2.24064 -0.673439 1.32353 -1.2032 -1.32525 -2.74805 3.06342 2.50976 -0.520344 2.73654 -0.665043 0.598016 0.225659 -1.22567 3.10925 -3.11633 0.44548 0.0248426 3.05815 0.130917 2.89189 
0.942054 0.892945 -1.02703 0.884514 1.23843 -1.6055 0.787127 0.903345 0.903525 -2.20177 -0.68399 1.33246 -1.21313 -1.31679 -2.78859 3.08001 2.47694 -0.511222 2.76014 -0.678999 0.591334 0.213829 -1.26472 3.1258 -3.16374 0.438309 0.033194 3.09146 0.139293 2.88382 
0.945783 0.892377 -1.00589 0.892101 1.27551 -1.60334 0.798689 0.883894 0.909494 -2.16871 -0.682517 1.33083 -1.20979 -1.32235 -2.81799 3.10346 2.44809 -0.524501 2.77507 -0.723077 0.580169 0.223657 -1.30562 3.14043 -3.19906 0.440629 0.0458384 3.1159 0.143017 2.88799 
0.952754 0.901219 -0.990294 0.890849 1.33272 -1.60238 0.837291 0.880053 0.909005 -2.1266 -0.668746 1.3172 -1.1921 -1.31262 -2.82928 3.12887 2.42181 -0.552301 2.78935 -0.788638 0.563493 0.26556 -1.35524 3.1681 -3.21585 0.464126 0.0745559 3.14056 0.143695 2.91446 
0.966759 0.91226 -0.9719 0.890559 1.35915 -1.61917 0.875391 0.875793 0.909036 -2.10058 -0.666285 1.3144 -1.16332 -1.31051 -2.84227 3.15851 2.42857 -0.554671 2.8031 -0.831005 0.565554 0.271243 -1.39325 3.17477 -3.24216 0.477506 0.0931649 3.15285 0.155092 2.93099 
0.968875 0.914037 -0.95368 0.883716 1.37048 -1.64869 0.923479 0.874649 0.895943 -2.08878 -0.687952 1.30824 -1.14284 -1.30412 -2.84552 3.18706 2.46903 -0.552049 2.79092 -0.866034 0.564522 0.263511 -1.42077 3.16285 -3.29708 0.482271 0.0871628 3.16364 0.179531 2.95601 
0.966387 0.907999 -0.938348 0.837278 1.39183 -1.67368 0.970609 0.859954 0.882618 -2.07191 -0.690369 1.3113 -1.11417 -1.27702 -2.83296 3.21142 2.52586 -0.56065 2.78154 -0.881561 0.568879 0.241326 -1.44284 3.19212 -3.3255 0.472552 0.107315 3.1968 0.216744 2.9836 
0.969766 0.907276 -0.937466 0.797789 1.41119 -1.68641 1.00363 0.84327 0.871361 -2.05563 -0.687424 1.30225 -1.09936 -1.24735 -2.82654 3.22893 2.56929 -0.568716 2.77382 -0.89358 0.574095 0.228355 -1.462 3.21016 -3.35674 0.464704 0.172232 3.21607 0.247601 3.00443 
0.949554 0.87379 -0.946693 0.735018 1.39186 -1.6745 1.0164 0.861849 0.834666 -2.07369 -0.662664 1.27486 -1.1066 -1.26556 -2.79364 3.23249 2.57399 -0.573096 2.74024 -0.940238 0.585597 0.214682 -1.43274 3.23922 -3.40281 0.485163 0.217446 3.22806 0.328089 3.017 
0.952556 0.885023 -0.928836 0.708204 1.38418 -1.65409 1.01858 0.846528 0.812566 -2.0749 -0.629598 1.24843 -1.10204 -1.26957 -2.77738 3.22524 2.5864 -0.566722 2.73733 -0.967438 0.574599 0.200436 -1.40951 3.2543 -3.39326 0.500934 0.252336 3.23461 0.357603 3.02005 
0.937681 0.869407 -0.938006 0.670933 1.37 -1.63699 1.02028 0.854011 0.780517 -2.07795 -0.602511 1.20931 -1.1219 -1.28597 -2.76191 3.23701 2.58385 -0.560606 2.71691 -1.00038 0.573123 0.193771 -1.38044 3.26692 -3.40868 0.533944 0.293756 3.2378 0.407486 3.02479 
0.940853 0.87269 -0.929402 0.656521 1.36827 -1.63324 1.00912 0.857509 0.760117 -2.0698 -0.56502 1.2098 -1.1343 -1.2898 -2.75617 3.25139 2.57081 -0.555738 2.71875 -1.01371 0.557609 0.196282 -1.36474 3.26061 -3.42771 0.562733 0.298444 3.24628 0.437489 3.02554 
0.932772 0.877126 -0.944894 0.656407 1.36371 -1.62691 0.985151 0.870138 0.734408 -2.05881 -0.51098 1.19469 -1.15336 -1.31716 -2.75891 3.24598 2.53875 -0.562007 2.70061 -1.06413 0.551843 0.210049 -1.32764 3.24416 -3.47945 0.581983 0.310785 3.26091 0.46912 3.03265 
0.942862 0.86639 -0.960007 0.676129 1.36326 -1.63292 0.97084 0.864701 0.716725 -2.03213 -0.423088 1.17526 -1.15874 -1.3388 -2.76152 3.22638 2.5093 -0.559435 2.70904 -1.10515 0.54972 0.224829 -1.2967 3.22942 -3.51849 0.601873 0.319145 3.27916 0.489904 3.06458 
0.95488 0.878713 -0.98182 0.718669 1.37409 -1.66202 0.939417 0.849933 0.709181 -2.00178 -0.344549 1.15516 -1.16695 -1.36529 -2.73714 3.20212 2.50017 -0.547111 2.76916 -1.13298 0.544968 0.247296 -1.27591 3.19459 -3.57421 0.624183 0.318733 3.31377 0.462839 3.09105 
0.958781 0.898579 -1.00146 0.781727 1.37247 -1.69093 0.910711 0.826248 0.689083 -1.97661 -0.259176 1.13326 -1.17904 -1.39574 -2.66965 3.18108 2.50547 -0.530165 2.80718 -1.16033 0.543025 0.265218 -1.26887 3.1595 -3.62918 0.656541 0.303496 3.33954 0.425505 3.1415 
