Mean 0 Mean 1 Mean 2 Mean 3 Mean 4 Mean 5 Mean 6 Mean 7 Mean 8 Mean 9 Mean 10 Mean 11 Mean 12 Mean 13 Mean 14 Mean 15 Mean 16 Mean 17 Mean 18 Mean 19 Mean 20 Mean 21 Mean 22 Mean 23 Mean 24 Mean 25 Mean 26 Mean 27 Mean 28 Mean 29 
0.971947 -2.87792 -2.10624 -1.39738 2.54779 -1.13069 0.886867 -2.48106 -1.12799 -1.62433 1.255 1.55162 -0.93565 0.930527 0.931871 -0.0480616 -0.678645 2.43105 2.70989 -1.82595 2.56412 0.108829 2.84325 2.39686 0.33927 0.0161184 0.335805 2.27296 0.610939 0.555841 
0.97595 -2.88796 -2.10508 -1.39955 2.56243 -1.1292 0.899635 -2.4843 -1.13079 -1.62891 1.26601 1.55725 -0.929627 0.932327 0.922835 -0.0405693 -0.68915 2.43189 2.70614 -1.8279 2.55934 0.108055 2.84464 2.40702 0.330027 -0.00823283 0.333877 2.26789 0.62402 0.554969 
0.978908 -2.8867 -2.10132 -1.39875 2.5621 -1.12729 0.904758 -2.49117 -1.14176 -1.61887 1.2773 1.56098 -0.92441 0.936689 0.922528 -0.0415403 -0.696114 2.42683 2.70194 -1.82768 2.55934 0.103099 2.84613 2.40384 0.329279 -0.0206329 0.331459 2.27244 0.628569 0.552042 
0.9798 -2.88337 -2.09659 -1.40599 2.55642 -1.1287 0.905507 -2.50052 -1.1421 -1.60677 1.28904 1.5621 -0.924864 0.935824 0.917977 -0.0427504 -0.692981 2.42297 2.69757 -1.82614 2.56187 0.103838 2.83935 2.40703 0.325964 -0.0200845 0.336439 2.27495 0.633923 0.549319 
0.980177 -2.87991 -2.0863 -1.41308 2.55511 -1.13181 0.899664 -2.50192 -1.14431 -1.59781 1.29523 1.56347 -0.929581 0.945123 0.917759 -0.0458754 -0.690209 2.4229 2.69265 -1.82623 2.56285 0.101756 2.82747 2.41626 0.323595 -0.0164005 0.338495 2.27655 0.637949 0.546855 
0.981916 -2.87877 -2.07827 -1.41257 2.54897 -1.1393 0.895649 -2.50862 -1.14728 -1.58687 1.30745 1.56704 -0.930543 0.949872 0.916274 -0.0484976 -0.684353 2.42544 2.69047 -1.82277 2.5642 0.097547 2.8166 2.41797 0.322286 -0.0231065 0.340364 2.27413 0.638576 0.546129 
0.980542 -2.87619 -2.07589 -1.41761 2.53923 -1.14143 0.891544 -2.5199 -1.15792 -1.5779 1.32029 1.56366 -0.932654 0.957191 0.915348 -0.0501596 -0.688719 2.43412 2.68519 -1.82632 2.56 0.0885622 2.81127 2.4217 0.330571 -0.0324952 0.339615 2.27115 0.641739 0.54938 
0.96715 -2.87626 -2.07719 -1.42283 2.52572 -1.13678 0.852175 -2.53166 -1.17906 -1.57384 1.34238 1.55764 -0.933727 0.959454 0.917761 -0.0461172 -0.690394 2.44729 2.67589 -1.83925 2.55286 0.0756565 2.79945 2.42021 0.34722 -0.0437751 0.351877 2.28348 0.657461 0.550751 
0.940024 -2.88021 -2.07892 -1.4414 2.50262 -1.13669 0.785965 -2.52448 -1.21887 -1.56922 1.36681 1.52845 -0.939035 0.963476 0.916372 -0.0381566 -0.69142 2.46648 2.65387 -1.85441 2.54957 0.0488732 2.79041 2.40771 0.376841 -0.0549058 0.37794 2.31215 0.695872 0.573202 
0.912311 -2.88934 -2.08247 -1.45634 2.48116 -1.14265 0.710076 -2.51468 -1.25303 -1.57743 1.39628 1.48873 -0.952562 0.967904 0.908975 -0.0340969 -0.692331 2.48454 2.64088 -1.86787 2.54668 0.0306248 2.7861 2.38462 0.407335 -0.0678496 0.408682 2.34193 0.751249 0.599914 
0.889643 -2.90113 -2.07586 -1.47018 2.45996 -1.14961 0.645547 -2.5064 -1.28391 -1.58263 1.42621 1.45227 -0.968915 0.972726 0.904447 -0.0392968 -0.689978 2.49703 2.62873 -1.8849 2.54609 0.0144083 2.78436 2.36664 0.432447 -0.0802258 0.436807 2.36727 0.807406 0.622434 
0.877409 -2.90967 -2.06694 -1.4807 2.44595 -1.15144 0.623254 -2.48713 -1.29305 -1.57625 1.44112 1.43069 -0.981949 0.979032 0.899681 -0.0497369 -0.691043 2.50732 2.60134 -1.90642 2.53178 0.00480944 2.79506 2.35853 0.445331 -0.0803235 0.446686 2.36748 0.844764 0.628377 
0.869057 -2.90654 -2.07361 -1.50862 2.44173 -1.16733 0.637668 -2.47969 -1.26783 -1.55795 1.42922 1.43934 -0.979992 0.999469 0.917454 -0.0491931 -0.704581 2.50589 2.56236 -1.90671 2.51406 0.000396926 2.80688 2.37249 0.453975 -0.0517939 0.417349 2.37403 0.853523 0.614878 
0.86217 -2.89869 -2.06994 -1.51999 2.4475 -1.19593 0.648444 -2.48079 -1.2388 -1.52778 1.42823 1.44072 -0.979493 1.01401 0.938498 -0.0556484 -0.699031 2.49724 2.51256 -1.93604 2.50157 -0.00602448 2.79949 2.37733 0.462547 -0.0320899 0.397103 2.37812 0.849394 0.587368 
0.836774 -2.88673 -2.07023 -1.52203 2.44898 -1.22257 0.643471 -2.47526 -1.2201 -1.48757 1.43643 1.44095 -0.97714 1.02324 0.964098 -0.0661324 -0.693646 2.49442 2.46745 -1.95524 2.50415 -0.0182501 2.79876 2.3671 0.467248 -0.0279577 0.388575 2.38146 0.854848 0.544711 
0.810843 -2.87348 -2.06811 -1.5266 2.44605 -1.23932 0.630475 -2.4745 -1.20005 -1.44595 1.44633 1.44432 -0.972215 1.02085 0.994913 -0.0813958 -0.678199 2.48965 2.42113 -1.99179 2.5057 -0.0290261 2.7827 2.36372 0.470359 -0.02841 0.374373 2.38626 0.851759 0.497313 
0.784591 -2.85928 -2.06165 -1.53793 2.4626 -1.25698 0.61966 -2.4737 -1.19443 -1.42529 1.44422 1.44722 -0.98041 1.02502 1.02236 -0.0942442 -0.659938 2.48721 2.37454 -2.03222 2.50533 -0.0408759 2.76499 2.3562 0.46846 -0.0355355 0.352518 2.37912 0.850208 0.463734 
0.759537 -2.85044 -2.0521 -1.54564 2.47616 -1.27157 0.596196 -2.47477 -1.19989 -1.42264 1.4572 1.43215 -0.998894 1.0127 1.02944 -0.0928591 -0.643756 2.4746 2.31474 -2.06255 2.50517 -0.0484118 2.75551 2.34448 0.45078 -0.0477025 0.342015 2.37774 0.856707 0.449019 
0.752902 -2.83791 -2.05438 -1.54984 2.48143 -1.28518 0.579301 -2.47712 -1.19988 -1.41246 1.4558 1.41785 -1.00575 0.999068 1.04295 -0.093055 -0.625112 2.47627 2.27527 -2.08171 2.50208 -0.0591705 2.73709 2.34732 0.426506 -0.0677078 0.326226 2.38118 0.85816 0.434573 
0.770614 -2.83775 -2.0515 -1.58077 2.45179 -1.28619 0.581149 -2.48791 -1.25369 -1.41145 1.41801 1.44315 -0.977185 0.941486 1.07919 -0.0728651 -0.552311 2.48067 2.24896 -2.12356 2.50549 -0.0238767 2.71091 2.34936 0.440827 -0.0436424 0.247839 2.38564 0.829741 0.448866 
0.777532 -2.8226 -2.0493 -1.57217 2.46703 -1.31684 0.556123 -2.51008 -1.25903 -1.42456 1.38959 1.43504 -1.00758 0.943471 1.03985 -0.0679392 -0.550964 2.48565 2.24131 -2.08851 2.48834 0.0112946 2.70941 2.34099 0.390551 -0.0789351 0.228721 2.38155 0.8424 0.446546 
0.783616 -2.81716 -2.03576 -1.54751 2.48076 -1.34591 0.515928 -2.54323 -1.26327 -1.44031 1.36387 1.43096 -1.04 0.953882 0.996327 -0.0637565 -0.566433 2.48004 2.25591 -2.05615 2.47507 0.0512985 2.71327 2.33185 0.333062 -0.105778 0.210611 2.37256 0.84935 0.440124 
0.793385 -2.80831 -2.01443 -1.52642 2.51194 -1.36524 0.488358 -2.55439 -1.25052 -1.4535 1.35207 1.42077 -1.07854 0.944131 0.954927 -0.0581463 -0.587397 2.46659 2.25336 -2.01801 2.46688 0.0829592 2.7101 2.32148 0.300164 -0.113806 0.194824 2.36572 0.848898 0.434566 
0.810309 -2.7961 -2.00097 -1.50602 2.52846 -1.3907 0.477806 -2.54855 -1.2314 -1.4627 1.33256 1.41793 -1.1256 0.92295 0.926909 -0.0406601 -0.60727 2.46196 2.24323 -1.97088 2.46353 0.0937782 2.70813 2.30982 0.276059 -0.133166 0.174425 2.35831 0.845299 0.422808 
0.833977 -2.77167 -1.98232 -1.49088 2.53681 -1.38858 0.456699 -2.54217 -1.21522 -1.4557 1.34354 1.43422 -1.16589 0.90207 0.889266 -0.0497499 -0.628151 2.44379 2.24072 -1.91698 2.44969 0.138983 2.72025 2.30365 0.261987 -0.146433 0.141661 2.36349 0.850043 0.387581 
0.86086 -2.75853 -2.0052 -1.47287 2.55704 -1.42257 0.454241 -2.53802 -1.18571 -1.45471 1.35111 1.42536 -1.1928 0.874549 0.846017 -0.0462722 -0.638886 2.44271 2.19581 -1.86825 2.43497 0.146349 2.7189 2.30507 0.24113 -0.155553 0.149755 2.37601 0.863353 0.392569 
0.882707 -2.76534 -2.021 -1.45051 2.56133 -1.45812 0.468967 -2.54085 -1.15743 -1.44219 1.36277 1.42283 -1.19702 0.846424 0.804561 -0.0331295 -0.65059 2.453 2.17002 -1.8451 2.43045 0.133855 2.72466 2.30757 0.231635 -0.157784 0.151995 2.38443 0.868991 0.421374 
0.895029 -2.78301 -2.03009 -1.44237 2.56557 -1.49291 0.488116 -2.54072 -1.12901 -1.43107 1.38762 1.40429 -1.2119 0.823688 0.765912 -0.0229548 -0.656405 2.4673 2.16784 -1.83425 2.41675 0.11954 2.7251 2.30235 0.227284 -0.144287 0.14431 2.39573 0.875305 0.45428 
0.889592 -2.80742 -2.02516 -1.4494 2.56064 -1.52063 0.489861 -2.54152 -1.12666 -1.41774 1.41389 1.38319 -1.21953 0.812078 0.746083 -0.0160142 -0.66961 2.48655 2.1722 -1.82879 2.40615 0.0876033 2.73455 2.30796 0.203682 -0.143269 0.160955 2.40108 0.883821 0.48336 
0.880413 -2.83944 -2.00798 -1.44453 2.53633 -1.52848 0.473292 -2.54981 -1.12925 -1.39116 1.41232 1.39064 -1.22592 0.79765 0.721391 -0.0039225 -0.706425 2.49974 2.18717 -1.81956 2.39915 0.0377402 2.73597 2.31656 0.162555 -0.18389 0.190247 2.40807 0.896354 0.490654 
0.885958 -2.87188 -1.98952 -1.42837 2.5146 -1.53801 0.474893 -2.53336 -1.13782 -1.38395 1.40198 1.39923 -1.22893 0.773705 0.721735 0.0166949 -0.733934 2.52625 2.19785 -1.83741 2.35895 -0.0097604 2.74413 2.30885 0.0852214 -0.181371 0.225879 2.4071 0.915312 0.518 
0.889816 -2.89522 -1.96431 -1.42289 2.49563 -1.52539 0.474074 -2.52649 -1.14852 -1.36681 1.37728 1.42617 -1.23628 0.761761 0.720161 0.0234881 -0.772123 2.54076 2.21367 -1.85813 2.31854 -0.055187 2.74464 2.29669 0.0277925 -0.174522 0.25451 2.4086 0.931175 0.520507 
0.900861 -2.90138 -1.95617 -1.43396 2.48543 -1.49712 0.487137 -2.50803 -1.15431 -1.37258 1.37652 1.45216 -1.23048 0.756001 0.748347 0.0346339 -0.785379 2.54657 2.20577 -1.89503 2.28636 -0.0956302 2.75393 2.30108 -0.00185884 -0.148354 0.283082 2.38619 0.954542 0.544213 
0.91955 -2.90338 -1.95138 -1.44054 2.47199 -1.47097 0.514128 -2.50645 -1.16299 -1.38034 1.38818 1.46793 -1.21288 0.74678 0.772861 0.0522308 -0.796652 2.53948 2.20791 -1.93085 2.26797 -0.124146 2.76562 2.32139 -0.0183308 -0.107216 0.295104 2.36265 0.953437 0.568064 
0.917754 -2.91583 -1.96584 -1.47494 2.45282 -1.42259 0.509536 -2.50065 -1.18124 -1.37651 1.41592 1.48912 -1.20106 0.725318 0.800354 0.0524217 -0.790976 2.51743 2.22113 -1.96034 2.26541 -0.154686 2.78759 2.36078 -0.0213329 -0.107724 0.325383 2.32052 0.956373 0.575748 
0.913709 -2.92883 -1.98944 -1.51058 2.42246 -1.37635 0.496412 -2.52264 -1.19885 -1.36208 1.42917 1.51646 -1.19188 0.716851 0.809913 0.0471626 -0.800127 2.48022 2.24363 -1.97061 2.2543 -0.166903 2.79138 2.3871 -0.0214544 -0.112157 0.337579 2.29649 0.941812 0.565728 
0.923167 -2.91296 -2.01849 -1.55822 2.39575 -1.31369 0.476689 -2.54903 -1.20785 -1.35138 1.47107 1.54119 -1.18018 0.748407 0.834339 0.040422 -0.798147 2.46706 2.24494 -1.98226 2.24879 -0.170684 2.80588 2.41361 -0.00775014 -0.101469 0.351053 2.27587 0.951539 0.559619 
0.895557 -2.89368 -2.04968 -1.59599 2.39534 -1.26151 0.435089 -2.56369 -1.22568 -1.33861 1.51692 1.53487 -1.1435 0.775962 0.88469 0.0326551 -0.797729 2.48539 2.24738 -2.01165 2.24991 -0.185316 2.83905 2.42132 0.0207381 -0.0864639 0.372075 2.25164 0.993723 0.573939 
0.897929 -2.84991 -2.06751 -1.60106 2.39099 -1.22764 0.397482 -2.57609 -1.23331 -1.33203 1.53923 1.54817 -1.07761 0.803878 0.924236 0.0323676 -0.815351 2.50513 2.24825 -2.01201 2.27371 -0.170247 2.88145 2.41042 0.0329741 -0.0726462 0.396874 2.24257 1.01828 0.598643 
0.904119 -2.79977 -2.08132 -1.59645 2.39578 -1.19031 0.355507 -2.57029 -1.197 -1.30031 1.56806 1.55581 -0.998799 0.829151 0.966893 0.0183371 -0.825749 2.51444 2.25141 -2.01664 2.32118 -0.183769 2.9163 2.40065 0.0666428 -0.0290784 0.396174 2.24033 1.02175 0.642781 
