Mean 0 Mean 1 Mean 2 Mean 3 Mean 4 Mean 5 Mean 6 Mean 7 Mean 8 Mean 9 Mean 10 Mean 11 Mean 12 Mean 13 Mean 14 Mean 15 Mean 16 Mean 17 Mean 18 Mean 19 Mean 20 Mean 21 Mean 22 Mean 23 Mean 24 Mean 25 Mean 26 Mean 27 Mean 28 Mean 29 
0.99838 0.959417 -1.44236 -2.82014 2.6142 -1.45601 0.960065 -2.87043 -2.29933 -1.75266 1.0283 2.31071 -1.29542 1.1036 1.04858 0.0768315 0.399868 1.74127 2.85081 -0.0135203 2.97486 -2.88071 2.74463 1.05171 -0.416291 0.452974 -0.539733 2.12442 2.93882 0.383285 
1.00051 0.95575 -1.44284 -2.81248 2.60987 -1.44806 0.969129 -2.86587 -2.30187 -1.75372 1.04156 2.30652 -1.29539 1.10655 1.037 0.0788576 0.395894 1.74242 2.91998 -0.0147967 2.9634 -2.92278 2.74783 1.05413 -0.418365 0.440225 -0.534003 2.62534 2.94236 0.394025 
0.994033 0.954668 -1.44595 -2.81482 2.60372 -1.45433 0.971512 -2.85627 -2.30526 -1.74045 1.05834 2.30135 -1.28818 1.10126 1.04141 0.0787633 0.394743 1.7415 2.93702 -0.0122438 2.95296 -2.92848 2.74772 1.05709 -0.421782 0.445989 -0.540335 2.7953 2.94823 0.388747 
0.996241 0.951711 -1.44486 -2.82081 2.60047 -1.45656 0.964618 -2.85003 -2.30813 -1.73735 1.06909 2.29145 -1.28468 1.10256 1.04017 0.0754517 0.38907 1.73936 2.94158 -0.0126982 2.94555 -2.93221 2.74793 1.06586 -0.420722 0.446107 -0.544057 2.88325 2.95853 0.387575 
0.994837 0.95372 -1.44237 -2.82725 2.59646 -1.46093 0.959418 -2.84749 -2.31542 -1.73498 1.0844 2.28411 -1.2851 1.10327 1.03646 0.0741895 0.383117 1.73374 2.9516 -0.0151952 2.9376 -2.93225 2.74242 1.07463 -0.425803 0.441457 -0.545562 2.93531 2.96436 0.391339 
0.99887 0.952836 -1.43735 -2.83811 2.60357 -1.46314 0.953661 -2.8428 -2.31426 -1.74041 1.1018 2.27485 -1.29212 1.10438 1.0342 0.0688334 0.378702 1.73407 2.95564 -0.0203591 2.93494 -2.93293 2.74143 1.08236 -0.415553 0.440989 -0.562292 2.96371 2.96774 0.394938 
1.00481 0.950644 -1.43569 -2.8577 2.60747 -1.46206 0.950105 -2.8264 -2.32055 -1.73977 1.11186 2.25092 -1.29416 1.10408 1.02291 0.0684289 0.379644 1.72893 2.9306 -0.0346105 2.92901 -2.93441 2.7466 1.09106 -0.408736 0.442635 -0.577621 2.98626 2.98552 0.396513 
1.00966 0.949926 -1.43621 -2.8576 2.61082 -1.45517 0.944197 -2.82533 -2.32305 -1.7479 1.12104 2.2437 -1.2967 1.09988 1.02082 0.0667609 0.371458 1.72826 2.9243 -0.0488201 2.92385 -2.93244 2.74809 1.09779 -0.398532 0.431709 -0.583587 2.99597 2.99872 0.385721 
1.008 0.941354 -1.44179 -2.86657 2.59918 -1.45483 0.936804 -2.83542 -2.33075 -1.7367 1.12998 2.24043 -1.30014 1.10371 1.01894 0.0670505 0.36724 1.7239 2.92293 -0.0538769 2.92745 -2.93734 2.74324 1.10158 -0.395415 0.425446 -0.574063 3.00942 3.01281 0.388857 
1.00175 0.936987 -1.44788 -2.86868 2.59338 -1.44921 0.929922 -2.83956 -2.32734 -1.73591 1.13852 2.23716 -1.3017 1.10349 1.01121 0.0678351 0.365274 1.7246 2.93025 -0.0541518 2.9244 -2.94284 2.73884 1.09991 -0.395104 0.423926 -0.574742 3.01451 3.02577 0.383845 
0.992728 0.938722 -1.44868 -2.87621 2.58501 -1.44287 0.918552 -2.8466 -2.33178 -1.72871 1.1508 2.23828 -1.29554 1.10894 1.00537 0.0694784 0.361629 1.72491 2.93729 -0.046312 2.92473 -2.94967 2.7329 1.10352 -0.393465 0.421194 -0.577676 3.02024 3.04034 0.376407 
0.996269 0.937765 -1.45047 -2.87025 2.5818 -1.44722 0.914234 -2.84677 -2.3211 -1.72627 1.16307 2.24757 -1.29701 1.10734 1.00327 0.0622197 0.351565 1.72311 2.94288 -0.0424344 2.92426 -2.95013 2.73343 1.10311 -0.382709 0.425594 -0.591075 3.0242 3.05446 0.378627 
1.0027 0.937646 -1.44605 -2.86414 2.58775 -1.45704 0.908438 -2.84356 -2.30984 -1.72298 1.1655 2.25372 -1.30069 1.10544 0.999911 0.0601666 0.336043 1.72388 2.94279 -0.0367761 2.91881 -2.94791 2.7266 1.09623 -0.364455 0.425048 -0.608893 3.02358 3.07342 0.368912 
1.00803 0.933365 -1.43123 -2.85907 2.58775 -1.46443 0.902443 -2.83704 -2.30259 -1.71393 1.15645 2.26552 -1.30075 1.10793 0.992803 0.0682461 0.321752 1.72021 2.93873 -0.0363234 2.91588 -2.9519 2.72126 1.09182 -0.34898 0.430158 -0.623645 3.02912 3.08794 0.36882 
1.01418 0.925393 -1.41761 -2.84151 2.5931 -1.48082 0.888958 -2.83279 -2.29182 -1.70212 1.15861 2.27378 -1.2973 1.10436 0.977026 0.0656568 0.298248 1.72328 2.92532 -0.0391558 2.9079 -2.94513 2.72513 1.0776 -0.332031 0.443489 -0.639932 3.02876 3.10773 0.369057 
1.01633 0.91956 -1.39791 -2.82246 2.58212 -1.48917 0.87807 -2.83056 -2.28005 -1.68853 1.15051 2.2832 -1.2949 1.10406 0.959022 0.0689992 0.291435 1.73146 2.90263 -0.0360885 2.91388 -2.95598 2.73526 1.06843 -0.328973 0.454016 -0.659145 3.02764 3.12386 0.367554 
1.01622 0.91892 -1.39017 -2.81168 2.56478 -1.50009 0.874121 -2.83052 -2.27216 -1.66911 1.14254 2.28638 -1.28743 1.10156 0.951555 0.0762328 0.277879 1.73204 2.87887 -0.0373862 2.90954 -2.96527 2.74854 1.05154 -0.316528 0.465075 -0.673917 3.0308 3.14201 0.364662 
1.01454 0.919544 -1.38943 -2.8195 2.5417 -1.51359 0.873508 -2.82432 -2.26211 -1.66005 1.1465 2.2937 -1.27784 1.10745 0.954603 0.0743501 0.272958 1.7305 2.87427 -0.0336721 2.91286 -2.96708 2.75009 1.0414 -0.31522 0.464642 -0.694608 3.02355 3.1633 0.351428 
1.01825 0.904572 -1.39349 -2.82223 2.52114 -1.53413 0.88049 -2.79784 -2.23978 -1.66715 1.14638 2.2995 -1.28393 1.10511 0.968865 0.0884451 0.247619 1.72398 2.86001 -0.0186643 2.92777 -2.97798 2.74951 1.04465 -0.328248 0.458589 -0.70282 3.0056 3.17449 0.334312 
1.01055 0.88805 -1.40388 -2.81436 2.51712 -1.5674 0.874361 -2.77951 -2.23139 -1.66783 1.15765 2.31411 -1.27877 1.09289 0.9721 0.0935446 0.21756 1.70831 2.85453 0.00207384 2.94594 -2.9781 2.77045 1.04194 -0.345086 0.461859 -0.717176 3.00136 3.19382 0.318978 
0.991837 0.87733 -1.41196 -2.79648 2.51079 -1.59545 0.859136 -2.77877 -2.2211 -1.66933 1.17661 2.32577 -1.26583 1.07877 0.963476 0.0915306 0.19899 1.69914 2.84994 0.0218469 2.95726 -2.98215 2.79772 1.03757 -0.357024 0.468497 -0.736501 3.01038 3.21361 0.312144 
0.955874 0.8694 -1.42349 -2.77364 2.50664 -1.61181 0.84034 -2.78766 -2.2016 -1.66032 1.18936 2.33734 -1.25594 1.05329 0.939625 0.0820661 0.179845 1.68301 2.85951 0.0289575 2.97239 -2.96532 2.82293 1.03414 -0.381414 0.479074 -0.74657 3.02432 3.21282 0.305835 
0.923289 0.866137 -1.4773 -2.76989 2.53759 -1.63269 0.836697 -2.77911 -2.17593 -1.66398 1.21375 2.33377 -1.24259 1.02614 0.935253 0.0726057 0.156912 1.66666 2.8728 0.0175965 2.99765 -2.94348 2.84637 1.03971 -0.393837 0.51456 -0.753811 3.0285 3.20702 0.310705 
0.906353 0.857854 -1.51653 -2.7723 2.569 -1.64286 0.816172 -2.77889 -2.15226 -1.67043 1.23778 2.343 -1.21577 1.00703 0.943773 0.0629595 0.134044 1.65011 2.89261 0.0022269 3.01108 -2.93576 2.86241 1.04834 -0.398177 0.539394 -0.768638 3.03089 3.20104 0.309264 
0.921044 0.865784 -1.53828 -2.75228 2.58786 -1.66064 0.822365 -2.79211 -2.13283 -1.6721 1.24773 2.36889 -1.19225 0.982858 0.94083 0.0576814 0.125161 1.63084 2.90887 -0.0079205 3.01884 -2.91539 2.8833 1.05261 -0.395442 0.552173 -0.786772 3.03832 3.18588 0.312518 
0.92313 0.874049 -1.57441 -2.74186 2.61025 -1.69433 0.826904 -2.8059 -2.11107 -1.6746 1.24446 2.37197 -1.16284 0.971548 0.954271 0.0646348 0.109247 1.61181 2.92001 -0.0150026 3.02026 -2.90312 2.89175 1.04354 -0.402801 0.586379 -0.807181 3.05625 3.17626 0.331696 
0.918526 0.883379 -1.60362 -2.72458 2.62771 -1.74791 0.843798 -2.80895 -2.08889 -1.6752 1.22601 2.36175 -1.13843 0.95606 0.956577 0.0761282 0.0851035 1.60628 2.92106 -0.00830371 3.03293 -2.89508 2.89913 1.01637 -0.418063 0.621183 -0.822546 3.06899 3.15446 0.348749 
0.930833 0.878425 -1.58742 -2.7051 2.63359 -1.78213 0.849465 -2.81213 -2.07871 -1.68378 1.20995 2.36059 -1.11702 0.955507 0.958771 0.102789 0.0693003 1.60741 2.93203 -0.00977008 3.02616 -2.88111 2.88529 0.974959 -0.398083 0.637625 -0.838018 3.07015 3.15234 0.353973 
0.989717 0.862493 -1.55998 -2.67011 2.6468 -1.83427 0.875316 -2.81433 -2.06974 -1.68431 1.18501 2.34672 -1.09754 0.939358 0.940608 0.132935 0.0411298 1.61607 2.92851 -0.0380468 2.99809 -2.86012 2.85883 0.9206 -0.350085 0.674581 -0.879762 3.08862 3.13029 0.370107 
1.01612 0.857001 -1.52151 -2.64519 2.6642 -1.85502 0.897606 -2.83369 -2.08502 -1.65815 1.20015 2.32205 -1.08333 0.92225 0.921352 0.176049 0.0219679 1.61301 2.91489 -0.0848771 2.96984 -2.82708 2.82495 0.899569 -0.317876 0.750534 -0.898854 3.13061 3.13281 0.404695 
1.04346 0.857388 -1.50909 -2.63646 2.7058 -1.85847 0.908297 -2.84923 -2.10475 -1.61793 1.2217 2.30668 -1.05703 0.935933 0.924395 0.197078 -0.0245704 1.58659 2.91384 -0.141848 2.93366 -2.77294 2.78342 0.916882 -0.283456 0.808943 -0.894637 3.17646 3.11426 0.445889 
1.06338 0.853039 -1.49524 -2.6434 2.73233 -1.85795 0.898172 -2.85615 -2.13582 -1.60005 1.22715 2.30068 -1.01616 0.956036 0.945347 0.204485 -0.081658 1.56419 2.90761 -0.191497 2.89656 -2.72274 2.75523 0.928072 -0.245 0.855213 -0.88905 3.20603 3.09861 0.46911 
1.07833 0.864975 -1.47426 -2.64779 2.74557 -1.83921 0.880822 -2.86365 -2.16685 -1.5829 1.25665 2.29399 -0.991046 0.956569 0.954437 0.224868 -0.124918 1.55052 2.90344 -0.242492 2.88012 -2.69289 2.7241 0.943532 -0.226138 0.889576 -0.839458 3.23032 3.10221 0.494149 
1.09999 0.881253 -1.45242 -2.65391 2.75072 -1.81747 0.875964 -2.89199 -2.20945 -1.54309 1.28324 2.29196 -0.954927 0.964685 0.949217 0.265053 -0.171651 1.52735 2.88531 -0.297364 2.86966 -2.67292 2.69048 0.967477 -0.238543 0.898239 -0.773031 3.26957 3.09427 0.511801 
1.11209 0.898385 -1.37645 -2.65751 2.70471 -1.8283 0.86934 -2.9434 -2.25997 -1.45609 1.29799 2.29522 -0.875223 0.93882 0.876831 0.326124 -0.191413 1.53322 2.81887 -0.362874 2.89004 -2.7254 2.67708 0.965765 -0.36612 0.808678 -0.660864 3.31734 3.07764 0.482389 
1.11944 0.920436 -1.3609 -2.6739 2.69289 -1.81379 0.850533 -2.96519 -2.31938 -1.41465 1.31413 2.31794 -0.806288 0.933962 0.87018 0.357043 -0.195997 1.52411 2.78535 -0.428861 2.90991 -2.80514 2.6805 0.963236 -0.44033 0.729629 -0.575559 3.34471 3.08697 0.460961 
1.09859 0.965558 -1.3735 -2.7326 2.71738 -1.76336 0.82574 -2.95604 -2.36452 -1.39373 1.30852 2.35105 -0.802884 0.947867 0.919579 0.36039 -0.181957 1.50505 2.77578 -0.479411 2.92082 -2.86139 2.67716 0.980657 -0.482268 0.695912 -0.53437 3.35267 3.10464 0.446003 
1.07985 1.03042 -1.39021 -2.80135 2.71422 -1.69536 0.805201 -2.92256 -2.3922 -1.38978 1.32016 2.37078 -0.817567 0.928254 1.02167 0.369086 -0.153257 1.49884 2.73859 -0.514157 2.94697 -2.91831 2.69253 0.993384 -0.54014 0.706733 -0.501899 3.33489 3.11514 0.412822 
1.06646 1.07595 -1.3846 -2.83967 2.69603 -1.62456 0.779299 -2.89375 -2.40499 -1.41107 1.34574 2.36583 -0.824119 0.913104 1.09912 0.371571 -0.120874 1.50195 2.72539 -0.496409 2.99912 -2.94141 2.71609 0.992801 -0.582616 0.694899 -0.467865 3.29485 3.15101 0.395923 
1.06716 1.09433 -1.39435 -2.86818 2.68108 -1.57822 0.757314 -2.88947 -2.4139 -1.40975 1.36397 2.34216 -0.843062 0.887479 1.1345 0.350526 -0.0907761 1.50467 2.72849 -0.499664 3.04275 -2.97231 2.73402 0.972296 -0.638858 0.678852 -0.471079 3.28696 3.1642 0.398928 
