Mean 0 Mean 1 Mean 2 Mean 3 Mean 4 Mean 5 Mean 6 Mean 7 Mean 8 Mean 9 Mean 10 Mean 11 Mean 12 Mean 13 Mean 14 Mean 15 Mean 16 Mean 17 Mean 18 Mean 19 Mean 20 Mean 21 Mean 22 Mean 23 Mean 24 Mean 25 Mean 26 Mean 27 Mean 28 Mean 29 
-1.51621 -2.74518 -1.99085 -2.43123 2.22673 -1.05355 0.985565 -1.45018 -2.35068 -1.24629 -0.688072 1.31134 1.0375 0.877477 -1.62378 -0.483433 -0.28165 2.58377 2.76748 0.519397 -0.459047 0.363931 2.54706 0.672035 0.793422 -1.40699 -0.00988849 -1.02751 -2.47532 0.175896 
-1.51267 -2.74052 -1.97316 -2.43607 2.22524 -1.05259 0.990625 -1.44608 -2.35574 -1.24862 -0.698961 1.30439 1.03956 0.870802 -1.62889 -0.481699 -1.4786 2.59186 2.77207 0.517919 -0.45109 0.354829 2.54603 0.667297 0.797036 -1.40661 -0.00773239 -1.02534 -2.46435 0.166842 
-1.519 -2.73679 -1.97729 -2.44448 2.22286 -1.05955 0.987783 -1.44322 -2.36274 -1.24824 -0.699036 1.30311 1.0486 0.881852 -1.62568 -0.481483 -2.08844 2.58628 2.77097 0.514319 -0.455047 0.351432 2.54364 0.664957 0.796769 -1.40801 -0.0132234 -1.01832 -2.46858 0.163571 
-1.52026 -2.73469 -1.97256 -2.45387 2.22406 -1.0645 0.980971 -1.44151 -2.37099 -1.24423 -0.695715 1.29172 1.04698 0.890627 -1.62145 -0.484453 -2.39873 2.58485 2.76967 0.511002 -0.457527 0.347661 2.53952 0.666415 0.796121 -1.40995 -0.0105554 -1.00682 -2.46611 0.160914 
-1.50537 -2.73888 -1.94902 -2.45937 2.21208 -1.06322 0.973998 -1.44168 -2.37279 -1.24314 -0.6932 1.27926 1.04545 0.895291 -1.61733 -0.488131 -2.59599 2.59304 2.764 0.497836 -0.468448 0.34775 2.54172 0.671851 0.796519 -1.39734 -0.0116881 -1.0013 -2.47113 0.162367 
-1.49748 -2.73922 -1.93433 -2.46451 2.20064 -1.06675 0.968677 -1.45173 -2.3833 -1.24588 -0.688818 1.27785 1.04243 0.897086 -1.62557 -0.487705 -2.71214 2.60337 2.76126 0.490627 -0.46624 0.34392 2.54261 0.680622 0.798234 -1.3984 -0.0108986 -0.999336 -2.46327 0.162923 
-1.48865 -2.73813 -1.93277 -2.47083 2.19713 -1.07052 0.966712 -1.45589 -2.37634 -1.24897 -0.676355 1.26453 1.03821 0.898514 -1.64304 -0.478493 -2.79596 2.60835 2.76914 0.492355 -0.474315 0.336844 2.53014 0.688987 0.80338 -1.39719 -0.00337135 -0.999878 -2.45427 0.159754 
-1.47959 -2.72763 -1.9194 -2.48346 2.18489 -1.07359 0.958959 -1.45294 -2.37647 -1.25015 -0.678939 1.25421 1.03584 0.899211 -1.64682 -0.468005 -2.87298 2.61949 2.76584 0.49193 -0.46611 0.324016 2.51897 0.699599 0.815377 -1.39498 0.0053869 -1.00078 -2.44216 0.162727 
-1.47879 -2.71395 -1.91448 -2.48994 2.17659 -1.07565 0.943379 -1.45693 -2.37873 -1.25334 -0.671284 1.2366 1.0299 0.897593 -1.67132 -0.465371 -2.93418 2.62234 2.77077 0.483162 -0.465588 0.322016 2.51148 0.701101 0.812153 -1.38592 0.0291944 -1.00097 -2.41832 0.148367 
-1.48365 -2.70726 -1.9208 -2.49911 2.17814 -1.08876 0.932869 -1.45918 -2.36368 -1.25703 -0.665839 1.21738 1.02193 0.891819 -1.68358 -0.467358 -2.98623 2.62838 2.75885 0.479494 -0.471676 0.317849 2.51117 0.714405 0.820026 -1.36977 0.0321438 -0.986883 -2.40468 0.152258 
-1.48048 -2.6988 -1.91969 -2.51018 2.18891 -1.09513 0.927439 -1.46292 -2.36953 -1.25671 -0.659149 1.18528 1.01432 0.886049 -1.69509 -0.460188 -3.02675 2.64253 2.75262 0.485995 -0.479584 0.30971 2.50928 0.72747 0.83266 -1.35476 0.0226106 -0.983029 -2.38919 0.136032 
-1.48521 -2.68928 -1.9123 -2.51879 2.18743 -1.10668 0.933238 -1.46661 -2.37815 -1.23813 -0.652466 1.18042 1.00908 0.889912 -1.69362 -0.463793 -3.04753 2.64199 2.73922 0.48301 -0.480585 0.307382 2.50624 0.73387 0.839577 -1.36287 0.00684604 -0.982507 -2.37608 0.108185 
-1.4882 -2.68933 -1.90141 -2.51853 2.17904 -1.11113 0.928581 -1.46483 -2.3823 -1.22177 -0.637785 1.17118 1.00651 0.887385 -1.70078 -0.462748 -3.06232 2.63072 2.72877 0.47459 -0.47815 0.310947 2.50686 0.730475 0.840645 -1.36461 -0.00137109 -0.988721 -2.3592 0.111602 
-1.49057 -2.68892 -1.89169 -2.51692 2.16753 -1.119 0.929702 -1.47097 -2.37606 -1.20913 -0.633622 1.16576 1.01135 0.887264 -1.70504 -0.465777 -3.07738 2.62156 2.71396 0.467403 -0.473281 0.307462 2.50283 0.731566 0.839641 -1.36262 -0.0109165 -0.984723 -2.34119 0.109662 
-1.49578 -2.68544 -1.88121 -2.519 2.16076 -1.13405 0.925788 -1.46714 -2.36948 -1.18193 -0.619245 1.15713 1.01443 0.89303 -1.70659 -0.473106 -3.10018 2.61824 2.70004 0.467969 -0.465988 0.299626 2.4977 0.731855 0.836848 -1.37149 -0.0202702 -0.984274 -2.31739 0.109393 
-1.50833 -2.68111 -1.86298 -2.52129 2.15059 -1.14915 0.924804 -1.46108 -2.36602 -1.15341 -0.608377 1.15323 1.01653 0.902314 -1.70084 -0.475329 -3.10882 2.616 2.68285 0.456389 -0.459078 0.289346 2.48358 0.730579 0.837025 -1.39175 -0.0314363 -0.977506 -2.29484 0.106422 
-1.52021 -2.67613 -1.84498 -2.51449 2.14561 -1.16564 0.931336 -1.45779 -2.3579 -1.12583 -0.580998 1.13359 1.01449 0.900426 -1.71522 -0.47518 -3.11488 2.62582 2.69067 0.448426 -0.439596 0.2789 2.47897 0.721515 0.814661 -1.41286 -0.0372757 -0.962323 -2.25846 0.119028 
-1.53614 -2.67325 -1.83415 -2.51534 2.12133 -1.17689 0.930627 -1.44748 -2.35369 -1.1076 -0.572446 1.12764 1.01226 0.900323 -1.72083 -0.474083 -3.10813 2.64472 2.70087 0.443009 -0.42353 0.2683 2.47743 0.714356 0.801505 -1.42395 -0.0524298 -0.960762 -2.22895 0.131377 
-1.54444 -2.67255 -1.82797 -2.51092 2.10849 -1.18555 0.932508 -1.43442 -2.34646 -1.08831 -0.561201 1.12841 1.00982 0.905192 -1.72491 -0.474346 -3.10956 2.65552 2.70443 0.434436 -0.410389 0.25829 2.47685 0.704429 0.785754 -1.43364 -0.0657509 -0.963716 -2.20184 0.135743 
-1.54609 -2.67293 -1.82556 -2.5037 2.11147 -1.19803 0.934956 -1.43255 -2.33766 -1.07323 -0.544913 1.1143 1.00512 0.916898 -1.73913 -0.466489 -3.11532 2.67325 2.71901 0.420808 -0.415659 0.25818 2.47163 0.695436 0.78308 -1.41761 -0.0818206 -0.969089 -2.18362 0.168085 
-1.53908 -2.68789 -1.83785 -2.49739 2.11827 -1.22096 0.924579 -1.42419 -2.3185 -1.04908 -0.536889 1.11735 1.01596 0.931458 -1.74477 -0.471462 -3.15243 2.69411 2.72346 0.413761 -0.431018 0.272697 2.46314 0.679628 0.806865 -1.37837 -0.0856618 -0.996495 -2.17114 0.176702 
-1.54207 -2.69712 -1.85143 -2.49429 2.13222 -1.239 0.915299 -1.42761 -2.29543 -1.02108 -0.507822 1.11693 1.03311 0.957388 -1.76313 -0.476922 -3.18843 2.71904 2.75339 0.393689 -0.439579 0.296747 2.46216 0.656501 0.835475 -1.32436 -0.0832803 -1.0257 -2.16406 0.218025 
-1.55029 -2.69546 -1.84756 -2.4746 2.14179 -1.25249 0.897959 -1.46001 -2.28916 -1.00738 -0.498935 1.11976 1.05046 0.959557 -1.78095 -0.456772 -3.22301 2.73742 2.79404 0.391699 -0.418993 0.32562 2.4666 0.637109 0.833523 -1.30346 -0.0789133 -1.04274 -2.16643 0.268431 
-1.56279 -2.68392 -1.85959 -2.47335 2.14118 -1.26522 0.878846 -1.4877 -2.30025 -0.991574 -0.508047 1.10878 1.04566 0.980628 -1.79653 -0.448065 -3.23065 2.73679 2.8196 0.36882 -0.412224 0.352529 2.44989 0.629978 0.792668 -1.29433 -0.0885773 -1.05286 -2.1647 0.289973 
-1.57551 -2.67145 -1.87055 -2.47079 2.13964 -1.26507 0.874651 -1.50818 -2.30352 -0.986989 -0.504362 1.10446 1.04535 0.986874 -1.80533 -0.429265 -3.24203 2.73847 2.83909 0.340623 -0.40301 0.359469 2.45864 0.621344 0.786801 -1.2677 -0.0991366 -1.05817 -2.16943 0.319751 
-1.56488 -2.6558 -1.87535 -2.46086 2.15137 -1.2666 0.888065 -1.52666 -2.29896 -0.987711 -0.492886 1.11281 1.04162 0.973941 -1.81507 -0.394507 -3.26328 2.74534 2.85636 0.312103 -0.379456 0.359706 2.45833 0.592996 0.795434 -1.26075 -0.111361 -1.05462 -2.17107 0.338044 
-1.56164 -2.63847 -1.86762 -2.44231 2.1656 -1.27076 0.888566 -1.54117 -2.3054 -0.975788 -0.472993 1.12934 1.04284 0.954478 -1.83543 -0.36697 -3.28527 2.76201 2.86552 0.287354 -0.354754 0.362051 2.46249 0.566544 0.790634 -1.28798 -0.107256 -1.04491 -2.16736 0.337551 
-1.55852 -2.67004 -1.84786 -2.4391 2.12738 -1.29005 0.847825 -1.53994 -2.3578 -0.987782 -0.419593 1.0969 1.04501 0.92639 -1.84827 -0.382486 -3.34479 2.79001 2.84346 0.252564 -0.354565 0.341295 2.45327 0.564012 0.817371 -1.30116 -0.0615803 -1.03973 -2.10225 0.345425 
-1.52758 -2.654 -1.85462 -2.43577 2.1216 -1.30414 0.864609 -1.55607 -2.35876 -0.988109 -0.408012 1.10275 1.03146 0.931068 -1.82893 -0.361391 -3.37883 2.78299 2.82727 0.233968 -0.349889 0.319794 2.42048 0.548689 0.834603 -1.31294 -0.0540632 -1.02531 -2.10282 0.336781 
-1.48926 -2.64881 -1.8614 -2.4293 2.14088 -1.33508 0.889745 -1.57013 -2.34607 -0.956308 -0.378185 1.11511 1.02896 0.92966 -1.8214 -0.340458 -3.41968 2.77977 2.80883 0.229593 -0.375025 0.306627 2.38127 0.543552 0.879006 -1.32661 -0.0427336 -0.99985 -2.10016 0.347212 
-1.46957 -2.64332 -1.85496 -2.45481 2.15633 -1.34496 0.943606 -1.58658 -2.34129 -0.930181 -0.367439 1.11973 1.0423 0.934264 -1.80037 -0.334836 -3.43642 2.75831 2.78732 0.22842 -0.406282 0.281565 2.33441 0.559662 0.898663 -1.31075 -0.0401933 -0.969321 -2.0835 0.354631 
-1.46524 -2.64041 -1.82281 -2.45352 2.16989 -1.34538 0.973571 -1.60974 -2.34881 -0.916786 -0.381979 1.12087 1.04857 0.946303 -1.76829 -0.321232 -3.45015 2.7607 2.78713 0.218482 -0.425033 0.252694 2.2936 0.56527 0.900626 -1.26495 -0.0510378 -0.945636 -2.0834 0.344378 
-1.46802 -2.62127 -1.80124 -2.4475 2.18472 -1.34056 0.979467 -1.64943 -2.35996 -0.888889 -0.391986 1.1186 1.06349 0.97058 -1.73303 -0.317213 -3.48455 2.75543 2.78809 0.2216 -0.444443 0.234297 2.26274 0.579866 0.894264 -1.23594 -0.0318541 -0.906018 -2.07497 0.351553 
-1.47408 -2.62139 -1.80154 -2.44217 2.191 -1.32403 0.963731 -1.68152 -2.36394 -0.870405 -0.376109 1.10479 1.0688 0.970871 -1.71123 -0.341115 -3.51041 2.74034 2.79788 0.212659 -0.453831 0.224718 2.26122 0.602299 0.857964 -1.21539 -0.0334795 -0.881907 -2.08962 0.353777 
-1.47231 -2.63464 -1.82809 -2.41953 2.20108 -1.32746 0.937261 -1.71189 -2.40653 -0.876238 -0.340926 1.08591 1.07974 0.957387 -1.67573 -0.377609 -3.54014 2.73093 2.81474 0.181834 -0.436257 0.232935 2.28235 0.605842 0.805809 -1.18392 -0.0426334 -0.86866 -2.13374 0.344828 
-1.47506 -2.61095 -1.83819 -2.39699 2.19987 -1.31121 0.932523 -1.7426 -2.42391 -0.870824 -0.279924 1.07061 1.08026 0.947005 -1.61003 -0.385575 -3.54125 2.72355 2.83651 0.146915 -0.401064 0.242258 2.30226 0.594266 0.750745 -1.13622 -0.0539403 -0.834358 -2.15845 0.334407 
-1.45139 -2.54947 -1.84237 -2.3855 2.20474 -1.2922 0.935493 -1.75998 -2.43292 -0.886699 -0.226938 1.05789 1.09354 0.94729 -1.55644 -0.385859 -3.53358 2.71662 2.8301 0.142847 -0.356475 0.257456 2.31179 0.575049 0.695812 -1.09314 -0.0519584 -0.800534 -2.17558 0.320321 
-1.40697 -2.48785 -1.82864 -2.36859 2.23251 -1.29533 0.96485 -1.75491 -2.41782 -0.900395 -0.201264 1.06453 1.10528 0.9818 -1.53004 -0.356492 -3.50597 2.71333 2.81264 0.159468 -0.304432 0.265715 2.30668 0.545364 0.640388 -1.02567 -0.0321213 -0.763694 -2.18969 0.327369 
-1.38547 -2.42936 -1.82998 -2.37726 2.22975 -1.28497 0.992449 -1.74728 -2.40506 -0.899612 -0.181602 1.05407 1.15129 0.961353 -1.50172 -0.331164 -3.49139 2.71215 2.76415 0.145743 -0.271776 0.261235 2.32167 0.517415 0.571846 -0.963404 -0.0303419 -0.738784 -2.20745 0.34451 
-1.36276 -2.37518 -1.82263 -2.37995 2.21632 -1.2884 1.01181 -1.73254 -2.4128 -0.904487 -0.158509 1.05419 1.20938 0.920163 -1.47008 -0.298065 -3.50974 2.71602 2.71807 0.113216 -0.263212 0.277314 2.35221 0.488158 0.513254 -0.913779 -0.0192994 -0.719879 -2.20555 0.347583 
