Mean 0 Mean 1 Mean 2 Mean 3 Mean 4 Mean 5 Mean 6 Mean 7 Mean 8 Mean 9 Mean 10 Mean 11 Mean 12 Mean 13 Mean 14 Mean 15 Mean 16 Mean 17 Mean 18 Mean 19 Mean 20 Mean 21 Mean 22 Mean 23 Mean 24 Mean 25 Mean 26 Mean 27 Mean 28 Mean 29 
0.90599 -1.09789 -2.45219 -2.3983 2.74722 -1.14633 0.996154 -1.24607 0.954638 -1.35871 2.24973 0.932913 -2.60848 0.990063 0.88475 0.200461 2.44347 2.32062 2.66591 0.508367 -0.341761 0.711591 2.75285 0.162877 -0.321851 0.0330587 -2.5788 2.89022 0.617806 0.63132 
0.90934 -1.09846 -2.45723 -2.40205 2.74975 -1.14344 0.9884 -1.2432 0.953566 -1.3591 2.25509 0.927523 -2.60688 0.995953 0.886287 0.19641 2.44552 2.32387 2.66776 0.498799 -0.341278 0.716995 2.75467 0.159824 -0.325606 0.033746 -2.58082 2.88499 0.625193 0.638241 
0.910202 -1.0988 -2.45398 -2.41799 2.73942 -1.14905 0.983865 -1.25076 0.954439 -1.36479 2.26654 0.928804 -2.60064 0.995826 0.892165 0.191849 2.44159 2.32108 2.67419 0.495582 -0.343565 0.72217 2.75665 0.157736 -0.33565 0.0314545 -2.57308 2.89116 0.635045 0.631325 
0.924654 -1.09925 -2.45126 -2.40932 2.72895 -1.15007 0.985843 -1.25892 0.953827 -1.36689 2.27077 0.924835 -2.59118 0.992577 0.892955 0.196446 2.43524 2.32171 2.6715 0.488379 -0.344028 0.704536 2.74617 0.169518 -0.32167 0.0369175 -2.57595 2.90106 0.624534 0.644264 
0.938261 -1.10541 -2.44883 -2.4233 2.72459 -1.14952 0.985764 -1.26623 0.952281 -1.36372 2.28138 0.915341 -2.58942 0.998823 0.889206 0.195823 2.43387 2.32464 2.681 0.480034 -0.351681 0.707428 2.75069 0.169659 -0.326179 0.0395957 -2.56328 2.90203 0.631687 0.640823 
0.931738 -1.10908 -2.44488 -2.44376 2.72179 -1.1453 0.971248 -1.27552 0.941727 -1.36918 2.27848 0.916489 -2.59109 1.0071 0.875199 0.195329 2.43935 2.3297 2.68024 0.468791 -0.360352 0.716182 2.75125 0.182065 -0.338984 0.0379489 -2.57142 2.89493 0.638169 0.64314 
0.92961 -1.11052 -2.44327 -2.458 2.71804 -1.14699 0.966345 -1.29143 0.934668 -1.36645 2.28378 0.920322 -2.59695 1.01246 0.87516 0.196448 2.43375 2.33383 2.68488 0.464156 -0.366697 0.720043 2.7502 0.185381 -0.339634 0.0381731 -2.57401 2.89427 0.640034 0.645206 
0.91138 -1.10488 -2.43235 -2.4891 2.70729 -1.14589 0.970954 -1.30051 0.916593 -1.36967 2.29219 0.908707 -2.58727 1.00947 0.88249 0.207399 2.41671 2.35575 2.68686 0.474312 -0.362978 0.699231 2.73612 0.199323 -0.335449 0.0338466 -2.54715 2.88668 0.643498 0.656364 
0.89954 -1.09919 -2.4245 -2.50663 2.69626 -1.14552 0.966058 -1.28909 0.896603 -1.36194 2.30234 0.898352 -2.58797 1.0046 0.886833 0.209747 2.40871 2.36584 2.67542 0.472505 -0.357551 0.683994 2.73136 0.203759 -0.328805 0.0281816 -2.54703 2.88572 0.664004 0.665706 
0.890808 -1.10014 -2.41858 -2.51861 2.69447 -1.14253 0.950415 -1.29067 0.876635 -1.35663 2.30979 0.891778 -2.59395 1.00279 0.892416 0.220895 2.39199 2.37044 2.66635 0.476894 -0.364011 0.677244 2.72709 0.189837 -0.318037 0.0170258 -2.53856 2.89083 0.678808 0.659256 
0.887036 -1.10042 -2.41377 -2.52569 2.69158 -1.1433 0.943177 -1.29276 0.86055 -1.34778 2.3206 0.886782 -2.59282 1.00753 0.887059 0.222149 2.38181 2.36883 2.6567 0.475871 -0.369365 0.6748 2.72615 0.181769 -0.308092 0.00950129 -2.5344 2.89493 0.698188 0.654104 
0.883849 -1.09874 -2.41083 -2.52633 2.67912 -1.14284 0.943298 -1.30175 0.848713 -1.33343 2.33045 0.874693 -2.5894 1.01339 0.875843 0.22178 2.37864 2.36776 2.65142 0.483766 -0.365948 0.670163 2.72116 0.176324 -0.302159 0.00610349 -2.53014 2.89313 0.715321 0.638558 
0.874536 -1.09583 -2.41383 -2.5293 2.67475 -1.14702 0.944762 -1.29081 0.844015 -1.31556 2.33584 0.862797 -2.58221 1.01253 0.858418 0.223101 2.37625 2.37146 2.63547 0.48714 -0.36062 0.662521 2.71725 0.165915 -0.290667 0.0025173 -2.53412 2.89572 0.737231 0.624945 
0.860397 -1.09439 -2.4068 -2.53369 2.66858 -1.15158 0.942069 -1.28151 0.831713 -1.30183 2.33682 0.858224 -2.58384 1.01267 0.83806 0.218117 2.37622 2.37095 2.61737 0.487018 -0.353155 0.663814 2.71148 0.149929 -0.285789 -0.0075328 -2.53414 2.89375 0.756906 0.610191 
0.844226 -1.09287 -2.39261 -2.52464 2.66238 -1.15978 0.934831 -1.28486 0.828266 -1.28232 2.32805 0.859527 -2.58511 1.01636 0.829345 0.215704 2.37449 2.37842 2.60074 0.494 -0.343556 0.656467 2.709 0.145781 -0.293173 -0.0252588 -2.54794 2.89362 0.779145 0.601696 
0.833128 -1.09622 -2.38242 -2.52037 2.6604 -1.17679 0.928427 -1.27631 0.831915 -1.26994 2.32211 0.851156 -2.59726 1.01299 0.824292 0.220678 2.38116 2.38118 2.57903 0.505775 -0.336024 0.644677 2.70295 0.141606 -0.289768 -0.0261486 -2.56849 2.89008 0.797593 0.59545 
0.825178 -1.09202 -2.38106 -2.52443 2.6691 -1.19382 0.928712 -1.26858 0.823397 -1.2526 2.33253 0.834542 -2.60748 1.00525 0.82372 0.22353 2.39731 2.3804 2.55496 0.519883 -0.328838 0.634556 2.69405 0.137515 -0.287801 -0.0345584 -2.60133 2.88664 0.810449 0.582596 
0.816795 -1.1009 -2.35074 -2.51666 2.6647 -1.20255 0.909588 -1.26928 0.809419 -1.24458 2.35522 0.842003 -2.61963 0.987933 0.811176 0.247822 2.39966 2.36439 2.54572 0.528308 -0.316626 0.632377 2.68897 0.123377 -0.30643 -0.0580633 -2.60755 2.88037 0.830032 0.57196 
0.8056 -1.10113 -2.33803 -2.50557 2.66796 -1.20208 0.896977 -1.28708 0.7878 -1.24192 2.36417 0.841439 -2.63151 0.979813 0.789499 0.27493 2.40228 2.35845 2.53909 0.5221 -0.299175 0.639359 2.66913 0.109938 -0.313247 -0.0629011 -2.60436 2.87535 0.838549 0.553404 
0.79789 -1.11874 -2.32925 -2.50793 2.66028 -1.20156 0.878081 -1.2989 0.765969 -1.24837 2.37286 0.827539 -2.64087 0.970664 0.771238 0.293283 2.40282 2.3549 2.53546 0.531348 -0.296911 0.645868 2.65514 0.0889589 -0.315917 -0.0623851 -2.58684 2.86981 0.857154 0.548278 
0.785779 -1.13658 -2.33147 -2.48293 2.64156 -1.19977 0.871127 -1.33404 0.738825 -1.24135 2.38462 0.809899 -2.65346 0.956037 0.74492 0.298631 2.39055 2.36415 2.532 0.557873 -0.281275 0.653983 2.63573 0.0642517 -0.322418 -0.0523299 -2.55598 2.85828 0.889836 0.533041 
0.769849 -1.13928 -2.34394 -2.46449 2.62017 -1.19972 0.872527 -1.37701 0.716213 -1.24049 2.39778 0.802766 -2.65713 0.954164 0.724541 0.304237 2.38964 2.3711 2.53526 0.580631 -0.267168 0.66956 2.62324 0.0317413 -0.308147 -0.012574 -2.53242 2.84952 0.912057 0.487498 
0.753788 -1.1493 -2.36065 -2.45287 2.59926 -1.2168 0.872126 -1.41208 0.688467 -1.24002 2.41566 0.805838 -2.64642 0.947903 0.720705 0.308343 2.40082 2.37877 2.53484 0.58678 -0.254614 0.686061 2.6254 -0.00492492 -0.27961 0.0351893 -2.5339 2.84568 0.924475 0.444085 
0.728328 -1.13684 -2.4021 -2.43733 2.58964 -1.24262 0.874259 -1.44736 0.675238 -1.22966 2.42073 0.806926 -2.62626 0.946833 0.707774 0.32375 2.41361 2.41581 2.54092 0.584154 -0.248623 0.687204 2.62914 -0.044895 -0.228348 0.101193 -2.52005 2.85303 0.934805 0.360765 
0.702458 -1.11825 -2.42595 -2.43346 2.58657 -1.25719 0.87908 -1.47551 0.661225 -1.2305 2.41659 0.809398 -2.61006 0.945912 0.710547 0.346657 2.43685 2.45632 2.55261 0.575635 -0.247406 0.674732 2.63946 -0.0752385 -0.190331 0.161417 -2.51985 2.86826 0.939595 0.298762 
0.679148 -1.11067 -2.42808 -2.42934 2.58641 -1.26871 0.884882 -1.50247 0.643658 -1.23041 2.41368 0.822538 -2.5903 0.941471 0.713159 0.388415 2.43948 2.49128 2.55904 0.559381 -0.245123 0.664372 2.6462 -0.108035 -0.155933 0.199643 -2.53956 2.8891 0.936665 0.274759 
0.672797 -1.11442 -2.43109 -2.42429 2.58856 -1.29163 0.897276 -1.50792 0.641985 -1.22978 2.40188 0.832905 -2.57425 0.927006 0.724612 0.42452 2.43545 2.51015 2.55556 0.512451 -0.249895 0.654925 2.64429 -0.133158 -0.135182 0.231531 -2.57155 2.89588 0.933924 0.268379 
0.669827 -1.10453 -2.43669 -2.43879 2.5879 -1.30101 0.895563 -1.51753 0.633632 -1.22042 2.36619 0.851826 -2.56403 0.911782 0.73605 0.464173 2.42523 2.53112 2.54831 0.505179 -0.259336 0.625187 2.63793 -0.160536 -0.129246 0.239979 -2.57334 2.90118 0.919176 0.285287 
0.670802 -1.08688 -2.43486 -2.46713 2.5843 -1.30629 0.899275 -1.52365 0.630688 -1.19841 2.32411 0.880132 -2.53931 0.901886 0.763937 0.502411 2.40155 2.52613 2.55549 0.511273 -0.263021 0.592454 2.6241 -0.177711 -0.141339 0.222637 -2.56483 2.90353 0.898968 0.324984 
0.668354 -1.0856 -2.43926 -2.48323 2.57803 -1.31908 0.884026 -1.53474 0.631205 -1.19613 2.30086 0.904542 -2.53082 0.904112 0.781917 0.528824 2.3789 2.52479 2.57116 0.513103 -0.273357 0.574069 2.6156 -0.191949 -0.16213 0.205401 -2.55719 2.90022 0.883594 0.367136 
0.655492 -1.10647 -2.45216 -2.49459 2.56793 -1.3385 0.839072 -1.53285 0.620365 -1.22344 2.30498 0.887989 -2.55239 0.880718 0.76225 0.527144 2.34925 2.56193 2.56544 0.490891 -0.289602 0.567729 2.61757 -0.18311 -0.18244 0.201665 -2.54741 2.88727 0.883157 0.425929 
0.646503 -1.14815 -2.51717 -2.51338 2.60836 -1.37249 0.775067 -1.54058 0.631053 -1.28687 2.29976 0.899054 -2.63611 0.833839 0.690571 0.52625 2.34363 2.65778 2.56832 0.437139 -0.288609 0.59194 2.60588 -0.181067 -0.259647 0.180545 -2.58521 2.85751 0.836275 0.48609 
0.652079 -1.159 -2.5382 -2.51107 2.61987 -1.40329 0.749697 -1.56247 0.636917 -1.31113 2.28887 0.919069 -2.70216 0.814524 0.661965 0.530645 2.32887 2.68252 2.58122 0.396422 -0.283797 0.603867 2.59614 -0.182496 -0.35902 0.168043 -2.61691 2.83953 0.811017 0.52538 
0.694689 -1.14753 -2.51048 -2.50611 2.63152 -1.42414 0.764138 -1.56032 0.646186 -1.29202 2.27395 0.935602 -2.70431 0.790889 0.647335 0.558532 2.29006 2.65306 2.56828 0.345387 -0.296088 0.589618 2.59307 -0.180474 -0.450495 0.18613 -2.64427 2.85172 0.792284 0.55728 
0.727059 -1.11806 -2.49363 -2.51461 2.63814 -1.42037 0.794241 -1.55974 0.653479 -1.27901 2.25883 0.938581 -2.6986 0.781177 0.671042 0.600954 2.27195 2.63132 2.55307 0.320127 -0.305561 0.570391 2.60243 -0.167453 -0.490666 0.201994 -2.66648 2.85933 0.770695 0.564156 
0.7491 -1.06107 -2.50503 -2.52623 2.6219 -1.4008 0.814498 -1.55445 0.686782 -1.28522 2.23737 0.941694 -2.71165 0.804639 0.715531 0.638593 2.27428 2.61782 2.5509 0.322241 -0.280851 0.538376 2.59845 -0.133372 -0.522244 0.197165 -2.70122 2.86053 0.734033 0.579005 
0.760024 -1.0342 -2.51759 -2.57556 2.58642 -1.37516 0.793746 -1.52267 0.703837 -1.27633 2.23794 0.931989 -2.68804 0.822066 0.752652 0.638092 2.26099 2.61075 2.5569 0.335134 -0.251386 0.549894 2.61221 -0.0764021 -0.549794 0.235726 -2.70072 2.86845 0.694853 0.615786 
0.757321 -1.00714 -2.53876 -2.64877 2.56109 -1.33977 0.778474 -1.50676 0.723778 -1.25814 2.24012 0.904194 -2.691 0.843895 0.774065 0.626572 2.26463 2.57486 2.54445 0.357207 -0.247813 0.553754 2.64649 -0.0250377 -0.558442 0.276514 -2.70402 2.87931 0.667741 0.667103 
0.740381 -0.979504 -2.56483 -2.71964 2.54998 -1.29674 0.819382 -1.49322 0.748876 -1.24191 2.24481 0.877321 -2.69892 0.88466 0.8137 0.616886 2.29015 2.54262 2.53902 0.389892 -0.268968 0.55476 2.68605 0.0161381 -0.539595 0.327555 -2.70258 2.8826 0.673484 0.732634 
0.747714 -0.964107 -2.57215 -2.7858 2.53213 -1.25975 0.85893 -1.47781 0.776599 -1.21885 2.29936 0.851645 -2.7018 0.917735 0.864532 0.626287 2.31774 2.51265 2.5697 0.41138 -0.268572 0.558203 2.70983 0.0430089 -0.528902 0.379611 -2.70979 2.88845 0.68287 0.785371 
