Mean 0 Mean 1 Mean 2 Mean 3 Mean 4 Mean 5 Mean 6 Mean 7 Mean 8 Mean 9 Mean 10 Mean 11 Mean 12 Mean 13 Mean 14 Mean 15 Mean 16 Mean 17 Mean 18 Mean 19 Mean 20 Mean 21 Mean 22 Mean 23 Mean 24 Mean 25 Mean 26 Mean 27 Mean 28 Mean 29 
-1.32977 -1.38932 -2.16659 1.13075 2.02096 -2.58597 0.956746 1.07754 0.808379 -2.54545 1.45989 1.04873 1.10199 0.930042 0.633506 -0.553037 -0.530401 0.0300345 2.80592 0.616861 0.454557 0.38429 -0.767799 0.941828 -0.282736 -1.25796 -2.15021 0.596185 -2.82 0.980227 
-1.29982 -1.37832 -2.17179 1.12581 2.02225 -2.59596 0.941337 1.06816 0.826602 -2.55369 1.45295 1.06062 1.10202 0.931419 0.634819 -0.565959 -0.531449 0.036693 2.81001 0.620582 0.468035 0.390715 -0.773994 0.935212 -0.294376 -1.2515 -2.14502 0.593058 -2.81347 0.988584 
-1.28445 -1.38261 -2.16988 1.1173 2.02404 -2.597 0.94738 1.06669 0.820085 -2.54962 1.46054 1.06255 1.09871 0.933462 0.637349 -0.565585 -0.531245 0.0300636 2.80656 0.621693 0.455988 0.390779 -0.775391 0.931127 -0.303987 -1.24624 -2.14053 0.598813 -2.80709 0.99715 
-1.27599 -1.38221 -2.16248 1.10674 2.01919 -2.59134 0.943641 1.06139 0.821152 -2.54419 1.46997 1.06762 1.09891 0.941128 0.639092 -0.565831 -0.533452 0.0323321 2.8042 0.621561 0.452104 0.393832 -0.774714 0.928473 -0.310655 -1.24238 -2.14013 0.604487 -2.79881 1.00455 
-1.27145 -1.37915 -2.15237 1.09412 2.01136 -2.58535 0.940383 1.05171 0.825153 -2.53675 1.48423 1.07827 1.09955 0.950922 0.636937 -0.564325 -0.530447 0.0345995 2.80276 0.621964 0.454711 0.398896 -0.776686 0.929708 -0.314849 -1.23841 -2.14255 0.601904 -2.78882 1.01504 
-1.26967 -1.38288 -2.14821 1.08473 1.99748 -2.58244 0.946107 1.04636 0.821661 -2.51624 1.50589 1.08961 1.1075 0.956542 0.645998 -0.564483 -0.524548 0.031157 2.81356 0.612042 0.44368 0.40227 -0.783502 0.928796 -0.308416 -1.2402 -2.14332 0.592727 -2.79036 1.01724 
-1.26212 -1.37935 -2.14089 1.07891 1.99521 -2.58422 0.94629 1.04231 0.814366 -2.51347 1.51756 1.09679 1.10193 0.967794 0.638059 -0.565349 -0.533454 0.0425002 2.79608 0.616321 0.449149 0.389126 -0.777311 0.936285 -0.311839 -1.24276 -2.14761 0.594695 -2.77548 1.03247 
-1.25458 -1.37722 -2.15105 1.06683 1.99302 -2.58149 0.949178 1.03781 0.812926 -2.50367 1.52137 1.09738 1.10033 0.978278 0.638958 -0.557869 -0.540133 0.0369711 2.78906 0.607408 0.448276 0.38468 -0.775725 0.936157 -0.303902 -1.24161 -2.15077 0.596129 -2.76863 1.04214 
-1.2584 -1.37432 -2.15837 1.05877 2.00099 -2.58349 0.949968 1.02749 0.814769 -2.50188 1.5263 1.0904 1.0872 0.982165 0.635919 -0.546542 -0.546353 0.0340284 2.77578 0.594366 0.434503 0.381351 -0.774467 0.936305 -0.301204 -1.24271 -2.15603 0.602002 -2.75803 1.04643 
-1.26052 -1.37547 -2.16313 1.04472 2.00059 -2.58685 0.953875 1.02369 0.813399 -2.49386 1.53034 1.09356 1.08099 0.982962 0.640947 -0.547754 -0.547234 0.0301378 2.75495 0.573332 0.422306 0.382688 -0.772138 0.935249 -0.292893 -1.24414 -2.16539 0.610608 -2.7477 1.0358 
-1.25864 -1.38037 -2.16784 1.02872 1.99191 -2.58273 0.955552 1.02033 0.816031 -2.4854 1.52593 1.09275 1.08026 0.988131 0.653293 -0.544484 -0.553976 0.041107 2.73205 0.550757 0.406849 0.375798 -0.776863 0.946352 -0.27419 -1.2395 -2.16891 0.614271 -2.73897 1.03118 
-1.25671 -1.38097 -2.16762 1.01876 1.97928 -2.57245 0.95937 1.03267 0.819199 -2.46648 1.52064 1.08568 1.08127 0.988803 0.651782 -0.556658 -0.55393 0.0511559 2.70998 0.537236 0.405219 0.366319 -0.779197 0.94419 -0.265957 -1.24263 -2.16448 0.605364 -2.72256 1.02213 
-1.25113 -1.38205 -2.16246 1.00716 1.97887 -2.56704 0.958379 1.06098 0.818264 -2.448 1.51369 1.06605 1.07976 0.991061 0.645759 -0.570267 -0.549924 0.0636752 2.67077 0.520164 0.40519 0.353639 -0.773454 0.937395 -0.258534 -1.25226 -2.16217 0.588053 -2.70298 1.01795 
-1.2559 -1.38975 -2.16564 0.992583 1.98178 -2.57441 0.950737 1.09688 0.81311 -2.42068 1.49887 1.05248 1.08364 0.997986 0.623667 -0.581408 -0.555028 0.0786679 2.63214 0.509317 0.41961 0.348272 -0.765622 0.928892 -0.254093 -1.26793 -2.16405 0.572868 -2.68199 1.02297 
-1.27165 -1.39431 -2.17419 0.984621 1.98618 -2.6113 0.948236 1.14782 0.801603 -2.37359 1.48061 1.04003 1.10182 1.00113 0.584687 -0.581991 -0.565151 0.0943517 2.57946 0.498553 0.455436 0.345818 -0.752088 0.917203 -0.242014 -1.2764 -2.17982 0.568148 -2.66474 1.03151 
-1.28138 -1.40489 -2.17287 0.972944 1.9902 -2.6353 0.946219 1.19294 0.784257 -2.34396 1.46842 1.03498 1.10675 1.00059 0.55375 -0.576463 -0.576175 0.090536 2.53779 0.486868 0.480037 0.349047 -0.745675 0.900314 -0.232747 -1.28467 -2.18995 0.561099 -2.6508 1.0485 
-1.27658 -1.42326 -2.12768 0.971475 1.98684 -2.63075 0.923704 1.1884 0.769953 -2.37405 1.49562 1.02508 1.07423 0.994627 0.520262 -0.548032 -0.58397 0.0425921 2.52217 0.467919 0.469355 0.373786 -0.750112 0.895981 -0.245611 -1.27315 -2.20876 0.533274 -2.63586 1.05752 
-1.27838 -1.42508 -2.11884 0.974187 1.98473 -2.63581 0.909552 1.18679 0.758874 -2.38639 1.51367 1.023 1.05353 0.999463 0.507764 -0.545258 -0.584836 0.0284765 2.51373 0.446841 0.45267 0.374958 -0.742381 0.893208 -0.248398 -1.26845 -2.22234 0.534054 -2.61673 1.06568 
-1.27212 -1.41206 -2.13165 0.969347 1.98699 -2.64224 0.903036 1.18346 0.743365 -2.37531 1.53712 1.03469 1.04933 1.01402 0.500965 -0.554126 -0.586784 0.0428314 2.53999 0.427135 0.452025 0.385561 -0.737736 0.881353 -0.239374 -1.27029 -2.21973 0.535819 -2.59487 1.08038 
-1.26635 -1.40105 -2.15564 0.973776 1.98694 -2.6584 0.894182 1.18132 0.740864 -2.3727 1.55782 1.0253 1.0401 1.02361 0.492233 -0.562007 -0.580708 0.0574467 2.55654 0.419788 0.453698 0.384479 -0.72948 0.874025 -0.2399 -1.28288 -2.21386 0.540297 -2.56115 1.09823 
-1.25263 -1.38474 -2.17918 0.98714 2.00907 -2.67984 0.899357 1.15997 0.75904 -2.39442 1.56913 1.03463 1.03742 1.03485 0.482318 -0.544166 -0.579538 0.0521855 2.57166 0.420061 0.473616 0.384564 -0.721431 0.856835 -0.23608 -1.28498 -2.21262 0.558348 -2.54848 1.10323 
-1.22478 -1.38799 -2.1955 0.999341 2.04345 -2.71637 0.910666 1.13945 0.789112 -2.40878 1.5636 1.04019 1.05119 1.05239 0.487979 -0.517779 -0.572332 0.0515596 2.57774 0.438593 0.502192 0.375381 -0.732885 0.828458 -0.232855 -1.27584 -2.21767 0.571244 -2.55204 1.10928 
-1.22977 -1.37441 -2.2134 1.00116 2.06004 -2.72835 0.913417 1.11026 0.78923 -2.41688 1.57131 1.04142 1.06899 1.0643 0.483943 -0.498649 -0.5497 0.0548619 2.58968 0.446849 0.535501 0.364432 -0.738188 0.801592 -0.219527 -1.24711 -2.20491 0.591025 -2.54425 1.09826 
-1.22886 -1.36913 -2.22344 1.00015 2.06794 -2.73544 0.902888 1.08216 0.785628 -2.42418 1.57687 1.05617 1.09167 1.05528 0.482798 -0.478183 -0.524613 0.0638945 2.6196 0.447477 0.562028 0.36952 -0.740807 0.779311 -0.207043 -1.21806 -2.21514 0.595614 -2.55223 1.10262 
-1.24573 -1.37249 -2.22545 1.00628 2.05624 -2.73826 0.888713 1.05685 0.77069 -2.42269 1.59187 1.06629 1.11114 1.03137 0.493504 -0.47186 -0.519236 0.0708243 2.64468 0.449789 0.560826 0.377677 -0.732406 0.778029 -0.206537 -1.20228 -2.25076 0.589514 -2.56118 1.11104 
-1.27071 -1.37574 -2.2351 1.01105 2.0442 -2.73319 0.881316 1.04138 0.752669 -2.4202 1.59584 1.07017 1.11939 1.01755 0.498033 -0.459671 -0.517798 0.0688917 2.64672 0.427777 0.548306 0.368487 -0.727259 0.785932 -0.222926 -1.18924 -2.28606 0.592996 -2.56695 1.10165 
-1.28159 -1.38384 -2.22782 1.02048 2.04525 -2.74442 0.877393 1.02721 0.735472 -2.39937 1.62282 1.07105 1.14256 1.00042 0.49023 -0.450868 -0.526174 0.0753809 2.64829 0.404835 0.556517 0.368744 -0.736261 0.783589 -0.256975 -1.19435 -2.30539 0.597974 -2.55969 1.09121 
-1.27743 -1.38852 -2.23225 1.02767 2.04199 -2.74498 0.885132 1.01549 0.723279 -2.37074 1.63594 1.07832 1.16478 0.969454 0.489775 -0.430034 -0.539807 0.0766821 2.6597 0.375384 0.56475 0.372536 -0.761294 0.783986 -0.272508 -1.19633 -2.34727 0.588166 -2.56763 1.07456 
-1.28619 -1.37828 -2.22805 1.02216 2.03341 -2.7463 0.899937 0.989579 0.707866 -2.35745 1.64551 1.09611 1.18346 0.948406 0.487611 -0.419245 -0.554286 0.0664562 2.68329 0.350643 0.572682 0.362945 -0.785345 0.781075 -0.303282 -1.19425 -2.37052 0.604001 -2.5697 1.06319 
-1.28412 -1.37815 -2.21592 1.01367 2.03395 -2.74924 0.907544 0.955895 0.689979 -2.33298 1.64606 1.08733 1.20351 0.924099 0.497727 -0.402722 -0.550919 0.0766571 2.66262 0.345489 0.566494 0.346646 -0.793406 0.782952 -0.322736 -1.2174 -2.40525 0.614465 -2.57898 1.04993 
-1.27285 -1.37965 -2.204 1.0075 2.0222 -2.73433 0.917296 0.92644 0.651446 -2.31254 1.66494 1.10413 1.23362 0.883412 0.501442 -0.386427 -0.52686 0.0696419 2.64963 0.322659 0.570958 0.331352 -0.79802 0.771252 -0.334079 -1.23147 -2.43865 0.619053 -2.59969 1.05194 
-1.26128 -1.3736 -2.19256 0.994991 2.01809 -2.7038 0.909646 0.901651 0.632257 -2.28569 1.67525 1.10407 1.23495 0.851267 0.527067 -0.375291 -0.508448 0.0758312 2.61791 0.309123 0.538322 0.31388 -0.804742 0.763687 -0.333459 -1.24942 -2.45861 0.609085 -2.60196 1.06064 
-1.26662 -1.34818 -2.17453 1.00031 2.01108 -2.68102 0.910746 0.853755 0.623619 -2.24702 1.67117 1.07933 1.24622 0.808716 0.539304 -0.352476 -0.518591 0.0890536 2.5689 0.315542 0.508684 0.290658 -0.811301 0.751282 -0.297 -1.25751 -2.49759 0.58908 -2.60815 1.06816 
-1.26734 -1.33679 -2.15945 1.00342 1.99838 -2.66691 0.891329 0.817626 0.615614 -2.21492 1.67313 1.07518 1.25757 0.769933 0.545429 -0.340857 -0.530555 0.0917793 2.51901 0.324396 0.491743 0.274078 -0.80163 0.739068 -0.269994 -1.26127 -2.5293 0.569859 -2.62424 1.07552 
-1.28579 -1.34782 -2.1439 0.995792 2.00564 -2.66527 0.854241 0.776275 0.59374 -2.17243 1.67445 1.07146 1.25825 0.746301 0.544546 -0.353656 -0.55254 0.0991075 2.47529 0.319069 0.457671 0.272112 -0.809316 0.718412 -0.26033 -1.262 -2.53579 0.557094 -2.63885 1.07798 
-1.29182 -1.34665 -2.12466 0.981342 2.0178 -2.6852 0.818707 0.757307 0.585035 -2.13778 1.67893 1.07369 1.25794 0.725586 0.546553 -0.371262 -0.576498 0.115375 2.41233 0.316007 0.41631 0.25911 -0.815765 0.69669 -0.260398 -1.2629 -2.49545 0.546645 -2.62741 1.09179 
-1.30726 -1.31536 -2.09006 0.979216 2.01693 -2.70659 0.792281 0.73665 0.578381 -2.11987 1.70243 1.0535 1.26034 0.711031 0.549433 -0.393907 -0.621974 0.133048 2.36464 0.313832 0.391841 0.2512 -0.815001 0.685057 -0.280538 -1.25958 -2.46112 0.542821 -2.61069 1.12992 
-1.32102 -1.28158 -2.06651 1.00137 2.00042 -2.69866 0.765788 0.716888 0.558172 -2.08589 1.7164 1.03854 1.2756 0.698519 0.55991 -0.400642 -0.692416 0.140344 2.33954 0.296864 0.370516 0.251334 -0.798398 0.669629 -0.304171 -1.26047 -2.39657 0.592968 -2.60725 1.16667 
-1.33832 -1.24582 -2.04121 1.02647 1.96909 -2.67646 0.728711 0.710657 0.531146 -2.08614 1.71475 1.03093 1.30229 0.667897 0.578211 -0.412146 -0.768578 0.146614 2.31807 0.260391 0.359168 0.247286 -0.78015 0.648328 -0.328288 -1.25082 -2.33642 0.636261 -2.61124 1.22726 
-1.37317 -1.25916 -1.97956 1.02726 1.92863 -2.6748 0.689083 0.712171 0.497694 -2.1292 1.73581 1.00355 1.34153 0.600961 0.564792 -0.453604 -0.876979 0.194679 2.28639 0.232404 0.314749 0.238738 -0.751554 0.628912 -0.315686 -1.22797 -2.27973 0.669269 -2.56453 1.31374 
