Mean 0 Mean 1 Mean 2 Mean 3 Mean 4 Mean 5 Mean 6 Mean 7 Mean 8 Mean 9 Mean 10 Mean 11 Mean 12 Mean 13 Mean 14 Mean 15 Mean 16 Mean 17 Mean 18 Mean 19 Mean 20 Mean 21 Mean 22 Mean 23 Mean 24 Mean 25 Mean 26 Mean 27 Mean 28 Mean 29 
-1.20544 -1.49881 -1.41988 -1.05818 1.61344 0.872513 1.1712 1.05112 -1.98489 -1.32053 2.73537 2.22852 1.05889 1.03932 -1.13647 -0.382248 -0.399739 -0.670982 2.74566 0.312896 1.04355 -0.246182 -1.39012 -0.248209 2.92869 -2.88024 1.92436 0.806987 -2.87473 -0.190751 
-1.19918 -1.5164 -1.40861 -1.06706 1.602 0.877608 1.16655 1.04549 -2.01635 -1.32464 2.74298 2.24469 1.05065 1.03731 -1.15748 -0.370209 -0.403016 -0.66857 2.75181 0.312912 1.03275 -0.232966 -1.38296 -0.253084 2.92805 -2.89074 2.56301 0.812437 -2.86116 -0.189465 
-1.214 -1.51589 -1.38169 -1.06397 1.60804 0.891238 1.15961 1.03769 -2.01922 -1.33218 2.74877 2.25356 1.04819 1.02882 -1.16392 -0.365093 -0.3948 -0.684795 2.74622 0.301172 1.02124 -0.218433 -1.39527 -0.259385 2.93277 -2.89986 2.75654 0.808422 -2.86916 -0.172211 
-1.23153 -1.51592 -1.36468 -1.06016 1.61606 0.901326 1.15063 1.03202 -2.0175 -1.32634 2.75222 2.25944 1.05168 1.0286 -1.17041 -0.364618 -0.390269 -0.694275 2.74238 0.294162 1.01829 -0.211858 -1.40641 -0.263449 2.92658 -2.9053 2.85269 0.802058 -2.86902 -0.161882 
-1.24959 -1.52271 -1.35091 -1.06644 1.62539 0.911334 1.14467 1.02404 -2.02402 -1.32674 2.75414 2.26832 1.04803 1.03387 -1.17681 -0.361517 -0.383425 -0.700966 2.73783 0.281298 1.0023 -0.214575 -1.41602 -0.254553 2.92134 -2.90405 2.90175 0.789063 -2.87773 -0.149776 
-1.26831 -1.53636 -1.35351 -1.08071 1.63054 0.918881 1.13448 1.0064 -2.04149 -1.33657 2.73641 2.26854 1.04089 1.04469 -1.19386 -0.343588 -0.368395 -0.711377 2.73813 0.259264 0.985942 -0.20996 -1.42036 -0.238861 2.90119 -2.8949 2.93438 0.770665 -2.89258 -0.132127 
-1.28473 -1.54427 -1.35676 -1.09445 1.62439 0.915993 1.12042 0.991768 -2.06086 -1.35122 2.72034 2.26786 1.03065 1.05858 -1.20498 -0.32657 -0.364494 -0.716801 2.73495 0.241684 0.970372 -0.212072 -1.41323 -0.226507 2.88244 -2.88944 2.95521 0.763857 -2.89877 -0.1209 
-1.29091 -1.52403 -1.3527 -1.10379 1.62632 0.909073 1.11621 0.981951 -2.07319 -1.35274 2.72601 2.24421 1.03559 1.05506 -1.20355 -0.321463 -0.382661 -0.705959 2.74005 0.259916 0.973881 -0.2417 -1.42527 -0.211402 2.88688 -2.8881 2.98088 0.756566 -2.88842 -0.120981 
-1.29467 -1.51266 -1.349 -1.11178 1.62079 0.905002 1.10566 0.976888 -2.08102 -1.35773 2.72969 2.23288 1.03745 1.05585 -1.20405 -0.315594 -0.400365 -0.699438 2.73291 0.267909 0.967128 -0.260303 -1.42399 -0.200026 2.90098 -2.88078 2.98976 0.763658 -2.8744 -0.128194 
-1.29301 -1.4965 -1.3481 -1.1153 1.62553 0.90728 1.10462 0.974677 -2.08857 -1.36653 2.7381 2.20924 1.04223 1.04465 -1.20542 -0.3087 -0.411383 -0.696029 2.72354 0.281783 0.95275 -0.287338 -1.42982 -0.179838 2.91945 -2.87127 2.98704 0.774246 -2.86461 -0.155283 
-1.28936 -1.48916 -1.34382 -1.12309 1.61615 0.913464 1.10439 0.978416 -2.09581 -1.36282 2.743 2.20581 1.04384 1.04245 -1.20293 -0.30552 -0.424033 -0.696956 2.70298 0.279973 0.93943 -0.304566 -1.42476 -0.172372 2.9292 -2.86849 2.99543 0.784656 -2.85174 -0.164314 
-1.2968 -1.48434 -1.34482 -1.13023 1.6017 0.920994 1.10031 0.980663 -2.10365 -1.36141 2.74685 2.20459 1.04525 1.03561 -1.2006 -0.303001 -0.433659 -0.704765 2.68195 0.279332 0.923387 -0.321384 -1.41755 -0.164302 2.92868 -2.86005 3.01686 0.80238 -2.83487 -0.168616 
-1.30503 -1.47779 -1.34755 -1.1359 1.58909 0.927535 1.09847 0.984417 -2.109 -1.35502 2.757 2.20097 1.04722 1.03076 -1.20937 -0.305897 -0.438535 -0.71257 2.65579 0.27196 0.906672 -0.331055 -1.40181 -0.154369 2.92459 -2.84862 3.02247 0.815972 -2.81277 -0.182375 
-1.31665 -1.47409 -1.35349 -1.13578 1.5805 0.923815 1.08748 0.991778 -2.10645 -1.34026 2.76938 2.18813 1.04652 1.02052 -1.21647 -0.31403 -0.440821 -0.716099 2.62101 0.261141 0.893869 -0.338723 -1.38596 -0.150687 2.93175 -2.83553 3.01824 0.821728 -2.79296 -0.204035 
-1.3186 -1.47235 -1.35933 -1.12855 1.58096 0.915732 1.07664 1.00254 -2.09767 -1.3245 2.78448 2.18212 1.03841 1.01517 -1.21889 -0.333996 -0.451038 -0.720711 2.58009 0.261438 0.875064 -0.340864 -1.37675 -0.152428 2.93093 -2.82657 3.00883 0.816254 -2.76273 -0.225699 
-1.3268 -1.47004 -1.3634 -1.1145 1.57785 0.901142 1.06359 1.01327 -2.09016 -1.32049 2.78983 2.18097 1.02147 1.00585 -1.22481 -0.349115 -0.452543 -0.733765 2.54855 0.266384 0.867271 -0.347354 -1.36258 -0.157312 2.9268 -2.821 2.98567 0.817761 -2.74363 -0.234523 
-1.32766 -1.48045 -1.3668 -1.11383 1.57847 0.874993 1.05092 1.02664 -2.08627 -1.32303 2.79299 2.19501 1.00276 1.00264 -1.22151 -0.36862 -0.464035 -0.750832 2.52323 0.277491 0.875439 -0.330362 -1.35117 -0.178697 2.91928 -2.835 2.95996 0.797979 -2.72356 -0.230566 
-1.33801 -1.49363 -1.37523 -1.1165 1.578 0.850741 1.04293 1.03307 -2.08742 -1.32742 2.79425 2.21063 0.988918 1.00243 -1.21567 -0.380779 -0.474712 -0.762198 2.50273 0.296641 0.886173 -0.312428 -1.3348 -0.19536 2.90317 -2.84591 2.93138 0.78441 -2.70209 -0.224995 
-1.34574 -1.50912 -1.38921 -1.12189 1.5783 0.827058 1.03881 1.03558 -2.0906 -1.33018 2.79684 2.2161 0.968443 1.00253 -1.21426 -0.380569 -0.476278 -0.761434 2.47855 0.308652 0.893664 -0.300474 -1.32492 -0.203952 2.87886 -2.86354 2.90879 0.777499 -2.68544 -0.21339 
-1.36476 -1.52105 -1.42002 -1.12137 1.57235 0.801156 1.04904 1.01228 -2.09866 -1.32586 2.81143 2.20656 0.950292 1.0043 -1.21679 -0.374812 -0.480027 -0.757771 2.46892 0.324064 0.913645 -0.29564 -1.31705 -0.20527 2.85699 -2.87042 2.89576 0.786193 -2.67859 -0.190543 
-1.36246 -1.54823 -1.45865 -1.10511 1.55581 0.748133 1.04654 1.00786 -2.08236 -1.2876 2.85118 2.20062 0.955988 0.997197 -1.22727 -0.383322 -0.526466 -0.745179 2.44801 0.353052 0.932992 -0.280905 -1.32426 -0.227643 2.87503 -2.86596 2.90212 0.766944 -2.65368 -0.21027 
-1.35317 -1.57135 -1.47965 -1.09674 1.54307 0.706277 1.03702 1.00256 -2.08257 -1.26199 2.87804 2.20445 0.961351 0.996058 -1.22981 -0.37322 -0.553518 -0.72576 2.43272 0.372504 0.946927 -0.278391 -1.336 -0.257531 2.89968 -2.88475 2.89713 0.757612 -2.63795 -0.220591 
-1.31978 -1.60312 -1.52476 -1.0793 1.53988 0.628566 1.01197 0.992462 -2.05874 -1.21336 2.95955 2.20408 0.982276 0.976697 -1.22368 -0.376324 -0.609024 -0.704523 2.38839 0.414363 0.957942 -0.259066 -1.36198 -0.313757 2.96707 -2.90567 2.89007 0.734837 -2.62632 -0.28657 
-1.29582 -1.64449 -1.57849 -1.07691 1.5297 0.566467 0.994378 0.990408 -2.04905 -1.17839 3.04416 2.22326 0.998996 0.959372 -1.20994 -0.379618 -0.656882 -0.708889 2.35481 0.445356 0.978295 -0.245047 -1.38156 -0.358054 3.01231 -2.93827 2.87123 0.711143 -2.62739 -0.343238 
-1.27239 -1.66941 -1.61101 -1.07737 1.53169 0.508914 0.976532 0.987834 -2.03265 -1.13626 3.09981 2.23967 1.02601 0.949468 -1.19509 -0.378921 -0.694743 -0.701852 2.31645 0.461602 0.985603 -0.227165 -1.40635 -0.390737 3.05957 -2.95241 2.86642 0.698165 -2.62362 -0.406576 
-1.27522 -1.65718 -1.60411 -1.08579 1.55146 0.494758 0.970321 0.992302 -2.02096 -1.11601 3.09332 2.2466 1.03389 0.945063 -1.19081 -0.380148 -0.6986 -0.699904 2.31438 0.454182 0.982248 -0.214872 -1.42136 -0.387006 3.05784 -2.94903 2.87405 0.701578 -2.60634 -0.429155 
-1.28206 -1.62318 -1.59162 -1.09563 1.54429 0.532577 0.968385 1.00743 -2.02144 -1.1034 3.07455 2.26898 1.03821 0.93473 -1.18249 -0.389632 -0.692227 -0.714979 2.31837 0.446638 0.990678 -0.196652 -1.41226 -0.371229 3.03143 -2.95455 2.87336 0.704892 -2.59817 -0.431467 
-1.31533 -1.60186 -1.58024 -1.09537 1.54291 0.569056 0.985245 1.00976 -2.04067 -1.0904 3.0611 2.25349 1.07612 0.919062 -1.18223 -0.399754 -0.695122 -0.724535 2.31223 0.42705 1.0113 -0.197954 -1.40628 -0.34348 2.9867 -2.95627 2.89685 0.696663 -2.597 -0.407264 
-1.3361 -1.58025 -1.55385 -1.10494 1.54296 0.594124 0.987469 0.99283 -2.04205 -1.07554 3.03329 2.24897 1.09143 0.91028 -1.18765 -0.401044 -0.695871 -0.718873 2.32434 0.422177 1.02289 -0.212493 -1.40536 -0.338306 2.93224 -2.9688 2.91931 0.717822 -2.60064 -0.395053 
-1.3543 -1.55756 -1.53198 -1.11637 1.54382 0.616736 0.986127 0.953037 -2.04297 -1.05831 2.98614 2.2498 1.09703 0.918364 -1.19198 -0.393515 -0.700748 -0.715295 2.34012 0.413929 1.03209 -0.230736 -1.41044 -0.345088 2.88188 -2.96588 2.93716 0.744398 -2.61406 -0.397147 
-1.35338 -1.50603 -1.53538 -1.12392 1.56438 0.62784 0.984476 0.908219 -2.02593 -1.05002 2.93488 2.22881 1.12677 0.924682 -1.1787 -0.38404 -0.688335 -0.691079 2.3489 0.42019 1.04623 -0.228601 -1.40505 -0.369854 2.83383 -2.97449 2.96248 0.775889 -2.63556 -0.393547 
-1.3446 -1.45694 -1.54493 -1.12207 1.58797 0.634583 0.984809 0.860136 -2.00059 -1.04004 2.87124 2.19882 1.16487 0.922299 -1.17939 -0.369273 -0.673922 -0.658897 2.3582 0.424833 1.07031 -0.21167 -1.39669 -0.403434 2.7843 -2.98028 2.97632 0.808553 -2.66455 -0.388571 
-1.33837 -1.42794 -1.55017 -1.12588 1.60086 0.643081 0.970384 0.8218 -1.99483 -1.03051 2.79892 2.1863 1.18379 0.916605 -1.18581 -0.358062 -0.670878 -0.636761 2.36159 0.431055 1.09602 -0.198323 -1.39494 -0.440497 2.7386 -2.99122 2.98079 0.842835 -2.69852 -0.396198 
-1.30473 -1.40678 -1.57443 -1.12349 1.62548 0.648723 0.970602 0.801254 -2.00508 -1.02415 2.74312 2.16992 1.17649 0.929078 -1.19826 -0.341512 -0.669547 -0.626352 2.37208 0.434584 1.12524 -0.180251 -1.39701 -0.464464 2.70408 -3.01691 2.99654 0.871678 -2.71953 -0.375035 
-1.2811 -1.34558 -1.58048 -1.13407 1.63482 0.651271 0.939859 0.75359 -2.01237 -1.01643 2.69569 2.16948 1.22416 0.945117 -1.17573 -0.321328 -0.667179 -0.601227 2.39051 0.43155 1.16219 -0.137482 -1.38367 -0.515642 2.66183 -2.99902 3.02598 0.916847 -2.75165 -0.393997 
-1.27606 -1.28906 -1.57721 -1.15606 1.63014 0.658755 0.911469 0.723627 -2.02916 -1.00793 2.66307 2.1663 1.25147 0.944287 -1.16671 -0.302665 -0.674323 -0.594686 2.38467 0.41755 1.16872 -0.135573 -1.38677 -0.537452 2.62359 -2.96159 3.05046 0.940881 -2.76218 -0.393014 
-1.26487 -1.22762 -1.57696 -1.17283 1.62278 0.659512 0.876594 0.6813 -2.02456 -0.995751 2.62085 2.16795 1.29842 0.943093 -1.158 -0.289008 -0.675596 -0.582685 2.37708 0.411774 1.18954 -0.133375 -1.38381 -0.583481 2.56794 -2.90976 3.0704 0.980809 -2.78181 -0.408486 
-1.2352 -1.1592 -1.57962 -1.18882 1.62819 0.647999 0.838085 0.64271 -1.99485 -0.990895 2.59663 2.147 1.35486 0.931914 -1.11635 -0.286987 -0.654881 -0.542607 2.35123 0.424705 1.21523 -0.131153 -1.36942 -0.634948 2.50983 -2.84512 3.0979 1.01964 -2.82178 -0.427513 
-1.24207 -1.13357 -1.58175 -1.20872 1.65647 0.614146 0.809067 0.626309 -1.981 -0.964939 2.58739 2.11537 1.49336 0.914449 -1.10817 -0.314627 -0.641952 -0.501977 2.29109 0.425443 1.20389 -0.157497 -1.39706 -0.637858 2.45807 -2.80706 3.1281 1.03834 -2.81581 -0.404138 
-1.23467 -1.12642 -1.57561 -1.24749 1.67535 0.591075 0.801848 0.616221 -1.97586 -0.93645 2.60716 2.0775 1.62745 0.905449 -1.11244 -0.332805 -0.657091 -0.488414 2.22678 0.41754 1.18222 -0.184726 -1.41822 -0.640595 2.41274 -2.79954 3.148 1.05579 -2.81228 -0.351229 
