Mean 0 Mean 1 Mean 2 Mean 3 Mean 4 Mean 5 Mean 6 Mean 7 Mean 8 Mean 9 Mean 10 Mean 11 Mean 12 Mean 13 Mean 14 Mean 15 Mean 16 Mean 17 Mean 18 Mean 19 Mean 20 Mean 21 Mean 22 Mean 23 Mean 24 Mean 25 Mean 26 Mean 27 Mean 28 Mean 29 
-1.1029 0.856127 -2.41228 1.04523 1.1461 -2.50243 0.938677 -2.33998 -1.18278 -1.75798 -1.00302 1.44485 -2.14729 0.8901 -0.962365 2.37166 0.55131 0.725751 -1.88639 0.392355 0.663067 -2.62018 2.36709 -0.553722 2.29154 0.97378 -2.74731 -0.212515 1.43228 2.6396 
-1.11616 0.872664 -2.41563 1.05576 1.17796 -2.51955 0.947951 -2.34362 -1.19707 -1.74458 -1.02537 1.40741 -2.15305 0.86125 -0.967994 2.36033 0.54591 0.747346 -2.49463 0.395999 0.648929 -2.81639 2.37188 -0.541571 2.32988 0.997052 -2.75209 -0.197051 1.43114 2.66826 
-1.12897 0.871295 -2.40075 1.04204 1.18109 -2.49695 0.935147 -2.34725 -1.21704 -1.75145 -1.02211 1.39355 -2.15152 0.878694 -0.971115 2.36498 0.530948 0.75671 -2.67187 0.41292 0.633134 -2.87767 2.38143 -0.538642 2.31384 0.998178 -2.74778 -0.218616 1.41456 2.67012 
-1.12424 0.874184 -2.41611 1.01663 1.21342 -2.50094 0.933111 -2.34588 -1.22584 -1.75968 -1.02979 1.37829 -2.15392 0.878494 -0.964431 2.3528 0.522759 0.771233 -2.79874 0.399144 0.652447 -2.91578 2.38273 -0.535838 2.32291 1.00299 -2.7362 -0.198992 1.42589 2.66348 
-1.11337 0.861969 -2.41696 0.991081 1.16563 -2.48472 0.938203 -2.33122 -1.20481 -1.74201 -1.004 1.38084 -2.13839 0.865917 -0.967551 2.3539 0.535632 0.779462 -2.87712 0.393861 0.663514 -2.92535 2.40043 -0.515201 2.3218 0.991335 -2.73735 -0.189985 1.43606 2.63248 
-1.11352 0.861226 -2.41739 0.9875 1.18429 -2.49699 0.940598 -2.33307 -1.22065 -1.74029 -1.00241 1.38212 -2.14456 0.874722 -0.963338 2.34332 0.526037 0.779945 -2.92234 0.389119 0.671586 -2.95153 2.40097 -0.518085 2.3259 0.999787 -2.73158 -0.183106 1.44889 2.62665 
-1.1201 0.865283 -2.41457 0.978583 1.19433 -2.50212 0.945683 -2.338 -1.23046 -1.73078 -0.999319 1.37374 -2.15174 0.886574 -0.957778 2.34186 0.521281 0.780254 -2.96432 0.379197 0.669818 -2.9665 2.39697 -0.524754 2.332 0.995912 -2.7321 -0.176269 1.4617 2.62648 
-1.12932 0.865925 -2.41783 0.967029 1.18364 -2.50889 0.947651 -2.33775 -1.23859 -1.71028 -0.984415 1.35809 -2.15063 0.890351 -0.957474 2.34054 0.514163 0.779264 -3.00499 0.380852 0.669759 -2.98307 2.39666 -0.531112 2.34607 1.00031 -2.72872 -0.175854 1.48127 2.62784 
-1.13319 0.86409 -2.42063 0.957613 1.17718 -2.51265 0.945171 -2.32842 -1.25087 -1.69501 -0.976688 1.3496 -2.14727 0.88865 -0.960097 2.33897 0.507809 0.78168 -3.04248 0.373353 0.663344 -2.99293 2.39465 -0.528612 2.35773 0.995197 -2.73783 -0.182107 1.50312 2.62412 
-1.13023 0.861151 -2.42818 0.943747 1.16705 -2.50594 0.950962 -2.31938 -1.25982 -1.67666 -0.966306 1.34633 -2.13931 0.891494 -0.951593 2.33005 0.496514 0.784409 -3.07781 0.354772 0.658744 -3.00972 2.39088 -0.519218 2.37571 0.990172 -2.74615 -0.184655 1.52121 2.62663 
-1.12953 0.856753 -2.43359 0.923206 1.14102 -2.50241 0.964105 -2.30659 -1.27596 -1.65298 -0.962533 1.35882 -2.12681 0.882199 -0.928888 2.32033 0.49533 0.783145 -3.11946 0.323526 0.652994 -3.02223 2.38424 -0.510371 2.39983 0.999048 -2.76671 -0.173833 1.52542 2.61728 
-1.14033 0.853038 -2.42782 0.892423 1.10571 -2.49484 0.98779 -2.29026 -1.3127 -1.63307 -0.972701 1.37819 -2.10725 0.861625 -0.890536 2.31675 0.521738 0.793177 -3.16369 0.279299 0.652438 -3.02955 2.37225 -0.49878 2.4282 1.02427 -2.82214 -0.166811 1.52592 2.60053 
-1.15303 0.852523 -2.42686 0.887647 1.09791 -2.50385 0.992326 -2.283 -1.31792 -1.61176 -0.969312 1.3815 -2.10479 0.858776 -0.885301 2.31792 0.509662 0.783584 -3.19054 0.277271 0.651567 -3.03459 2.37181 -0.500342 2.43857 1.0266 -2.82871 -0.158627 1.53431 2.58016 
-1.16443 0.844587 -2.41471 0.877865 1.08847 -2.51663 0.990273 -2.27178 -1.31798 -1.59966 -0.954245 1.38541 -2.11152 0.86432 -0.890499 2.32585 0.49599 0.760118 -3.22188 0.2785 0.652483 -3.03264 2.36702 -0.508448 2.43887 1.02706 -2.84311 -0.157189 1.53874 2.56363 
-1.16694 0.831071 -2.40462 0.879135 1.08716 -2.53958 0.986717 -2.25955 -1.31294 -1.59727 -0.949038 1.38518 -2.11094 0.864389 -0.906868 2.33001 0.476523 0.7499 -3.23536 0.286002 0.64816 -3.03669 2.37461 -0.526547 2.44492 1.03884 -2.85839 -0.159191 1.55306 2.56433 
-1.18486 0.801706 -2.39832 0.895944 1.03553 -2.5422 0.940859 -2.23787 -1.26992 -1.58539 -0.925499 1.39736 -2.09199 0.835058 -0.918249 2.31762 0.453829 0.719445 -3.23299 0.300207 0.647089 -3.05579 2.36676 -0.520845 2.43799 1.05184 -2.85378 -0.145411 1.55853 2.54822 
-1.18952 0.791161 -2.3921 0.914098 1.02354 -2.56914 0.911096 -2.22801 -1.2442 -1.59498 -0.911316 1.40871 -2.09389 0.82735 -0.930233 2.30724 0.437717 0.702886 -3.23261 0.310042 0.658047 -3.06628 2.37318 -0.530278 2.43631 1.04895 -2.86167 -0.144115 1.58563 2.55546 
-1.22268 0.788463 -2.36337 0.907477 1.05333 -2.58611 0.87462 -2.23924 -1.25658 -1.60004 -0.875215 1.40532 -2.07633 0.835302 -0.990253 2.28362 0.419641 0.68578 -3.22552 0.326542 0.656609 -3.05344 2.40337 -0.541433 2.41819 1.02244 -2.85498 -0.113414 1.63224 2.54154 
-1.21339 0.776388 -2.33394 0.959461 1.04194 -2.61529 0.858879 -2.25678 -1.24565 -1.58828 -0.867311 1.43843 -2.08037 0.853063 -1.02049 2.28512 0.395574 0.719493 -3.21478 0.340144 0.689904 -3.08169 2.43487 -0.55169 2.37366 0.987056 -2.86679 -0.125361 1.6754 2.57355 
-1.19751 0.770985 -2.29148 1.02235 1.04083 -2.6425 0.843306 -2.29357 -1.22244 -1.57396 -0.851813 1.48763 -2.07531 0.878874 -1.07052 2.29371 0.363103 0.755505 -3.204 0.353492 0.726729 -3.10807 2.47529 -0.567405 2.31834 0.954695 -2.87406 -0.127574 1.71985 2.59098 
-1.17042 0.776157 -2.27669 1.065 1.04492 -2.67651 0.832681 -2.32677 -1.18793 -1.55991 -0.839731 1.52083 -2.0517 0.901387 -1.10116 2.29828 0.339447 0.780704 -3.19685 0.358015 0.757431 -3.12355 2.50288 -0.58519 2.28379 0.942487 -2.87933 -0.119117 1.74749 2.59685 
-1.11543 0.773134 -2.29429 1.07971 1.08203 -2.71061 0.846688 -2.36468 -1.13486 -1.57375 -0.811056 1.50353 -2.03844 0.935937 -1.09069 2.29024 0.321831 0.758845 -3.16104 0.396066 0.772765 -3.09711 2.48538 -0.615399 2.30657 0.984071 -2.87396 -0.113263 1.73901 2.59154 
-1.03935 0.779103 -2.31151 1.09172 1.14978 -2.75805 0.871561 -2.38322 -1.06139 -1.59092 -0.789062 1.48819 -2.02795 0.973407 -1.09307 2.29916 0.307183 0.731503 -3.12798 0.425445 0.785702 -3.07442 2.46655 -0.636991 2.34183 1.02752 -2.8704 -0.0958791 1.71917 2.59684 
-0.984005 0.785503 -2.34084 1.10894 1.18372 -2.78808 0.88969 -2.39803 -1.01761 -1.59874 -0.763 1.4711 -2.0249 0.999179 -1.08424 2.29345 0.302591 0.713665 -3.08735 0.454972 0.799312 -3.05087 2.46242 -0.656283 2.36734 1.05308 -2.87759 -0.0878483 1.7101 2.62053 
-0.944837 0.792186 -2.37876 1.12075 1.2103 -2.8198 0.902758 -2.39082 -0.99038 -1.60046 -0.738854 1.46463 -2.01033 0.99241 -1.0694 2.28495 0.309531 0.695781 -3.06626 0.457083 0.803276 -3.02675 2.46369 -0.676616 2.3897 1.06884 -2.90402 -0.0885842 1.70242 2.64523 
-0.928285 0.804872 -2.39408 1.11572 1.2213 -2.8135 0.910217 -2.39204 -0.99874 -1.59104 -0.713095 1.45724 -2.01916 0.996328 -1.06298 2.29192 0.320675 0.693 -3.05436 0.442494 0.806385 -3.00421 2.44802 -0.686283 2.39731 1.07134 -2.90133 -0.0821035 1.71043 2.65976 
-0.909196 0.830795 -2.40462 1.10994 1.23554 -2.81126 0.9152 -2.3997 -0.999801 -1.58959 -0.688928 1.45251 -2.04212 1.01774 -1.06195 2.29897 0.333201 0.692916 -3.04527 0.405585 0.80835 -2.98111 2.43882 -0.699424 2.38789 1.06138 -2.88864 -0.0686938 1.71409 2.66577 
-0.890136 0.841228 -2.41135 1.11859 1.24083 -2.80273 0.934223 -2.42856 -1.01844 -1.58959 -0.656012 1.45797 -2.06726 1.05554 -1.0428 2.31793 0.337525 0.691054 -3.01609 0.339433 0.823743 -2.95921 2.43572 -0.722557 2.3795 1.05029 -2.86553 -0.057374 1.70535 2.67252 
-0.872029 0.848111 -2.41336 1.12607 1.25034 -2.7854 0.956433 -2.44827 -1.03387 -1.58942 -0.630204 1.46622 -2.09199 1.09169 -1.01855 2.34159 0.332712 0.688941 -2.98285 0.275143 0.84275 -2.945 2.4297 -0.734529 2.37336 1.04577 -2.85325 -0.0537074 1.68699 2.68105 
-0.844554 0.85051 -2.40603 1.11136 1.27133 -2.7961 0.950782 -2.45904 -1.0422 -1.59199 -0.615363 1.47759 -2.10895 1.10373 -0.998491 2.37171 0.3293 0.697552 -2.9732 0.237432 0.850322 -2.94662 2.41048 -0.74732 2.36617 1.02912 -2.83355 -0.0493039 1.67311 2.7013 
-0.820773 0.848463 -2.38126 1.10942 1.28177 -2.79337 0.944908 -2.47256 -1.04703 -1.58868 -0.613055 1.48213 -2.12121 1.11974 -0.975798 2.38574 0.332169 0.704844 -2.99951 0.207169 0.855524 -2.95589 2.38632 -0.742089 2.34386 1.02517 -2.77961 -0.0469948 1.66201 2.71761 
-0.793607 0.83475 -2.35927 1.11893 1.27715 -2.76572 0.947882 -2.48785 -1.06789 -1.57871 -0.591113 1.47778 -2.11382 1.1166 -0.949121 2.38046 0.360421 0.709489 -3.01964 0.174731 0.873935 -2.96141 2.36909 -0.73247 2.33766 1.04088 -2.77302 -0.0586844 1.63189 2.73581 
-0.788072 0.823974 -2.33595 1.14451 1.25662 -2.72719 0.940312 -2.51411 -1.0864 -1.54367 -0.551022 1.47463 -2.09768 1.12046 -0.919892 2.34902 0.345077 0.715105 -3.0459 0.13085 0.913164 -2.98387 2.36317 -0.709018 2.31831 1.05685 -2.75183 -0.0610811 1.6176 2.72651 
-0.795349 0.795026 -2.32708 1.15133 1.24797 -2.70287 0.924295 -2.51007 -1.11317 -1.52841 -0.525729 1.45956 -2.1018 1.0959 -0.900623 2.33766 0.333725 0.715779 -3.05566 0.117098 0.909937 -3.02384 2.34976 -0.682791 2.27128 1.06299 -2.71915 -0.0668165 1.60851 2.73563 
-0.814015 0.773966 -2.32427 1.17885 1.23524 -2.70103 0.912439 -2.51952 -1.14688 -1.49627 -0.486847 1.4388 -2.08439 1.05779 -0.891176 2.33639 0.291169 0.696383 -3.08784 0.0900126 0.893052 -3.06138 2.3451 -0.661866 2.20638 1.06305 -2.69771 -0.0475438 1.59121 2.74304 
-0.832731 0.74015 -2.33541 1.19542 1.2258 -2.6978 0.906727 -2.52855 -1.20386 -1.47136 -0.424971 1.42261 -2.0737 1.00197 -0.86069 2.32241 0.243318 0.675552 -3.11371 0.0536609 0.869299 -3.08203 2.34442 -0.628876 2.17248 1.07507 -2.69451 -0.036207 1.57808 2.76081 
-0.843849 0.682888 -2.35283 1.23958 1.21029 -2.68326 0.898047 -2.54824 -1.27908 -1.44954 -0.335581 1.43632 -2.06808 0.971773 -0.789951 2.29999 0.211734 0.669213 -3.12137 -0.0146847 0.845947 -3.05714 2.35282 -0.623873 2.1529 1.05943 -2.68686 -0.0443137 1.5791 2.79435 
-0.857007 0.648795 -2.39312 1.2934 1.22268 -2.65786 0.870577 -2.54645 -1.34066 -1.42767 -0.231454 1.45488 -2.05064 0.952484 -0.736734 2.32032 0.177446 0.668854 -3.15179 -0.0721617 0.830661 -3.02894 2.35945 -0.637724 2.12477 1.03645 -2.66125 -0.0596511 1.56783 2.84127 
-0.865274 0.634461 -2.44087 1.3465 1.24187 -2.60723 0.830218 -2.56078 -1.39988 -1.40338 -0.0831521 1.47466 -2.05356 0.952817 -0.669526 2.33534 0.13528 0.675287 -3.17835 -0.127309 0.823785 -3.01007 2.34601 -0.663663 2.08094 1.00104 -2.62415 -0.0733976 1.5787 2.89499 
-0.862991 0.64106 -2.49266 1.36605 1.24504 -2.53966 0.787707 -2.57301 -1.43413 -1.39179 0.0497384 1.47467 -2.05405 0.941518 -0.619247 2.35502 0.0931182 0.685645 -3.19758 -0.165596 0.8174 -3.0131 2.33151 -0.706944 2.04355 0.972064 -2.60607 -0.0901515 1.59837 2.94934 
