Mean 0 Mean 1 Mean 2 Mean 3 Mean 4 Mean 5 Mean 6 Mean 7 Mean 8 Mean 9 Mean 10 Mean 11 Mean 12 Mean 13 Mean 14 Mean 15 Mean 16 Mean 17 Mean 18 Mean 19 Mean 20 Mean 21 Mean 22 Mean 23 Mean 24 Mean 25 Mean 26 Mean 27 Mean 28 Mean 29 
-1.60638 -1.60793 -2.46354 -1.08305 2.66531 -1.45554 0.777045 -1.55892 -1.4822 -2.6674 2.35726 1.37 -2.55569 1.0231 -1.27123 2.67786 -0.479652 2.80717 2.64071 0.476515 2.58508 -1.60232 -0.0365397 -0.658577 2.37111 -2.5922 0.345534 2.70853 0.553451 2.36989 
-1.60551 -1.62494 -2.46968 -1.0943 2.65919 -1.44698 0.800905 -1.55398 -1.481 -2.6682 2.34466 1.36185 -2.5659 1.02063 -1.27394 2.69828 -0.484866 2.80633 2.63807 0.489771 2.56771 -1.60341 -0.0412319 -0.664497 2.37881 -2.60963 0.364487 2.72005 0.552518 2.39276 
-1.61244 -1.61896 -2.46949 -1.10822 2.63621 -1.43624 0.811425 -1.54068 -1.48112 -2.66349 2.35171 1.35646 -2.55865 1.0177 -1.25944 2.69431 -0.490147 2.81158 2.63149 0.492422 2.55142 -1.61112 -0.0437758 -0.664136 2.37422 -2.60194 0.367266 2.72748 0.555469 2.38718 
-1.63094 -1.61472 -2.46841 -1.11628 2.62949 -1.43012 0.782954 -1.52626 -1.47567 -2.66615 2.35231 1.3379 -2.54021 1.00748 -1.28127 2.69385 -0.468523 2.81935 2.64191 0.471086 2.56203 -1.60695 -0.062817 -0.648083 2.38144 -2.64761 0.342603 2.74705 0.564822 2.37356 
-1.62732 -1.61089 -2.45952 -1.12813 2.61869 -1.43807 0.77628 -1.52081 -1.48443 -2.66662 2.34468 1.32705 -2.54266 1.00895 -1.28199 2.69619 -0.481487 2.82372 2.63059 0.482908 2.55867 -1.60516 -0.0547781 -0.64517 2.3844 -2.62935 0.342894 2.74872 0.581809 2.36184 
-1.63062 -1.61251 -2.45379 -1.14178 2.60867 -1.43129 0.775095 -1.51208 -1.50688 -2.66437 2.32793 1.31999 -2.54353 1.01155 -1.28985 2.70309 -0.477328 2.81521 2.63081 0.485716 2.55028 -1.61376 -0.0570152 -0.633837 2.38275 -2.62038 0.33709 2.75017 0.583971 2.3751 
-1.64109 -1.60783 -2.44472 -1.14627 2.60181 -1.42091 0.772839 -1.50433 -1.5415 -2.65571 2.30078 1.3209 -2.54091 1.01244 -1.29518 2.70923 -0.483244 2.81043 2.62743 0.501833 2.55962 -1.62851 -0.0535105 -0.626576 2.38452 -2.60473 0.33833 2.75009 0.600036 2.38373 
-1.64806 -1.60582 -2.43251 -1.15369 2.59287 -1.40853 0.771735 -1.48992 -1.57399 -2.64914 2.27892 1.32321 -2.53748 1.01183 -1.29891 2.7108 -0.485143 2.80468 2.62531 0.509727 2.56845 -1.64296 -0.054473 -0.609156 2.38352 -2.59496 0.335432 2.74946 0.615085 2.39787 
-1.64343 -1.60621 -2.42895 -1.16458 2.57705 -1.39796 0.784355 -1.50565 -1.58706 -2.64351 2.29336 1.32584 -2.5335 1.0161 -1.30169 2.7204 -0.50086 2.80534 2.62553 0.494671 2.56398 -1.6403 -0.0638838 -0.594503 2.38465 -2.59694 0.336956 2.73919 0.62441 2.38826 
-1.6428 -1.6167 -2.42408 -1.17861 2.55845 -1.39972 0.800871 -1.52594 -1.61145 -2.63292 2.3051 1.32922 -2.53171 1.0207 -1.32208 2.73379 -0.49918 2.8097 2.63558 0.486394 2.57191 -1.64614 -0.0805999 -0.59252 2.37868 -2.61004 0.347101 2.74004 0.629619 2.39631 
-1.63921 -1.63517 -2.40519 -1.2047 2.53832 -1.39435 0.803419 -1.52534 -1.62685 -2.62649 2.32926 1.32145 -2.54678 1.02565 -1.3449 2.75045 -0.496742 2.79074 2.61314 0.478323 2.57022 -1.63561 -0.0894161 -0.59095 2.36949 -2.60709 0.33197 2.73916 0.630183 2.39769 
-1.65557 -1.6452 -2.40809 -1.20298 2.5031 -1.37553 0.788087 -1.53334 -1.62294 -2.58575 2.34438 1.33176 -2.52774 1.00888 -1.33379 2.74745 -0.499208 2.79469 2.60377 0.474245 2.57107 -1.65969 -0.111159 -0.583309 2.37387 -2.61921 0.356938 2.75855 0.620944 2.36546 
-1.6823 -1.63725 -2.41396 -1.23174 2.48371 -1.39069 0.799062 -1.53079 -1.63656 -2.54877 2.34152 1.3354 -2.52225 1.02855 -1.33535 2.74396 -0.481348 2.79764 2.58933 0.469281 2.58098 -1.67299 -0.130578 -0.586025 2.38089 -2.63624 0.365704 2.76649 0.646889 2.33936 
-1.70617 -1.62951 -2.404 -1.23754 2.47794 -1.39376 0.805108 -1.52643 -1.63597 -2.51539 2.33337 1.33559 -2.52449 1.04462 -1.31939 2.73855 -0.478915 2.80184 2.55833 0.443445 2.59089 -1.68632 -0.152851 -0.590987 2.38946 -2.66373 0.385187 2.78055 0.651999 2.32285 
-1.71766 -1.63138 -2.39244 -1.24496 2.47466 -1.39708 0.791981 -1.52216 -1.64775 -2.49081 2.34008 1.32177 -2.53571 1.06392 -1.31888 2.73384 -0.475304 2.81012 2.53182 0.418197 2.5941 -1.69589 -0.161365 -0.596932 2.38882 -2.67603 0.393474 2.77984 0.666079 2.30933 
-1.73291 -1.62991 -2.38516 -1.25353 2.4698 -1.39762 0.788724 -1.51574 -1.6573 -2.46384 2.3474 1.31193 -2.54347 1.07703 -1.29653 2.73064 -0.464166 2.81526 2.49912 0.380168 2.60458 -1.71121 -0.180889 -0.600961 2.39469 -2.68655 0.391083 2.78291 0.665227 2.29404 
-1.75157 -1.61395 -2.38394 -1.26803 2.47386 -1.40088 0.794707 -1.52119 -1.67347 -2.43311 2.33907 1.32463 -2.55048 1.07172 -1.26272 2.73322 -0.437842 2.81268 2.45877 0.329638 2.61099 -1.72124 -0.194189 -0.604125 2.40212 -2.68601 0.367648 2.78228 0.65238 2.26571 
-1.7711 -1.61242 -2.37331 -1.27669 2.47872 -1.40945 0.780601 -1.52537 -1.70047 -2.42449 2.34319 1.32462 -2.56905 1.05648 -1.24901 2.73747 -0.420677 2.80747 2.4304 0.301507 2.60808 -1.72297 -0.206749 -0.6152 2.4038 -2.69047 0.337453 2.78069 0.655288 2.25305 
-1.78828 -1.61848 -2.36465 -1.28843 2.49002 -1.41893 0.759734 -1.52822 -1.71912 -2.43132 2.34058 1.33204 -2.59159 1.03725 -1.23296 2.74305 -0.4101 2.78853 2.39512 0.290397 2.59323 -1.72151 -0.208271 -0.62638 2.38686 -2.71051 0.312293 2.77563 0.660144 2.25232 
-1.79556 -1.66352 -2.36233 -1.31214 2.5518 -1.49393 0.735156 -1.54423 -1.7226 -2.50352 2.33739 1.37944 -2.59913 1.01317 -1.15873 2.75006 -0.363099 2.76849 2.34695 0.309299 2.50067 -1.66707 -0.159955 -0.626429 2.33931 -2.78957 0.237107 2.79729 0.717997 2.26805 
-1.79799 -1.69492 -2.36171 -1.33324 2.58427 -1.55627 0.710413 -1.57083 -1.73327 -2.54161 2.33472 1.3977 -2.5967 0.997724 -1.12185 2.76644 -0.33847 2.76049 2.31665 0.33135 2.45155 -1.63435 -0.138131 -0.641609 2.31485 -2.83904 0.191638 2.80741 0.747779 2.28754 
-1.80271 -1.72409 -2.36657 -1.35859 2.63163 -1.62947 0.681612 -1.59998 -1.73262 -2.58631 2.32895 1.42594 -2.58172 0.981227 -1.0714 2.7832 -0.291755 2.75064 2.27819 0.333977 2.38875 -1.59915 -0.107056 -0.651744 2.29272 -2.89497 0.134564 2.82276 0.783253 2.30455 
-1.80213 -1.74425 -2.36503 -1.36979 2.65957 -1.68573 0.657281 -1.62792 -1.7312 -2.59918 2.32105 1.44337 -2.57173 0.974748 -1.06178 2.80508 -0.283555 2.74479 2.26342 0.33316 2.35531 -1.57002 -0.0934922 -0.667572 2.28548 -2.90694 0.103607 2.8223 0.79071 2.33364 
-1.79782 -1.76421 -2.35944 -1.3749 2.68092 -1.73451 0.641736 -1.64286 -1.72058 -2.61605 2.30555 1.4604 -2.56729 0.954168 -1.05958 2.82304 -0.277322 2.74488 2.2415 0.335966 2.32766 -1.55856 -0.0799462 -0.69033 2.28759 -2.90757 0.0659348 2.81688 0.788258 2.35969 
-1.79895 -1.7729 -2.35693 -1.3756 2.68028 -1.76086 0.617223 -1.6553 -1.71994 -2.61827 2.30059 1.45689 -2.57065 0.940843 -1.07951 2.83482 -0.287739 2.73809 2.23017 0.356576 2.33668 -1.55267 -0.0862447 -0.710612 2.28598 -2.90361 0.064271 2.79567 0.791815 2.38526 
-1.79803 -1.79351 -2.42703 -1.36691 2.687 -1.79127 0.591714 -1.65632 -1.69049 -2.61083 2.31971 1.44746 -2.56427 0.924402 -1.1166 2.84464 -0.327504 2.73118 2.21846 0.368192 2.35064 -1.54733 -0.0982271 -0.727248 2.30522 -2.88605 0.0575661 2.76824 0.799304 2.4213 
-1.79474 -1.80752 -2.48819 -1.34793 2.68133 -1.80392 0.578009 -1.65452 -1.66529 -2.5888 2.34335 1.42448 -2.56853 0.91559 -1.16108 2.85757 -0.388795 2.73747 2.21963 0.391364 2.38215 -1.55332 -0.132967 -0.746298 2.33977 -2.8601 0.0612424 2.73487 0.798535 2.44722 
-1.80969 -1.80745 -2.53482 -1.3474 2.66167 -1.7827 0.576576 -1.6486 -1.66429 -2.58145 2.32676 1.39733 -2.57597 0.927468 -1.18839 2.86503 -0.436235 2.75804 2.23094 0.410072 2.4295 -1.57234 -0.160225 -0.755214 2.35514 -2.84876 0.0693354 2.70084 0.78936 2.46112 
-1.80005 -1.80528 -2.5791 -1.3381 2.64848 -1.78276 0.576393 -1.645 -1.64661 -2.56161 2.31366 1.36986 -2.58154 0.938908 -1.20951 2.87339 -0.489957 2.78528 2.24648 0.442351 2.45397 -1.5897 -0.19674 -0.77366 2.3922 -2.81045 0.0746967 2.67275 0.783171 2.48696 
-1.79731 -1.77352 -2.5907 -1.32901 2.62175 -1.7584 0.583956 -1.65965 -1.64504 -2.55199 2.27221 1.36175 -2.60486 0.96274 -1.21426 2.90251 -0.520503 2.81059 2.26401 0.473879 2.48834 -1.62529 -0.2199 -0.786133 2.41059 -2.78398 0.0844213 2.65937 0.763913 2.49132 
-1.79673 -1.75596 -2.59607 -1.35131 2.61175 -1.723 0.576157 -1.65865 -1.66606 -2.5337 2.24371 1.34369 -2.61726 0.978245 -1.22601 2.9017 -0.547773 2.83437 2.27022 0.488831 2.50672 -1.66082 -0.230798 -0.794851 2.40234 -2.76524 0.118343 2.64642 0.758746 2.52231 
-1.79356 -1.73426 -2.58912 -1.36379 2.59854 -1.69499 0.57114 -1.66462 -1.70259 -2.50716 2.2096 1.33409 -2.59491 0.966397 -1.25756 2.90869 -0.575428 2.87664 2.27799 0.503432 2.51341 -1.69013 -0.23279 -0.817946 2.39815 -2.75055 0.169341 2.64328 0.735345 2.56312 
-1.79228 -1.71354 -2.58278 -1.37974 2.59336 -1.66486 0.553882 -1.67373 -1.74859 -2.48943 2.18021 1.33775 -2.56682 0.958444 -1.28152 2.90159 -0.591765 2.91264 2.27619 0.510295 2.51959 -1.71277 -0.227266 -0.839606 2.37373 -2.74758 0.208953 2.6388 0.705304 2.58725 
-1.77571 -1.71026 -2.61624 -1.43031 2.58673 -1.59921 0.511752 -1.63842 -1.76165 -2.47602 2.14929 1.36319 -2.58629 0.981066 -1.26661 2.87349 -0.598543 2.96606 2.23778 0.470813 2.48512 -1.75572 -0.218648 -0.84281 2.31856 -2.77867 0.280078 2.61268 0.757657 2.61871 
-1.78708 -1.70935 -2.60902 -1.44478 2.60545 -1.5802 0.479935 -1.65657 -1.79349 -2.45811 2.10999 1.37238 -2.60773 0.984655 -1.3028 2.85356 -0.610467 2.98056 2.20172 0.404078 2.48889 -1.76005 -0.222626 -0.853238 2.26791 -2.79269 0.291496 2.62157 0.757765 2.68294 
-1.80172 -1.69753 -2.59288 -1.43044 2.61205 -1.59232 0.46635 -1.69283 -1.82994 -2.4379 2.07553 1.3692 -2.61725 0.981739 -1.35053 2.84256 -0.61375 2.99915 2.17228 0.353219 2.49692 -1.74809 -0.219232 -0.858052 2.22141 -2.78361 0.305702 2.64262 0.741472 2.72043 
-1.79222 -1.69188 -2.56452 -1.42189 2.62298 -1.61619 0.452405 -1.71104 -1.85491 -2.41514 2.05631 1.37053 -2.58013 0.983491 -1.39004 2.83473 -0.628327 3.01737 2.14319 0.306663 2.51043 -1.74123 -0.209527 -0.859975 2.18605 -2.74454 0.329101 2.66264 0.734292 2.72609 
-1.78288 -1.70497 -2.5318 -1.42166 2.63151 -1.64209 0.443222 -1.72612 -1.88311 -2.40272 2.03458 1.36979 -2.5328 0.991808 -1.42352 2.82154 -0.64927 3.04617 2.12813 0.259244 2.5211 -1.72842 -0.19583 -0.867416 2.16809 -2.70701 0.33469 2.67287 0.722453 2.74394 
-1.77879 -1.72923 -2.5309 -1.41709 2.63835 -1.67194 0.408707 -1.73774 -1.92205 -2.40357 2.00252 1.37736 -2.46764 0.990018 -1.4429 2.7966 -0.660793 3.06844 2.13568 0.198042 2.52709 -1.70373 -0.182543 -0.879894 2.1501 -2.67294 0.328938 2.67641 0.709672 2.7691 
-1.75536 -1.75235 -2.54767 -1.40915 2.64805 -1.71817 0.38188 -1.7212 -1.96751 -2.41764 2.01228 1.38341 -2.40108 0.975168 -1.41312 2.77489 -0.674336 3.07276 2.13929 0.155499 2.5378 -1.67823 -0.158134 -0.883447 2.10783 -2.63559 0.322364 2.66506 0.679101 2.77232 
