Mean 0 Mean 1 Mean 2 Mean 3 Mean 4 Mean 5 Mean 6 Mean 7 Mean 8 Mean 9 Mean 10 Mean 11 Mean 12 Mean 13 Mean 14 Mean 15 Mean 16 Mean 17 Mean 18 Mean 19 Mean 20 Mean 21 Mean 22 Mean 23 Mean 24 Mean 25 Mean 26 Mean 27 Mean 28 Mean 29 
1.06997 -1.55059 -1.48717 -1.55439 1.84408 0.918832 0.823649 -2.60007 1.10737 -1.29785 2.68126 1.86354 1.05877 -1.06455 0.968156 -0.465447 2.69904 0.59355 2.67459 -2.87539 0.792517 -2.74107 2.52486 2.34023 2.77497 -2.82169 -2.06318 0.649636 2.20474 -0.550324 
1.08293 -1.54662 -1.4931 -1.56733 1.84172 0.92643 0.8254 -2.59815 1.09606 -1.3234 2.6836 1.88443 1.06862 -1.07024 0.966011 -0.476039 2.69587 0.604413 2.66808 -2.88013 0.784188 -2.74958 2.73778 2.34694 2.93345 -2.83688 -2.06317 0.65688 2.19983 -1.89957 
1.08377 -1.54363 -1.49752 -1.57752 1.84338 0.935678 0.822879 -2.59826 1.08615 -1.33418 2.68619 1.89086 1.07496 -1.07292 0.966302 -0.475335 2.69434 0.605019 2.66917 -2.88447 0.776034 -2.75551 2.81485 2.34552 2.98882 -2.84693 -2.06505 0.658496 2.19603 -2.34875 
1.0763 -1.54165 -1.50173 -1.58885 1.85254 0.936921 0.821713 -2.59797 1.07895 -1.33846 2.69365 1.90142 1.07692 -1.06557 0.967216 -0.477974 2.69895 0.609762 2.6655 -2.88926 0.768067 -2.76414 2.85878 2.34484 3.02037 -2.85478 -2.07466 0.662871 2.19824 -2.57578 
1.06567 -1.53712 -1.49873 -1.59885 1.85997 0.929951 0.821449 -2.59847 1.07488 -1.33972 2.6933 1.89728 1.08176 -1.06727 0.970818 -0.479693 2.7017 0.607409 2.66719 -2.89128 0.766626 -2.76707 2.87202 2.35205 3.03181 -2.86405 -2.09209 0.658531 2.20057 -2.71112 
1.06578 -1.53475 -1.48615 -1.61496 1.85677 0.924297 0.817765 -2.60052 1.06827 -1.34498 2.68795 1.89086 1.08793 -1.06517 0.972996 -0.4884 2.70296 0.613435 2.67866 -2.89526 0.764359 -2.76919 2.88351 2.36317 3.03966 -2.86628 -2.11119 0.644829 2.1998 -2.78905 
1.06171 -1.52363 -1.49258 -1.6256 1.85497 0.929246 0.828515 -2.60189 1.07496 -1.32443 2.69966 1.84702 1.09796 -1.05966 0.967203 -0.473874 2.68499 0.603654 2.6749 -2.90264 0.768984 -2.76871 2.87263 2.38631 3.03791 -2.84961 -2.11075 0.631215 2.21721 -2.85325 
1.0639 -1.5205 -1.48819 -1.63554 1.84241 0.931592 0.818392 -2.60758 1.05637 -1.31963 2.70727 1.83089 1.10179 -1.05914 0.959591 -0.470221 2.67632 0.607446 2.67354 -2.90205 0.768496 -2.7783 2.86859 2.38792 3.04582 -2.85214 -2.10495 0.631389 2.23127 -2.88759 
1.06278 -1.52151 -1.48454 -1.65016 1.82601 0.93015 0.817513 -2.60912 1.03846 -1.3091 2.70997 1.82686 1.10442 -1.05776 0.958186 -0.471289 2.6683 0.612119 2.67304 -2.89703 0.769825 -2.7886 2.86692 2.38613 3.04895 -2.86135 -2.10581 0.632686 2.24163 -2.92053 
1.05845 -1.52448 -1.47773 -1.65942 1.81854 0.922208 0.818047 -2.60997 1.02352 -1.30148 2.70821 1.82711 1.10845 -1.05501 0.949705 -0.470198 2.663 0.615654 2.67016 -2.89245 0.765731 -2.79521 2.86373 2.39155 3.04615 -2.87241 -2.10798 0.632125 2.25433 -2.9532 
1.05453 -1.52703 -1.47062 -1.67221 1.81437 0.922826 0.823481 -2.60419 1.01221 -1.28838 2.7128 1.82676 1.11217 -1.05405 0.952479 -0.472677 2.65828 0.62053 2.65351 -2.89488 0.759349 -2.80422 2.86196 2.39263 3.05492 -2.87271 -2.11928 0.633688 2.266 -2.98973 
1.04289 -1.52342 -1.46668 -1.68666 1.79405 0.924676 0.823749 -2.59813 1.00608 -1.26726 2.70593 1.83397 1.1252 -1.05784 0.957959 -0.478966 2.66505 0.619455 2.64031 -2.90795 0.764151 -2.80993 2.85792 2.39747 3.06087 -2.86594 -2.13131 0.642849 2.27668 -3.02617 
1.03549 -1.52015 -1.46084 -1.69172 1.78772 0.913517 0.820656 -2.59198 1.00806 -1.23921 2.70433 1.829 1.1311 -1.0546 0.956789 -0.47899 2.67284 0.624493 2.62133 -2.91702 0.767647 -2.81502 2.84418 2.39894 3.06439 -2.87303 -2.13984 0.645252 2.29385 -3.06188 
1.02435 -1.52176 -1.45836 -1.70535 1.77931 0.907662 0.810451 -2.58195 1.00667 -1.2311 2.69638 1.82681 1.13556 -1.05707 0.953986 -0.474781 2.66714 0.620614 2.602 -2.91378 0.766326 -2.81401 2.84196 2.39974 3.06522 -2.86944 -2.15176 0.64795 2.30937 -3.08713 
1.01898 -1.5262 -1.45178 -1.71139 1.78602 0.896955 0.804841 -2.57035 1.00519 -1.22598 2.69991 1.82834 1.12546 -1.07005 0.945898 -0.46786 2.66969 0.605065 2.56273 -2.92232 0.770472 -2.79842 2.83677 2.39583 3.0633 -2.87877 -2.16871 0.643944 2.31923 -3.10613 
1.00737 -1.53532 -1.4418 -1.711 1.77814 0.8912 0.789205 -2.55298 1.0061 -1.21742 2.70347 1.81699 1.12754 -1.08811 0.938496 -0.457893 2.66583 0.595756 2.53075 -2.93389 0.784532 -2.79738 2.83007 2.39571 3.06661 -2.87175 -2.18367 0.640982 2.32832 -3.12579 
0.979332 -1.53146 -1.45156 -1.71686 1.78287 0.877213 0.788924 -2.53102 0.999264 -1.18713 2.71105 1.79562 1.13099 -1.10343 0.946956 -0.444402 2.67597 0.594045 2.47817 -2.96139 0.807357 -2.80712 2.82269 2.39553 3.06978 -2.87152 -2.19567 0.640063 2.32509 -3.15311 
0.946158 -1.53115 -1.49039 -1.71818 1.78559 0.848937 0.777507 -2.4873 0.992603 -1.1497 2.71341 1.75525 1.14855 -1.12863 0.933878 -0.446325 2.6749 0.59991 2.4152 -2.977 0.84468 -2.81946 2.81588 2.38843 3.06768 -2.89039 -2.19931 0.632444 2.33659 -3.15658 
0.907554 -1.52954 -1.52625 -1.74633 1.77813 0.819864 0.783137 -2.43614 0.969099 -1.10528 2.70852 1.73507 1.18807 -1.14615 0.94547 -0.446713 2.69569 0.605067 2.35164 -3.02445 0.885461 -2.83481 2.80896 2.38811 3.07682 -2.89351 -2.23006 0.62423 2.33918 -3.1646 
0.844679 -1.50926 -1.59009 -1.7856 1.77145 0.784948 0.801378 -2.34317 0.94818 -1.02421 2.69974 1.7155 1.24743 -1.18053 0.960221 -0.456666 2.7081 0.593759 2.25908 -3.09135 0.965754 -2.86125 2.79171 2.38741 3.07961 -2.91866 -2.25826 0.596132 2.33169 -3.18019 
0.824308 -1.47284 -1.61592 -1.81566 1.76762 0.789319 0.801189 -2.33177 0.934872 -0.990286 2.71621 1.73037 1.26798 -1.20446 1.02373 -0.469792 2.74947 0.584218 2.20135 -3.17192 0.984411 -2.89595 2.75971 2.39021 3.08251 -2.90506 -2.29151 0.602666 2.31661 -3.2503 
0.813792 -1.43517 -1.64438 -1.82992 1.76885 0.787612 0.802817 -2.32801 0.934236 -0.964179 2.72563 1.74259 1.27117 -1.22579 1.06085 -0.473136 2.77821 0.573873 2.15549 -3.21995 0.995416 -2.91854 2.73242 2.38718 3.07702 -2.89937 -2.3177 0.61041 2.30512 -3.30643 
0.814113 -1.41333 -1.66963 -1.82628 1.81047 0.759146 0.788562 -2.33757 0.935208 -0.963103 2.7248 1.71304 1.23511 -1.2392 1.06222 -0.471457 2.78569 0.603662 2.11729 -3.19501 0.983939 -2.92411 2.71493 2.37087 3.06866 -2.91167 -2.32149 0.617858 2.30829 -3.34503 
0.816594 -1.39021 -1.69252 -1.82273 1.83692 0.738957 0.774648 -2.35611 0.931578 -0.960433 2.72279 1.68965 1.20298 -1.25466 1.06125 -0.466957 2.79697 0.626665 2.08952 -3.1614 0.972313 -2.93055 2.70173 2.35891 3.06308 -2.92092 -2.33014 0.630527 2.31995 -3.3706 
0.822435 -1.38212 -1.70848 -1.81024 1.85406 0.727146 0.767345 -2.39469 0.942009 -0.93842 2.7439 1.67464 1.19085 -1.26071 1.05079 -0.476316 2.79099 0.643275 2.09378 -3.12739 0.962007 -2.93992 2.68033 2.35155 3.07317 -2.9247 -2.35387 0.644556 2.34764 -3.40787 
0.796216 -1.39791 -1.70606 -1.77899 1.85844 0.735477 0.742028 -2.45398 0.953733 -0.895579 2.75153 1.67152 1.17801 -1.25466 1.02458 -0.50146 2.73816 0.649628 2.10479 -3.08829 0.952073 -2.96946 2.65776 2.35326 3.06501 -2.94019 -2.35554 0.671517 2.36525 -3.40719 
0.779649 -1.42589 -1.69931 -1.74931 1.85034 0.734991 0.699293 -2.52005 0.977213 -0.838153 2.74491 1.68862 1.18208 -1.24646 0.979135 -0.528527 2.6547 0.643072 2.11447 -3.05542 0.936793 -2.98943 2.63262 2.34338 3.06517 -2.95053 -2.35363 0.698129 2.38043 -3.41299 
0.762909 -1.43956 -1.67298 -1.75084 1.84847 0.762633 0.663198 -2.57606 0.97301 -0.807541 2.68725 1.73314 1.17637 -1.24506 0.939798 -0.538656 2.60091 0.621132 2.12724 -3.05019 0.938024 -3.00656 2.61116 2.32657 3.01034 -2.98791 -2.35879 0.720242 2.37297 -3.47637 
0.732624 -1.39062 -1.68476 -1.80278 1.85498 0.809356 0.652719 -2.57204 0.948682 -0.772067 2.63541 1.77957 1.16069 -1.27632 0.987079 -0.534832 2.63901 0.569239 2.07815 -3.11844 0.952027 -3.0727 2.57534 2.31586 2.94611 -3.03197 -2.37122 0.70808 2.37026 -3.57641 
0.711141 -1.37038 -1.67577 -1.82418 1.85155 0.840455 0.637889 -2.59864 0.936445 -0.735322 2.56249 1.80698 1.13485 -1.29002 0.988938 -0.523005 2.64343 0.532923 2.05485 -3.15516 0.956688 -3.1155 2.5536 2.29722 2.89355 -3.09591 -2.3946 0.716336 2.37823 -3.64759 
0.698861 -1.34044 -1.68212 -1.85484 1.8572 0.874246 0.62453 -2.60051 0.917708 -0.719774 2.50808 1.83788 1.10752 -1.3112 1.01684 -0.509512 2.68267 0.492965 2.02689 -3.21389 0.95691 -3.16087 2.53757 2.27473 2.83338 -3.14416 -2.39559 0.703115 2.38494 -3.71623 
0.721188 -1.31992 -1.68993 -1.85836 1.8631 0.906216 0.638746 -2.59166 0.917249 -0.739554 2.48097 1.84547 1.09728 -1.32483 1.05425 -0.489764 2.7161 0.478255 2.01472 -3.26034 0.941209 -3.18656 2.54249 2.25588 2.77122 -3.14663 -2.40015 0.691142 2.39596 -3.73537 
0.73465 -1.31572 -1.69392 -1.84084 1.86462 0.932586 0.641779 -2.60312 0.910519 -0.760105 2.46954 1.84611 1.09651 -1.32675 1.10227 -0.464231 2.72647 0.470763 2.02729 -3.2924 0.92014 -3.20073 2.55714 2.25243 2.73135 -3.16223 -2.37048 0.689877 2.41882 -3.69141 
0.765118 -1.33513 -1.69729 -1.80518 1.86941 0.954511 0.641513 -2.61725 0.908591 -0.794083 2.47487 1.83836 1.10176 -1.31838 1.15816 -0.439039 2.71574 0.481632 2.0525 -3.30263 0.886771 -3.20858 2.5733 2.2582 2.7077 -3.16197 -2.34226 0.678842 2.42079 -3.63323 
0.795577 -1.3793 -1.69629 -1.76509 1.86048 0.972706 0.614466 -2.63822 0.881762 -0.840367 2.50764 1.81445 1.12403 -1.32175 1.20926 -0.440344 2.66594 0.514696 2.07439 -3.32466 0.851314 -3.20748 2.58575 2.2633 2.69317 -3.15259 -2.30445 0.66318 2.4279 -3.57356 
0.815222 -1.42313 -1.68891 -1.71626 1.83843 0.975758 0.581042 -2.6501 0.842358 -0.872564 2.55171 1.77981 1.1297 -1.32857 1.2506 -0.453324 2.6219 0.550276 2.09075 -3.32802 0.810558 -3.1856 2.59406 2.25679 2.6784 -3.12737 -2.2547 0.653664 2.45647 -3.50272 
0.851034 -1.46009 -1.68499 -1.64989 1.84289 1.00419 0.560576 -2.67762 0.823402 -0.876014 2.61261 1.76668 1.13013 -1.32009 1.3055 -0.434691 2.61739 0.574236 2.1189 -3.33168 0.770844 -3.1509 2.60826 2.25139 2.63561 -3.12926 -2.23009 0.665208 2.44903 -3.4428 
0.868077 -1.50169 -1.68222 -1.56368 1.86096 1.01659 0.558615 -2.69247 0.807379 -0.883364 2.65234 1.74374 1.10592 -1.31973 1.33829 -0.416081 2.61537 0.609842 2.11938 -3.31088 0.724314 -3.10907 2.63614 2.2349 2.56265 -3.12767 -2.22525 0.703597 2.42039 -3.42529 
0.934152 -1.55526 -1.68496 -1.49871 1.89133 1.0065 0.565526 -2.70842 0.818503 -0.865469 2.68879 1.72836 1.11273 -1.32557 1.37631 -0.4012 2.59586 0.62768 2.08752 -3.30611 0.697645 -3.10442 2.63594 2.22379 2.51061 -3.12337 -2.19368 0.721271 2.40902 -3.38393 
0.982145 -1.58793 -1.65398 -1.45508 1.91599 0.95106 0.571161 -2.72521 0.824532 -0.836089 2.72817 1.72418 1.13594 -1.34724 1.38048 -0.388192 2.58154 0.634205 2.04622 -3.29536 0.692823 -3.12319 2.61891 2.21872 2.48799 -3.0907 -2.16747 0.737334 2.38214 -3.33787 
