Mean 0 Mean 1 Mean 2 Mean 3 Mean 4 Mean 5 Mean 6 Mean 7 Mean 8 Mean 9 Mean 10 Mean 11 Mean 12 Mean 13 Mean 14 Mean 15 Mean 16 Mean 17 Mean 18 Mean 19 Mean 20 Mean 21 Mean 22 Mean 23 Mean 24 Mean 25 Mean 26 Mean 27 Mean 28 Mean 29 
0.829925 -1.14387 -2.32141 -1.36407 1.75511 -1.68889 1.05637 -1.44274 -2.35514 -1.20384 2.55154 2.69231 0.777893 1.0085 -1.47666 1.1464 2.59088 -0.241277 2.19522 0.485443 2.70487 2.92552 2.9336 2.48346 2.71942 -0.0256277 -1.63148 1.75759 -2.9983 2.8809 
0.836437 -1.14042 -2.32359 -1.36461 1.76731 -1.69998 1.05042 -1.4489 -2.37443 -1.21644 2.55294 2.69754 0.766247 0.983911 -1.4945 1.14685 2.58877 -0.228751 2.18644 0.48134 2.71072 2.92841 2.94823 2.48249 2.72749 -0.0307969 -1.62264 1.78847 -2.9856 2.88968 
0.837555 -1.14511 -2.32015 -1.37498 1.7596 -1.70528 1.05864 -1.44853 -2.39431 -1.22827 2.55219 2.68578 0.756246 0.980607 -1.50319 1.13586 2.601 -0.236051 2.17988 0.477266 2.7077 2.93063 2.96124 2.48392 2.72185 -0.0328276 -1.61939 1.814 -2.96617 2.8912 
0.833461 -1.14346 -2.31835 -1.38137 1.76652 -1.70406 1.05685 -1.44083 -2.39529 -1.22173 2.55279 2.68106 0.756844 0.988884 -1.50237 1.13567 2.60296 -0.239309 2.18078 0.480817 2.70653 2.92649 2.96294 2.48624 2.72068 -0.033495 -1.62505 1.81053 -2.95825 2.88695 
0.822632 -1.14779 -2.31229 -1.38061 1.74506 -1.70796 1.0561 -1.44394 -2.39805 -1.21483 2.54666 2.6788 0.760034 0.998843 -1.51432 1.13992 2.59428 -0.253306 2.18085 0.471954 2.69932 2.92751 2.96248 2.48976 2.70634 -0.0281245 -1.62864 1.80607 -2.94496 2.88523 
0.808285 -1.14457 -2.30365 -1.38522 1.73796 -1.71675 1.05646 -1.44427 -2.41304 -1.21174 2.5404 2.67379 0.75352 1.00461 -1.52704 1.14175 2.58339 -0.248904 2.17822 0.480985 2.70127 2.92832 2.96093 2.49589 2.71063 -0.0201596 -1.63088 1.80848 -2.92085 2.87604 
0.803799 -1.14188 -2.29981 -1.38767 1.73535 -1.72107 1.05462 -1.44103 -2.41939 -1.20919 2.54246 2.66345 0.749267 1.01265 -1.52932 1.14257 2.57946 -0.254229 2.1785 0.47606 2.69583 2.92733 2.95594 2.49779 2.70803 -0.0253873 -1.62872 1.7946 -2.91134 2.87036 
0.792791 -1.14217 -2.29619 -1.39833 1.73451 -1.72598 1.0541 -1.4507 -2.41908 -1.19931 2.55328 2.64941 0.753094 1.02345 -1.52779 1.1514 2.5773 -0.263487 2.18263 0.469911 2.69548 2.92022 2.93504 2.51075 2.70858 -0.0441099 -1.62659 1.78297 -2.90955 2.88223 
0.787365 -1.13799 -2.29332 -1.40653 1.72961 -1.72205 1.04449 -1.4477 -2.42217 -1.1933 2.55435 2.63509 0.75028 1.03039 -1.53123 1.17092 2.57529 -0.269165 2.17908 0.472089 2.69354 2.91671 2.93091 2.5174 2.69728 -0.0497628 -1.63121 1.76698 -2.9053 2.87603 
0.767349 -1.13338 -2.28405 -1.41078 1.72873 -1.7085 1.03252 -1.45426 -2.42689 -1.1713 2.54688 2.62763 0.76013 1.04319 -1.54188 1.19206 2.5699 -0.277673 2.18397 0.474339 2.69344 2.90872 2.92947 2.53148 2.67517 -0.0550399 -1.62781 1.738 -2.89695 2.86207 
0.744239 -1.14985 -2.24847 -1.42915 1.74066 -1.72077 1.02119 -1.45411 -2.43927 -1.15021 2.54498 2.60195 0.765302 1.08815 -1.55026 1.20507 2.54998 -0.252079 2.1702 0.473212 2.67982 2.888 2.94676 2.53369 2.65484 -0.0484237 -1.63694 1.70428 -2.88252 2.8426 
0.721405 -1.15654 -2.22771 -1.43578 1.73304 -1.72051 0.997811 -1.45717 -2.4526 -1.12553 2.52866 2.60448 0.768239 1.10337 -1.56645 1.21907 2.54176 -0.260071 2.16195 0.487166 2.68444 2.87791 2.94749 2.53864 2.61994 -0.0620675 -1.64644 1.67934 -2.87262 2.81858 
0.705896 -1.15995 -2.21885 -1.43467 1.73334 -1.72583 0.979848 -1.46049 -2.45667 -1.09519 2.51687 2.6153 0.760892 1.10446 -1.56998 1.21773 2.53406 -0.258377 2.14687 0.48947 2.68971 2.87486 2.93407 2.54397 2.59836 -0.0784839 -1.65692 1.66664 -2.86827 2.79156 
0.697666 -1.16494 -2.21046 -1.42107 1.74662 -1.74556 0.959261 -1.46538 -2.45873 -1.06578 2.48922 2.63204 0.747442 1.09368 -1.58516 1.20621 2.52116 -0.24776 2.13314 0.494104 2.69361 2.88174 2.90981 2.5402 2.58153 -0.0987641 -1.66852 1.65038 -2.85886 2.77977 
0.683243 -1.15593 -2.20474 -1.38766 1.73864 -1.75184 0.954134 -1.47674 -2.45867 -1.02257 2.4517 2.64502 0.741753 1.06784 -1.60273 1.2346 2.50982 -0.249933 2.11513 0.496463 2.71684 2.86825 2.89089 2.53449 2.56263 -0.117183 -1.65743 1.65765 -2.84592 2.76826 
0.67092 -1.14806 -2.19545 -1.37117 1.74481 -1.75386 0.945044 -1.48458 -2.46511 -0.992254 2.43261 2.6637 0.725596 1.04324 -1.61128 1.23985 2.50847 -0.251922 2.09421 0.48962 2.73052 2.86502 2.86349 2.52921 2.54316 -0.136835 -1.65618 1.66384 -2.83907 2.74841 
0.683557 -1.18477 -2.17739 -1.35684 1.79868 -1.73416 0.953146 -1.48817 -2.41046 -1.03202 2.43711 2.65966 0.68542 1.03403 -1.59839 1.27979 2.47557 -0.169684 2.10614 0.518462 2.72359 2.84735 2.76305 2.50214 2.62736 -0.0711101 -1.65512 1.68248 -2.8449 2.74968 
0.69766 -1.23144 -2.15653 -1.35391 1.83802 -1.7117 0.952656 -1.48616 -2.35724 -1.07724 2.4432 2.65701 0.648057 1.04413 -1.58318 1.31413 2.44199 -0.0984355 2.11401 0.55475 2.71654 2.83026 2.67433 2.47958 2.70892 -0.00333042 -1.66542 1.69597 -2.84942 2.7574 
0.710358 -1.24012 -2.15841 -1.35798 1.83243 -1.72718 0.944536 -1.47608 -2.37682 -1.08768 2.42744 2.66088 0.605994 1.05505 -1.59307 1.28747 2.45297 -0.09096 2.1034 0.540661 2.71494 2.83615 2.67791 2.47133 2.69919 -0.0294124 -1.69139 1.6739 -2.83032 2.78724 
0.704238 -1.23345 -2.16485 -1.36361 1.81808 -1.74924 0.94144 -1.46067 -2.38599 -1.08156 2.43002 2.66795 0.588282 1.05101 -1.60337 1.27205 2.4707 -0.105648 2.07429 0.524912 2.72143 2.82909 2.68341 2.46303 2.69656 -0.0407842 -1.71574 1.66988 -2.81774 2.78997 
0.684936 -1.23012 -2.18953 -1.35332 1.79662 -1.78004 0.946643 -1.45468 -2.38475 -1.07991 2.44108 2.67334 0.57033 1.04461 -1.62222 1.25012 2.47745 -0.113345 2.07224 0.529855 2.73249 2.84469 2.70222 2.45169 2.6972 -0.0342556 -1.7429 1.66836 -2.81107 2.78392 
0.661792 -1.2405 -2.18318 -1.3553 1.76668 -1.81037 0.943277 -1.45542 -2.41244 -1.07352 2.47095 2.69318 0.560299 1.05056 -1.6321 1.25036 2.48952 -0.114265 2.0677 0.543647 2.76417 2.84815 2.71884 2.41949 2.69435 -0.0631667 -1.78362 1.66629 -2.80957 2.78825 
0.653349 -1.25264 -2.18068 -1.35373 1.74952 -1.85418 0.934548 -1.45826 -2.41241 -1.06251 2.51258 2.70656 0.565099 1.03702 -1.64192 1.25949 2.47929 -0.144296 2.04032 0.554055 2.78392 2.85828 2.72198 2.39015 2.71844 -0.0661368 -1.81833 1.66051 -2.80842 2.77313 
0.631141 -1.2377 -2.2133 -1.35694 1.72362 -1.89977 0.935127 -1.45548 -2.42306 -1.03888 2.53776 2.70321 0.599934 1.0194 -1.65241 1.25954 2.49313 -0.147504 2.0189 0.546763 2.80933 2.85631 2.73715 2.36914 2.74481 -0.0650368 -1.82695 1.66548 -2.78458 2.74992 
0.598147 -1.19734 -2.24764 -1.35847 1.6992 -1.91408 0.949698 -1.48524 -2.44628 -1.03175 2.54483 2.70382 0.632579 1.01207 -1.66103 1.26706 2.54251 -0.160602 2.02262 0.546322 2.82093 2.84285 2.75331 2.3619 2.76498 -0.0339216 -1.80925 1.69383 -2.75635 2.71531 
0.575662 -1.15327 -2.28392 -1.35472 1.67982 -1.93117 0.960778 -1.50443 -2.45862 -1.02703 2.54238 2.70823 0.65612 1.00251 -1.68739 1.26739 2.59523 -0.160143 2.02962 0.537535 2.82074 2.83595 2.79284 2.34909 2.76656 -0.02535 -1.80946 1.71932 -2.72659 2.67942 
0.571044 -1.14177 -2.32784 -1.34555 1.68963 -1.95815 0.959851 -1.54102 -2.463 -1.02538 2.55531 2.71125 0.686673 0.964071 -1.69764 1.27461 2.6334 -0.163432 2.02991 0.5254 2.80408 2.84399 2.84287 2.33974 2.75547 -0.0292339 -1.81209 1.74241 -2.72449 2.64299 
0.570213 -1.1591 -2.39481 -1.31634 1.72636 -2.00736 0.958144 -1.59382 -2.48391 -1.0098 2.55987 2.69504 0.703159 0.906534 -1.74507 1.3118 2.65493 -0.146821 2.03035 0.499518 2.7748 2.8657 2.88063 2.32029 2.73208 -0.0269889 -1.79068 1.74844 -2.7415 2.60197 
0.526071 -1.13704 -2.43158 -1.31204 1.74085 -2.01639 0.951575 -1.65312 -2.53225 -0.982241 2.55868 2.68697 0.711712 0.849237 -1.75727 1.34985 2.69075 -0.122757 2.03421 0.474079 2.77314 2.86678 2.90478 2.30062 2.72788 -0.00868108 -1.76373 1.76427 -2.73828 2.57271 
0.51844 -1.13975 -2.45914 -1.33578 1.76747 -2.05817 0.924985 -1.68859 -2.53809 -0.967046 2.55668 2.69275 0.720016 0.809994 -1.72504 1.3597 2.72145 -0.135855 2.01819 0.452163 2.75281 2.86048 2.93238 2.31368 2.68894 -0.038422 -1.78831 1.77052 -2.74858 2.62081 
0.494765 -1.14703 -2.47807 -1.38557 1.79245 -2.09936 0.897752 -1.70569 -2.54453 -0.966098 2.55492 2.70206 0.736329 0.81999 -1.6699 1.37229 2.76804 -0.147102 1.99696 0.425645 2.70775 2.85807 2.98703 2.30964 2.64892 -0.0608892 -1.83846 1.7776 -2.76446 2.64272 
0.507795 -1.21248 -2.48729 -1.50524 1.84045 -2.24344 0.826948 -1.7469 -2.51826 -0.989987 2.60135 2.75206 0.785133 0.78179 -1.53194 1.38359 2.89418 -0.190628 1.94008 0.40311 2.61211 2.87773 3.08832 2.2977 2.57367 -0.125574 -2.00354 1.80453 -2.78537 2.67639 
0.500451 -1.18004 -2.50538 -1.61173 1.85988 -2.28557 0.809966 -1.7561 -2.52873 -0.973047 2.58195 2.74649 0.796101 0.800856 -1.45846 1.37588 2.94652 -0.201757 1.91329 0.366065 2.59944 2.86804 3.11302 2.29678 2.52877 -0.126858 -2.07684 1.80201 -2.80182 2.70159 
0.493858 -1.15646 -2.51974 -1.69308 1.87777 -2.29996 0.795672 -1.75932 -2.52153 -0.974114 2.56699 2.73906 0.806747 0.81915 -1.41335 1.36447 2.97062 -0.2161 1.89432 0.336942 2.57589 2.84806 3.13246 2.2956 2.52022 -0.105108 -2.0816 1.79656 -2.81377 2.74783 
0.472877 -1.12607 -2.55151 -1.72677 1.89667 -2.29686 0.788806 -1.76268 -2.51764 -0.988131 2.53704 2.71862 0.807606 0.841898 -1.38826 1.35679 2.98678 -0.232316 1.87641 0.31934 2.54182 2.81427 3.1751 2.30441 2.51266 -0.0781076 -2.0347 1.78668 -2.83717 2.79293 
0.460581 -1.08609 -2.5694 -1.7336 1.90621 -2.2721 0.79337 -1.77454 -2.50192 -0.980228 2.51017 2.69769 0.793767 0.85908 -1.36391 1.37005 2.99143 -0.23913 1.85852 0.321717 2.51889 2.7895 3.22818 2.30715 2.51451 -0.0603491 -1.97588 1.7898 -2.84533 2.8183 
0.434066 -1.05465 -2.5816 -1.70779 1.91878 -2.2204 0.787193 -1.76749 -2.51121 -0.97204 2.48312 2.68589 0.773291 0.883975 -1.3275 1.40116 2.99089 -0.241024 1.8538 0.338362 2.51572 2.79674 3.25554 2.30513 2.49634 -0.0544429 -1.92574 1.7831 -2.85894 2.83437 
0.433314 -1.03307 -2.59272 -1.67722 1.93702 -2.1875 0.773065 -1.74775 -2.51121 -0.943788 2.44034 2.67004 0.735236 0.901089 -1.29472 1.40612 2.98089 -0.244597 1.81795 0.35264 2.50802 2.79886 3.22942 2.30002 2.45248 -0.0643001 -1.85763 1.78698 -2.85586 2.87119 
0.456455 -1.00659 -2.59839 -1.661 1.97193 -2.1404 0.758141 -1.71755 -2.52737 -0.907902 2.41759 2.66418 0.679625 0.92249 -1.24952 1.40197 2.96618 -0.236794 1.76052 0.351524 2.52118 2.80641 3.16468 2.29242 2.39964 -0.0755971 -1.76573 1.78576 -2.85301 2.92131 
0.491478 -0.967112 -2.58877 -1.65363 1.98913 -2.10755 0.733095 -1.68979 -2.53839 -0.876422 2.39253 2.67245 0.608702 0.927358 -1.21425 1.38421 2.96863 -0.217916 1.68711 0.347386 2.52405 2.79482 3.09141 2.28142 2.35262 -0.0777492 -1.67954 1.78866 -2.84067 2.97626 
