Mean 0 Mean 1 Mean 2 Mean 3 Mean 4 Mean 5 Mean 6 Mean 7 Mean 8 Mean 9 Mean 10 Mean 11 Mean 12 Mean 13 Mean 14 Mean 15 Mean 16 Mean 17 Mean 18 Mean 19 Mean 20 Mean 21 Mean 22 Mean 23 Mean 24 Mean 25 Mean 26 Mean 27 Mean 28 Mean 29 
-1.19857 -2.53426 -1.58003 -2.66655 2.42957 -1.23262 1.00347 -2.79217 -2.20897 -1.47084 -0.834293 2.52337 0.995374 1.00946 0.917366 -0.318958 -0.466309 2.51405 2.24976 -0.0457286 -0.447163 0.199694 2.79187 -1.62559 -0.695083 -0.781084 -2.78291 0.684496 -0.41338 0.697033 
-1.197 -2.53412 -1.58213 -2.66876 2.43115 -1.22691 1.00292 -2.79296 -2.21139 -1.47164 -0.83372 2.51527 0.994112 1.01438 0.920003 -0.314575 -0.472389 2.51805 2.24998 -0.0485135 -0.450236 0.19454 2.7907 -1.62912 -0.693161 -0.779093 -2.78741 0.683317 -0.412101 0.697583 
-1.19755 -2.5352 -1.58179 -2.66775 2.43226 -1.22646 1.00195 -2.79498 -2.219 -1.47216 -0.829072 2.51322 0.991767 1.01537 0.922137 -0.306844 -0.47316 2.51494 2.24737 -0.0498443 -0.452021 0.19152 2.79442 -1.63362 -0.696368 -0.784973 -2.78788 0.689094 -0.40828 0.702743 
-1.20492 -2.53998 -1.58243 -2.66748 2.43333 -1.23486 0.995907 -2.79304 -2.22619 -1.4679 -0.821149 2.51295 0.991386 1.01936 0.918944 -0.30376 -0.472963 2.51503 2.244 -0.0495379 -0.451638 0.192385 2.79726 -1.63322 -0.702017 -0.798216 -2.79135 0.697411 -0.404773 0.714184 
-1.21339 -2.53957 -1.57948 -2.67419 2.4346 -1.24382 0.992177 -2.79621 -2.23024 -1.46386 -0.814109 2.50831 0.995111 1.02164 0.919845 -0.301417 -0.473227 2.51064 2.24074 -0.051059 -0.451144 0.194801 2.79729 -1.63246 -0.709865 -0.807261 -2.80057 0.694779 -0.400202 0.716922 
-1.22786 -2.53877 -1.57748 -2.68135 2.43422 -1.25701 0.985494 -2.79531 -2.23654 -1.46117 -0.806041 2.49987 0.997042 1.02639 0.913912 -0.299968 -0.468573 2.50458 2.23244 -0.0490381 -0.454823 0.199104 2.79749 -1.62322 -0.720296 -0.819182 -2.81373 0.690945 -0.393224 0.72145 
-1.2393 -2.53758 -1.57609 -2.69545 2.43728 -1.27093 0.982218 -2.79369 -2.24751 -1.44303 -0.7995 2.48612 0.996992 1.03435 0.905097 -0.296343 -0.460697 2.49942 2.21988 -0.0492763 -0.45809 0.197541 2.79534 -1.61339 -0.727185 -0.833043 -2.82812 0.687141 -0.384479 0.722447 
-1.24468 -2.53712 -1.5727 -2.71058 2.43683 -1.28302 0.980291 -2.79355 -2.25877 -1.42752 -0.794037 2.48131 0.99899 1.04137 0.898359 -0.292911 -0.449217 2.50099 2.21945 -0.0482325 -0.464292 0.196959 2.79158 -1.60623 -0.728215 -0.84626 -2.84871 0.677046 -0.382305 0.720481 
-1.25328 -2.54224 -1.57265 -2.72228 2.43226 -1.2916 0.97254 -2.79045 -2.2696 -1.41864 -0.784225 2.47118 0.99635 1.04613 0.885751 -0.28974 -0.44034 2.50335 2.20142 -0.0586155 -0.472025 0.198974 2.79484 -1.59746 -0.730794 -0.861034 -2.852 0.681385 -0.368996 0.738429 
-1.26507 -2.5475 -1.57326 -2.72604 2.42114 -1.29318 0.950484 -2.79157 -2.28245 -1.41462 -0.776134 2.45914 0.991961 1.05599 0.869602 -0.286753 -0.444574 2.51004 2.19167 -0.0701541 -0.475558 0.201601 2.79846 -1.59437 -0.726641 -0.868232 -2.8379 0.687216 -0.348545 0.748064 
-1.27528 -2.55148 -1.57126 -2.72961 2.41363 -1.28366 0.94809 -2.7884 -2.28497 -1.40829 -0.782494 2.46368 0.993119 1.06368 0.856499 -0.29084 -0.448704 2.5166 2.18918 -0.0761146 -0.480647 0.198991 2.8062 -1.59156 -0.727773 -0.863081 -2.8375 0.684575 -0.342539 0.743227 
-1.27923 -2.55402 -1.57088 -2.73637 2.40089 -1.27884 0.944822 -2.78576 -2.29361 -1.40961 -0.791165 2.47236 0.992607 1.07152 0.848299 -0.295242 -0.45055 2.51443 2.19051 -0.08483 -0.488036 0.201902 2.8141 -1.58565 -0.734622 -0.857392 -2.84647 0.68423 -0.33803 0.745757 
-1.27012 -2.56117 -1.56937 -2.74324 2.39837 -1.29495 0.940732 -2.78189 -2.2904 -1.40738 -0.794026 2.47589 0.987162 1.07644 0.835841 -0.300747 -0.446703 2.51561 2.18823 -0.0810834 -0.483551 0.207974 2.80932 -1.57446 -0.741931 -0.854594 -2.8624 0.678679 -0.330703 0.762636 
-1.26444 -2.57161 -1.5635 -2.74864 2.38831 -1.3086 0.935871 -2.78 -2.28914 -1.40674 -0.793277 2.48379 0.97551 1.07626 0.828697 -0.306739 -0.438886 2.51673 2.18582 -0.0710989 -0.473376 0.202248 2.80534 -1.56416 -0.748835 -0.848207 -2.87513 0.683159 -0.32007 0.775405 
-1.25037 -2.58059 -1.55209 -2.74363 2.37775 -1.32047 0.932577 -2.76934 -2.2853 -1.40202 -0.787006 2.48991 0.955185 1.06883 0.82803 -0.31144 -0.431673 2.51769 2.1792 -0.0623538 -0.466521 0.18661 2.79941 -1.55449 -0.754526 -0.844547 -2.89081 0.680993 -0.308127 0.783178 
-1.23727 -2.57893 -1.54974 -2.73504 2.3638 -1.33683 0.93616 -2.75593 -2.26767 -1.37878 -0.773678 2.48138 0.948853 1.06369 0.837984 -0.304491 -0.413848 2.51584 2.15793 -0.067901 -0.451853 0.159375 2.78489 -1.54606 -0.756004 -0.839193 -2.89861 0.691391 -0.300623 0.783729 
-1.25059 -2.56426 -1.56022 -2.74458 2.3558 -1.34335 0.935695 -2.72907 -2.26286 -1.35627 -0.785736 2.47946 0.952246 1.05178 0.857668 -0.300889 -0.391612 2.50774 2.11281 -0.084932 -0.449401 0.123344 2.77543 -1.53197 -0.75255 -0.826572 -2.91146 0.707652 -0.298652 0.774759 
-1.25456 -2.56762 -1.56364 -2.73852 2.34045 -1.34687 0.931106 -2.71878 -2.2568 -1.35932 -0.801416 2.47775 0.952164 1.04336 0.858867 -0.291846 -0.384783 2.50227 2.09282 -0.069216 -0.454683 0.0941114 2.77862 -1.51781 -0.765443 -0.809981 -2.93555 0.720798 -0.2949 0.785875 
-1.26573 -2.5479 -1.5759 -2.77261 2.31334 -1.36481 0.927208 -2.70038 -2.25058 -1.36358 -0.85254 2.49329 0.957611 1.06564 0.848091 -0.289457 -0.342904 2.49295 2.08789 -0.0416171 -0.46527 0.0745383 2.76247 -1.50465 -0.786725 -0.810675 -2.97015 0.729205 -0.263974 0.79353 
-1.30382 -2.50842 -1.58074 -2.8234 2.27715 -1.40538 0.929737 -2.66503 -2.25357 -1.35471 -0.931268 2.54649 0.975318 1.1169 0.798652 -0.309214 -0.272149 2.49465 2.09115 -0.0234617 -0.461481 0.0741552 2.74539 -1.50822 -0.829092 -0.838387 -3.02122 0.730699 -0.185134 0.774139 
-1.3798 -2.4288 -1.5708 -2.91652 2.21497 -1.47675 0.932668 -2.59961 -2.27432 -1.33686 -1.06353 2.63738 1.01683 1.21605 0.712988 -0.352206 -0.140528 2.5011 2.10941 -0.0115925 -0.455664 0.0856806 2.71206 -1.53393 -0.894701 -0.89246 -3.09897 0.743477 -0.0432899 0.724984 
-1.38885 -2.42077 -1.567 -2.91499 2.19721 -1.4998 0.939615 -2.60734 -2.27539 -1.32614 -1.10228 2.66562 1.01931 1.23487 0.697465 -0.36062 -0.107103 2.50367 2.10197 0.0111707 -0.451914 0.088345 2.70229 -1.55387 -0.902021 -0.906928 -3.11468 0.732858 -0.0234769 0.716067 
-1.36212 -2.436 -1.5773 -2.88063 2.19457 -1.50693 0.94741 -2.63869 -2.27316 -1.31951 -1.10073 2.66696 1.02111 1.18875 0.715016 -0.337805 -0.12167 2.49746 2.08013 0.0114896 -0.454282 0.0809843 2.69788 -1.57144 -0.865547 -0.887211 -3.12171 0.72739 -0.0593534 0.724909 
-1.32461 -2.43849 -1.59455 -2.85128 2.22191 -1.51621 0.94926 -2.66262 -2.2614 -1.32404 -1.08569 2.63937 1.01434 1.13896 0.740823 -0.296813 -0.125946 2.49248 2.0643 -0.00740918 -0.470704 0.0508357 2.68527 -1.57177 -0.831966 -0.85944 -3.15686 0.731769 -0.0974701 0.752239 
-1.31096 -2.4423 -1.6073 -2.8184 2.252 -1.52793 0.953038 -2.68495 -2.25714 -1.31441 -1.06872 2.6034 0.992233 1.10347 0.741215 -0.263758 -0.15668 2.499 2.05901 -0.0231875 -0.471 0.0123436 2.6791 -1.58643 -0.824038 -0.849719 -3.16332 0.733947 -0.113367 0.772371 
-1.31059 -2.44478 -1.62818 -2.79545 2.2751 -1.53885 0.954946 -2.71202 -2.24814 -1.31072 -1.05705 2.57436 0.978112 1.07234 0.740559 -0.232642 -0.185007 2.50206 2.04682 -0.0441011 -0.479733 -0.0238476 2.69083 -1.60043 -0.816017 -0.839761 -3.16795 0.735668 -0.129368 0.793893 
-1.30121 -2.46483 -1.62123 -2.77018 2.29603 -1.57546 0.962831 -2.73144 -2.25635 -1.29669 -1.06292 2.56562 0.980588 1.03486 0.733286 -0.197043 -0.238945 2.52039 2.02385 -0.0713087 -0.465669 -0.0308553 2.68 -1.63827 -0.793988 -0.832485 -3.16659 0.732082 -0.134704 0.817334 
-1.30559 -2.47485 -1.61807 -2.7606 2.31463 -1.59382 0.96079 -2.74765 -2.26939 -1.28366 -1.03925 2.5613 1.00017 1.00926 0.733107 -0.187477 -0.280515 2.5243 2.00228 -0.0902013 -0.441747 -0.0481052 2.68459 -1.65621 -0.792395 -0.831424 -3.16243 0.732643 -0.134383 0.829267 
-1.33073 -2.47364 -1.63941 -2.76741 2.33721 -1.59176 0.957971 -2.77002 -2.26612 -1.28855 -1.01669 2.55867 0.991903 0.988396 0.724917 -0.171001 -0.299217 2.49412 1.97242 -0.108763 -0.423901 -0.0737426 2.71016 -1.6513 -0.815778 -0.818112 -3.16164 0.72838 -0.152058 0.847203 
-1.33107 -2.46757 -1.63002 -2.78786 2.35154 -1.58944 0.961174 -2.81388 -2.25744 -1.28257 -0.983036 2.56246 1.01273 0.988826 0.737218 -0.157738 -0.296758 2.48164 1.93291 -0.111772 -0.432837 -0.0990225 2.73549 -1.64094 -0.817845 -0.830375 -3.16854 0.740583 -0.160015 0.860455 
-1.31161 -2.45749 -1.60975 -2.83499 2.35295 -1.5828 0.957137 -2.85379 -2.26674 -1.26407 -0.955934 2.57934 1.04628 0.967377 0.75962 -0.136163 -0.308116 2.47114 1.90603 -0.0896946 -0.442524 -0.115912 2.73475 -1.65454 -0.821082 -0.871668 -3.14848 0.752372 -0.171691 0.887633 
-1.29789 -2.45981 -1.58256 -2.85718 2.35839 -1.58649 0.947909 -2.898 -2.27241 -1.24458 -0.916416 2.59608 1.07867 0.949027 0.78346 -0.117144 -0.311904 2.47392 1.87622 -0.0962069 -0.454629 -0.125775 2.74978 -1.66516 -0.813286 -0.89292 -3.09008 0.759886 -0.17998 0.908082 
-1.28547 -2.47189 -1.56197 -2.85722 2.35194 -1.568 0.934781 -2.92273 -2.29376 -1.23079 -0.859054 2.61513 1.10531 0.899865 0.801324 -0.111166 -0.311135 2.47432 1.84615 -0.137783 -0.444283 -0.130258 2.77645 -1.67528 -0.807337 -0.906031 -3.06873 0.742006 -0.195039 0.91881 
-1.23516 -2.48805 -1.56489 -2.88582 2.37026 -1.49467 0.920152 -2.94153 -2.33558 -1.21324 -0.794846 2.66069 1.15031 0.823365 0.855676 -0.101781 -0.252282 2.4516 1.80601 -0.212991 -0.432899 -0.126657 2.79736 -1.71282 -0.797676 -0.909751 -3.07793 0.705025 -0.24361 0.918404 
-1.18256 -2.49277 -1.59413 -2.93548 2.3824 -1.41902 0.911737 -2.93957 -2.3742 -1.19903 -0.727117 2.70314 1.19526 0.747827 0.915514 -0.0720241 -0.181782 2.41585 1.77956 -0.285823 -0.409994 -0.141058 2.81343 -1.75882 -0.777695 -0.902697 -3.09514 0.675996 -0.282654 0.907222 
-1.17841 -2.45011 -1.61334 -2.95019 2.39509 -1.36365 0.888445 -2.91802 -2.38641 -1.18817 -0.721622 2.73536 1.19165 0.695205 0.999321 -0.0627931 -0.123455 2.40419 1.74304 -0.366363 -0.397871 -0.175651 2.81471 -1.78742 -0.828589 -0.909449 -3.07697 0.654236 -0.25452 0.842306 
-1.19839 -2.38097 -1.64927 -2.98681 2.39705 -1.28812 0.848699 -2.88609 -2.40865 -1.18262 -0.765125 2.77457 1.1453 0.656798 1.08653 -0.0823026 -0.0436265 2.39248 1.68322 -0.481593 -0.388733 -0.239624 2.80205 -1.81545 -0.908371 -0.938527 -3.04797 0.614082 -0.195796 0.73656 
-1.20043 -2.33439 -1.65167 -2.99618 2.39199 -1.22145 0.836608 -2.88459 -2.39233 -1.15205 -0.80258 2.72863 1.10063 0.620326 1.11711 -0.0820905 -0.0281972 2.4162 1.63743 -0.518806 -0.410918 -0.234867 2.80132 -1.82438 -0.977818 -0.888361 -3.01232 0.641847 -0.167623 0.701277 
-1.20985 -2.28232 -1.66379 -3.01468 2.38973 -1.18298 0.834231 -2.88534 -2.39963 -1.13434 -0.827703 2.6686 1.05701 0.589953 1.1376 -0.0760867 -0.0514934 2.44849 1.60836 -0.530216 -0.427015 -0.200798 2.81927 -1.83663 -1.06397 -0.834893 -2.99431 0.685082 -0.169705 0.715048 
-1.22272 -2.23014 -1.69463 -3.04863 2.38403 -1.15807 0.824111 -2.8872 -2.41261 -1.11923 -0.841564 2.61337 1.01591 0.554012 1.18105 -0.0704359 -0.0786245 2.47087 1.60136 -0.55994 -0.433957 -0.159254 2.85609 -1.83562 -1.13747 -0.795127 -2.97746 0.713422 -0.179817 0.735591 
