Mean 0 Mean 1 Mean 2 Mean 3 Mean 4 Mean 5 Mean 6 Mean 7 Mean 8 Mean 9 Mean 10 Mean 11 Mean 12 Mean 13 Mean 14 Mean 15 Mean 16 Mean 17 Mean 18 Mean 19 Mean 20 Mean 21 Mean 22 Mean 23 Mean 24 Mean 25 Mean 26 Mean 27 Mean 28 Mean 29 
1.17454 1.19805 -1.04686 -1.7954 1.05265 0.872169 0.845755 1.14243 0.869551 -2.30898 1.2806 0.949952 0.81974 -1.30717 -1.41447 2.40453 2.30251 -0.251391 0.0279707 0.39804 0.546849 -1.98179 2.69234 0.702098 2.73867 -2.14622 -2.38701 -2.12948 -0.120736 -0.333173 
1.18466 1.20686 -1.08895 -1.78798 1.04025 0.907025 0.860795 1.13224 0.869831 -2.30372 1.29117 0.938232 0.818758 -1.34433 -1.40864 2.39597 2.67845 -0.23976 0.0278052 0.387892 0.520831 -1.97459 2.70163 0.693986 2.73875 -2.64443 -2.37536 -2.11718 -0.107436 -0.347904 
1.19115 1.19212 -1.08307 -1.79271 1.04195 0.91138 0.864193 1.11881 0.86145 -2.31966 1.29416 0.935135 0.842456 -1.3482 -1.40359 2.40597 2.80223 -0.252814 0.0256573 0.382657 0.520232 -1.95332 2.70456 0.694065 2.74337 -2.80759 -2.37642 -2.12882 -0.109419 -0.353416 
1.19769 1.18292 -1.07497 -1.81101 1.04684 0.91735 0.870043 1.11512 0.85533 -2.33259 1.3016 0.939464 0.850379 -1.33172 -1.39744 2.40486 2.85711 -0.260501 0.0370034 0.36774 0.515235 -1.94188 2.70014 0.701273 2.73397 -2.88653 -2.38067 -2.14241 -0.112145 -0.360889 
1.18545 1.16404 -1.07063 -1.82909 1.05079 0.93885 0.868173 1.09907 0.848501 -2.32691 1.29015 0.930402 0.853701 -1.32715 -1.41925 2.42808 2.90976 -0.271159 0.0399216 0.368298 0.490212 -1.93066 2.69786 0.720009 2.71708 -2.91877 -2.39541 -2.14304 -0.119694 -0.352024 
1.19099 1.20167 -0.992885 -1.9019 1.09794 0.88647 0.889109 1.11387 0.837266 -2.31765 1.26626 0.929496 0.817264 -1.2862 -1.44036 2.40574 2.88564 -0.300205 0.0712142 0.343671 0.474015 -1.95199 2.66075 0.792769 2.73614 -2.96198 -2.4125 -2.14455 -0.0950642 -0.388456 
1.20142 1.23469 -0.945183 -1.95315 1.12968 0.844342 0.900139 1.13008 0.830289 -2.31106 1.2507 0.915808 0.784784 -1.25275 -1.46236 2.39633 2.87304 -0.314105 0.0984465 0.331436 0.455562 -1.98429 2.62383 0.848529 2.74633 -2.99587 -2.41429 -2.13982 -0.0737063 -0.426671 
1.21665 1.23644 -0.963269 -1.95117 1.11978 0.845264 0.891336 1.14788 0.822025 -2.32385 1.26319 0.882133 0.781118 -1.24769 -1.49592 2.41908 2.90226 -0.326913 0.106077 0.335544 0.453671 -2.00626 2.60309 0.830119 2.72866 -2.99262 -2.35632 -2.13113 -0.0629689 -0.440374 
1.23015 1.24504 -0.991386 -1.94086 1.11141 0.85187 0.878738 1.15453 0.814391 -2.33572 1.28636 0.848357 0.779161 -1.23963 -1.54185 2.44169 2.92261 -0.349793 0.115772 0.336333 0.457567 -2.01593 2.58508 0.808757 2.71468 -2.97928 -2.28861 -2.12787 -0.0496013 -0.46841 
1.20549 1.23558 -1.00244 -1.93976 1.09943 0.847472 0.819828 1.15154 0.784129 -2.33652 1.31587 0.822234 0.768453 -1.23705 -1.54177 2.45454 2.9296 -0.342804 0.0859962 0.333792 0.464657 -2.02534 2.57537 0.793109 2.73873 -3.00894 -2.26913 -2.10495 -0.0106171 -0.448605 
1.17352 1.206 -1.01015 -1.93877 1.06663 0.837056 0.729115 1.15123 0.742178 -2.3415 1.3618 0.783656 0.741647 -1.23863 -1.53651 2.45477 2.93299 -0.318437 0.0431688 0.332318 0.477163 -2.03842 2.56613 0.753182 2.77642 -3.0493 -2.22737 -2.06354 0.0555501 -0.400518 
1.17049 1.17521 -1.0141 -1.934 1.0529 0.850776 0.742736 1.14412 0.710014 -2.31349 1.38892 0.796473 0.740656 -1.24365 -1.51345 2.4645 2.90268 -0.322443 0.00283483 0.340456 0.478703 -2.01186 2.56853 0.721763 2.78669 -3.07265 -2.23635 -2.05737 0.0503546 -0.397863 
1.17706 1.1556 -1.03573 -1.9349 1.05505 0.858232 0.774999 1.12718 0.677723 -2.29605 1.42946 0.807994 0.731911 -1.25143 -1.50478 2.47556 2.88599 -0.316255 -0.0242816 0.353663 0.512264 -1.9836 2.57099 0.675462 2.78746 -3.11187 -2.26961 -2.06509 0.0502808 -0.411921 
1.18031 1.13852 -1.04318 -1.92978 1.05324 0.86651 0.794963 1.11958 0.660893 -2.27629 1.45874 0.820076 0.731093 -1.26232 -1.50237 2.48084 2.86526 -0.315101 -0.0373961 0.35461 0.529098 -1.97348 2.57167 0.642228 2.78709 -3.13485 -2.30184 -2.05992 0.0431039 -0.424721 
1.18134 1.12821 -1.0481 -1.91233 1.03622 0.865332 0.799917 1.09494 0.660706 -2.23292 1.4928 0.800387 0.741138 -1.26815 -1.49526 2.46728 2.83897 -0.302517 -0.0199021 0.371204 0.544368 -2.0011 2.56246 0.645723 2.78932 -3.12837 -2.31912 -2.06205 0.0475782 -0.409349 
1.19269 1.117 -1.05441 -1.88198 1.01131 0.867688 0.78282 1.06385 0.677791 -2.18963 1.53205 0.743793 0.733152 -1.29205 -1.47973 2.43995 2.82738 -0.27298 0.0341965 0.410006 0.551871 -2.06777 2.54518 0.677939 2.78921 -3.08635 -2.30959 -2.06973 0.0752668 -0.371562 
1.18123 1.12205 -1.11189 -1.8287 0.985583 0.859692 0.760141 0.950872 0.694959 -2.13515 1.56265 0.658629 0.749923 -1.27321 -1.45767 2.38814 2.79224 -0.206042 0.1061 0.456685 0.563165 -2.13623 2.50793 0.717584 2.82645 -3.05119 -2.30156 -2.05358 0.123126 -0.312325 
1.14538 1.14339 -1.12133 -1.84167 1.01052 0.836649 0.776756 0.958699 0.704431 -2.10715 1.55825 0.669831 0.756352 -1.2743 -1.40609 2.39344 2.83116 -0.207235 0.0490665 0.412416 0.559999 -2.14443 2.50971 0.730124 2.813 -3.07607 -2.34052 -2.03351 0.12783 -0.339929 
1.10452 1.17692 -1.13355 -1.84491 1.01245 0.834443 0.794683 0.972757 0.714294 -2.06085 1.53877 0.677765 0.775555 -1.27387 -1.35626 2.40575 2.85971 -0.217312 -0.0229911 0.359808 0.577232 -2.18429 2.50407 0.747048 2.81009 -3.07931 -2.36427 -2.01822 0.118309 -0.371131 
1.06235 1.20395 -1.17735 -1.66916 0.911157 0.812425 0.860471 0.993198 0.765803 -2.0028 1.41106 0.632031 0.824155 -1.327 -1.35645 2.52996 2.81019 -0.201975 -0.0934396 0.371274 0.6351 -2.28241 2.52068 0.754966 2.88374 -3.00068 -2.36333 -1.94909 0.110529 -0.294597 
1.02179 1.22411 -1.22785 -1.50594 0.83227 0.810587 0.901754 1.01708 0.793431 -1.96201 1.29604 0.588776 0.883655 -1.38608 -1.36018 2.63873 2.75651 -0.198116 -0.144084 0.392302 0.708104 -2.36971 2.53593 0.760146 2.94739 -2.92332 -2.3641 -1.89215 0.0974519 -0.222536 
1.00863 1.2368 -1.24548 -1.43043 0.800178 0.79181 0.919877 1.01243 0.815031 -1.95274 1.24189 0.581895 0.914541 -1.39368 -1.36328 2.69646 2.73546 -0.207212 -0.175491 0.407387 0.72138 -2.39364 2.54115 0.762958 2.977 -2.88959 -2.38418 -1.8679 0.099352 -0.184085 
1.00202 1.24917 -1.25707 -1.388 0.785105 0.776101 0.933229 0.997754 0.843362 -1.9523 1.19886 0.581475 0.956688 -1.38106 -1.37538 2.75284 2.69941 -0.224431 -0.197266 0.418351 0.722004 -2.40383 2.55058 0.765788 3.008 -2.86478 -2.40063 -1.84503 0.106003 -0.155103 
0.990167 1.27299 -1.28931 -1.28162 0.731491 0.767106 0.979892 0.99825 0.878454 -1.92074 1.12768 0.552527 1.00007 -1.39224 -1.37978 2.84103 2.6264 -0.257538 -0.231747 0.441696 0.752377 -2.4636 2.5511 0.776821 3.08519 -2.82066 -2.423 -1.80762 0.0984736 -0.105487 
1.01789 1.26614 -1.28509 -1.27483 0.751616 0.762278 0.991179 0.992052 0.885081 -1.98414 1.10569 0.565764 1.06542 -1.35077 -1.39917 2.89946 2.62629 -0.28447 -0.232122 0.445616 0.70964 -2.43386 2.60186 0.800452 3.09106 -2.83118 -2.46258 -1.81129 0.133161 -0.0775466 
1.02418 1.24165 -1.28314 -1.29145 0.793489 0.734704 0.971062 0.96228 0.898447 -2.00289 1.1108 0.583607 1.08555 -1.32564 -1.39291 2.92102 2.62984 -0.285965 -0.234721 0.444156 0.662068 -2.40389 2.62146 0.803107 3.109 -2.8352 -2.50294 -1.79371 0.157188 -0.0489749 
0.95141 1.20793 -1.26791 -1.23048 0.813404 0.734147 0.977674 0.844583 0.887302 -1.8933 1.27173 0.496468 1.01773 -1.24151 -1.41446 2.85633 2.572 -0.233917 -0.203126 0.493449 0.603046 -2.40958 2.60691 0.841357 3.19655 -2.79102 -2.49233 -1.73107 0.220464 0.0371221 
0.909482 1.19081 -1.25164 -1.20288 0.848401 0.726107 0.971718 0.759155 0.887588 -1.823 1.42682 0.459277 0.968979 -1.18552 -1.42343 2.8213 2.54146 -0.195692 -0.18918 0.514075 0.537439 -2.40386 2.60872 0.861524 3.2498 -2.75475 -2.4928 -1.67968 0.255255 0.0939671 
0.905928 1.20061 -1.24624 -1.23388 0.906798 0.718663 0.948577 0.710939 0.909858 -1.82541 1.5074 0.48058 0.953383 -1.16555 -1.41608 2.81327 2.5372 -0.182772 -0.167386 0.498812 0.495192 -2.37071 2.61683 0.849375 3.21374 -2.70433 -2.49427 -1.65079 0.239287 0.0915243 
0.928461 1.21429 -1.23166 -1.26558 0.963404 0.712542 0.916685 0.662837 0.927219 -1.8273 1.52083 0.510805 0.954736 -1.1409 -1.40218 2.81375 2.52786 -0.172644 -0.154535 0.475371 0.447763 -2.33844 2.62009 0.830441 3.19011 -2.66428 -2.48196 -1.61899 0.221377 0.0700705 
0.93722 1.2178 -1.21347 -1.31544 0.995782 0.700523 0.880443 0.643934 0.919789 -1.83415 1.52178 0.526953 0.959513 -1.12839 -1.40699 2.80733 2.52258 -0.163997 -0.167665 0.463851 0.438888 -2.29996 2.62804 0.793797 3.14556 -2.64031 -2.4671 -1.61618 0.207436 0.0379052 
0.936893 1.20989 -1.1961 -1.3896 1.01207 0.680683 0.838806 0.658827 0.907025 -1.86513 1.50557 0.561093 0.930409 -1.13817 -1.39018 2.80973 2.53846 -0.183234 -0.176997 0.455266 0.444194 -2.29452 2.63667 0.773828 3.09049 -2.67442 -2.44458 -1.64576 0.190793 0.00124164 
0.933184 1.23108 -1.18869 -1.46441 1.02353 0.662249 0.813947 0.681374 0.901088 -1.88627 1.47542 0.605683 0.891089 -1.14213 -1.35875 2.81973 2.55113 -0.197118 -0.157229 0.439117 0.46926 -2.29459 2.64851 0.754374 3.03298 -2.72621 -2.43659 -1.67694 0.171952 -0.0407305 
0.931785 1.26838 -1.19881 -1.52691 1.06126 0.64361 0.776248 0.67593 0.888066 -1.88848 1.45802 0.636044 0.906765 -1.15025 -1.33768 2.82217 2.56245 -0.185182 -0.12437 0.4234 0.493618 -2.25685 2.69682 0.717187 2.95331 -2.7325 -2.41025 -1.67085 0.121967 -0.101928 
0.920209 1.3136 -1.20564 -1.60216 1.0727 0.628996 0.764424 0.70781 0.873744 -1.89833 1.43707 0.66581 0.889706 -1.17827 -1.31793 2.83299 2.5671 -0.202913 -0.116756 0.402066 0.5181 -2.24948 2.727 0.710476 2.87366 -2.76042 -2.39247 -1.6929 0.0738705 -0.123551 
0.900684 1.3272 -1.20913 -1.63558 1.06838 0.639094 0.742725 0.710196 0.829678 -1.8981 1.44973 0.684978 0.85654 -1.20392 -1.29051 2.80144 2.563 -0.214765 -0.116688 0.359005 0.528014 -2.21878 2.75134 0.707732 2.80797 -2.78656 -2.40337 -1.6999 0.0421524 -0.152107 
0.890525 1.29114 -1.23175 -1.62342 1.03406 0.654917 0.73005 0.681079 0.77484 -1.89889 1.51532 0.694396 0.822359 -1.20865 -1.21719 2.72442 2.54396 -0.257641 -0.0841518 0.281917 0.541984 -2.17762 2.77684 0.717758 2.76208 -2.83464 -2.41904 -1.71409 0.036979 -0.182252 
0.886536 1.26517 -1.25027 -1.652 1.00589 0.658967 0.680847 0.658681 0.716654 -1.91265 1.53402 0.742061 0.828666 -1.1786 -1.17518 2.72063 2.55968 -0.298811 -0.0193755 0.255654 0.532691 -2.15316 2.79311 0.700754 2.74554 -2.88911 -2.40644 -1.74234 0.0614488 -0.226276 
0.878428 1.25501 -1.25891 -1.68435 0.987862 0.663888 0.630776 0.640657 0.668536 -1.9188 1.53225 0.793947 0.833402 -1.14904 -1.14269 2.72601 2.58555 -0.304959 0.0473135 0.2661 0.507205 -2.13337 2.80404 0.667639 2.74995 -2.93885 -2.39213 -1.77014 0.10309 -0.271889 
0.874189 1.27626 -1.24661 -1.72332 0.989457 0.668698 0.593726 0.634852 0.63688 -1.9154 1.53536 0.82451 0.829417 -1.14471 -1.12895 2.7118 2.60587 -0.28931 0.0796688 0.263308 0.498616 -2.11399 2.83834 0.662556 2.74065 -2.93861 -2.39158 -1.78223 0.110947 -0.297709 
