Mean 0 Mean 1 Mean 2 Mean 3 Mean 4 Mean 5 Mean 6 Mean 7 Mean 8 Mean 9 Mean 10 Mean 11 Mean 12 Mean 13 Mean 14 Mean 15 Mean 16 Mean 17 Mean 18 Mean 19 Mean 20 Mean 21 Mean 22 Mean 23 Mean 24 Mean 25 Mean 26 Mean 27 Mean 28 Mean 29 
1.0843 -2.22494 -0.611744 -2.36064 1.96798 -1.61538 0.97405 -2.41778 -1.40751 -1.47993 2.37764 2.88197 -1.09601 0.872222 -2.5982 1.4494 0.0134066 -0.781137 1.06933 -0.111548 -0.180374 -2.84199 2.8793 0.213218 2.38534 0.432216 -2.46254 2.23163 -1.80306 0.162372 
1.09689 -2.19946 -0.606976 -2.35442 1.97897 -1.62103 1.00173 -2.39895 -1.38677 -1.4799 2.36593 2.85809 -1.10499 0.8793 -2.60226 2.24205 0.0206319 -0.798821 1.06086 -0.116124 -0.868923 -2.85456 2.85995 0.226453 2.38786 0.453492 -2.46456 2.23079 -2.46203 0.163564 
1.09802 -2.20106 -0.612592 -2.36266 1.98092 -1.62252 1.00089 -2.38632 -1.38174 -1.46843 2.37448 2.84677 -1.10228 0.882584 -2.59865 2.5161 0.0134266 -0.789304 1.06607 -0.108257 -1.7294 -2.85615 2.85841 0.221637 2.38762 0.448785 -2.48116 2.22678 -2.67152 0.158511 
1.1018 -2.20638 -0.609036 -2.36306 1.98518 -1.62393 0.997294 -2.38048 -1.37615 -1.46647 2.3748 2.83923 -1.09821 0.888485 -2.59998 2.64981 0.00923025 -0.786911 1.06122 -0.106327 -2.16779 -2.8574 2.85423 0.224315 2.38493 0.440868 -2.49015 2.22678 -2.7745 0.158606 
1.09289 -2.19209 -0.594445 -2.37404 1.98088 -1.60634 0.986326 -2.37841 -1.3816 -1.47273 2.38417 2.82068 -1.0902 0.904059 -2.6053 2.75114 0.0180572 -0.804065 1.0597 -0.107031 -2.41488 -2.84749 2.86472 0.226874 2.37997 0.45371 -2.51905 2.22642 -2.83574 0.170795 
1.08482 -2.19514 -0.580499 -2.38778 1.98878 -1.60678 0.98039 -2.39071 -1.39438 -1.47764 2.37825 2.81256 -1.09402 0.909277 -2.61214 2.81296 0.0231985 -0.806005 1.05094 -0.110748 -2.58002 -2.84125 2.86473 0.2436 2.37835 0.453137 -2.53195 2.21892 -2.87413 0.181704 
1.07326 -2.19782 -0.56786 -2.39711 1.98608 -1.61479 0.973887 -2.39558 -1.4142 -1.47089 2.37841 2.80189 -1.09585 0.912189 -2.62138 2.85863 0.0239858 -0.802329 1.03335 -0.111803 -2.69043 -2.84397 2.86355 0.254816 2.37071 0.438732 -2.5312 2.21464 -2.89319 0.192085 
1.06725 -2.19637 -0.551859 -2.40613 1.98256 -1.61782 0.96859 -2.39927 -1.43878 -1.46306 2.3776 2.7894 -1.0965 0.924487 -2.62562 2.91092 0.0195598 -0.802147 1.02034 -0.119932 -2.76236 -2.84228 2.85906 0.26373 2.36984 0.419298 -2.53392 2.2142 -2.90835 0.195837 
1.05692 -2.19341 -0.541696 -2.40926 1.97746 -1.62034 0.952606 -2.40524 -1.46241 -1.45792 2.37945 2.77585 -1.10291 0.931889 -2.62896 2.96188 0.0121846 -0.803035 1.01858 -0.122197 -2.82012 -2.84251 2.8511 0.269173 2.36281 0.401958 -2.52784 2.21449 -2.9151 0.196259 
1.04873 -2.1938 -0.530219 -2.4128 1.98053 -1.62075 0.940221 -2.40943 -1.48033 -1.44418 2.38619 2.76443 -1.10787 0.943347 -2.63982 3.00584 0.00410632 -0.80621 1.01594 -0.13058 -2.86773 -2.83894 2.84936 0.273644 2.35533 0.38959 -2.52481 2.21585 -2.91876 0.192495 
1.04022 -2.20244 -0.525631 -2.41831 1.97458 -1.62834 0.927076 -2.42308 -1.5069 -1.43358 2.39403 2.76263 -1.1131 0.951711 -2.65491 3.02991 -0.00301489 -0.811639 1.00783 -0.130383 -2.91055 -2.83788 2.85103 0.269266 2.34578 0.368521 -2.52061 2.21501 -2.91285 0.188849 
1.03513 -2.20628 -0.529909 -2.41875 1.96649 -1.62644 0.910353 -2.42903 -1.52185 -1.43289 2.40789 2.76009 -1.11629 0.95312 -2.6713 3.03755 -0.0034506 -0.813476 0.993142 -0.140617 -2.95142 -2.84042 2.8443 0.258602 2.34519 0.348038 -2.50429 2.21644 -2.90496 0.184459 
1.03769 -2.1908 -0.529687 -2.41705 1.96096 -1.64182 0.909123 -2.42894 -1.52548 -1.42087 2.416 2.74893 -1.12 0.957985 -2.67732 3.04657 0.0118348 -0.81318 0.973698 -0.151407 -2.98636 -2.84258 2.8376 0.264814 2.34745 0.325268 -2.51048 2.21346 -2.9016 0.181894 
1.03759 -2.18448 -0.528198 -2.42285 1.95368 -1.65276 0.901971 -2.42237 -1.52289 -1.40803 2.41688 2.7487 -1.13572 0.963613 -2.67566 3.05304 0.0247825 -0.813318 0.947401 -0.15099 -3.01232 -2.84865 2.82951 0.268414 2.33985 0.295477 -2.51661 2.20631 -2.88477 0.184453 
1.02949 -2.17811 -0.534595 -2.42475 1.93222 -1.67589 0.898965 -2.42469 -1.5146 -1.40092 2.40748 2.75107 -1.15252 0.958569 -2.66054 3.06161 0.030609 -0.816823 0.918662 -0.137312 -3.02479 -2.86293 2.82038 0.271552 2.3215 0.270099 -2.50769 2.204 -2.86508 0.178823 
1.01668 -2.17499 -0.541108 -2.4305 1.90504 -1.6957 0.894008 -2.41511 -1.50999 -1.39427 2.40025 2.75004 -1.16683 0.962568 -2.65257 3.0712 0.0355303 -0.811075 0.885778 -0.127107 -3.03838 -2.87179 2.81997 0.273337 2.31314 0.244941 -2.49899 2.19416 -2.83655 0.167959 
1.01444 -2.17827 -0.551849 -2.42883 1.88539 -1.71745 0.881649 -2.40103 -1.4953 -1.38766 2.39882 2.74534 -1.17237 0.952789 -2.65027 3.0831 0.0274357 -0.805045 0.853859 -0.121055 -3.05487 -2.87303 2.8168 0.270953 2.30864 0.220766 -2.49814 2.18192 -2.81554 0.154127 
1.00987 -2.18336 -0.571665 -2.43742 1.85871 -1.73531 0.860867 -2.37328 -1.4692 -1.36386 2.39323 2.74428 -1.16369 0.938915 -2.65139 3.07377 0.0188595 -0.796328 0.825293 -0.101813 -3.08257 -2.88521 2.80853 0.263122 2.30823 0.195826 -2.49278 2.17956 -2.78811 0.139029 
1.00655 -2.20248 -0.585772 -2.42586 1.83102 -1.76147 0.830853 -2.3569 -1.43379 -1.34274 2.39595 2.75471 -1.14789 0.922854 -2.67006 3.05574 -0.0100973 -0.783041 0.810776 -0.0840845 -3.10115 -2.89342 2.81482 0.254972 2.29106 0.184736 -2.49312 2.18118 -2.75403 0.121354 
1.00093 -2.21945 -0.594065 -2.42061 1.81861 -1.78746 0.806039 -2.34938 -1.41603 -1.32355 2.38577 2.77954 -1.12872 0.933589 -2.69381 3.03574 -0.0399692 -0.765316 0.802308 -0.0817034 -3.11258 -2.88968 2.81664 0.248961 2.27355 0.169345 -2.49608 2.1741 -2.71208 0.09969 
1.00844 -2.2305 -0.606749 -2.4031 1.81402 -1.83158 0.787231 -2.34234 -1.39649 -1.30215 2.37993 2.79517 -1.11539 0.940856 -2.72196 3.02359 -0.0706809 -0.753041 0.787896 -0.0758938 -3.12401 -2.88952 2.82041 0.234277 2.26486 0.173276 -2.49254 2.16185 -2.66002 0.0752985 
1.01036 -2.2454 -0.631731 -2.37655 1.8236 -1.884 0.773748 -2.32801 -1.36812 -1.28053 2.39471 2.79847 -1.09247 0.940697 -2.748 3.0007 -0.097397 -0.740977 0.773676 -0.0726999 -3.14078 -2.8777 2.82366 0.219459 2.27503 0.192159 -2.50624 2.15301 -2.61147 0.0353528 
1.00733 -2.2883 -0.672119 -2.37222 1.82625 -1.93493 0.747793 -2.306 -1.3603 -1.26471 2.43731 2.77823 -1.06835 0.925558 -2.75889 2.96656 -0.140374 -0.730264 0.741672 -0.113494 -3.16508 -2.86854 2.82054 0.208971 2.3039 0.232941 -2.50169 2.14296 -2.54429 -0.00126414 
0.99401 -2.30126 -0.680326 -2.36579 1.83653 -1.95336 0.74449 -2.31401 -1.37651 -1.26159 2.45662 2.76015 -1.06409 0.921664 -2.76789 2.96473 -0.129869 -0.723886 0.742897 -0.151984 -3.15766 -2.87894 2.82739 0.193742 2.29482 0.25022 -2.50422 2.15716 -2.51797 0.0115462 
0.992353 -2.30079 -0.708482 -2.36939 1.86603 -1.97796 0.760726 -2.32658 -1.37457 -1.24579 2.47141 2.74419 -1.06146 0.915082 -2.78167 2.96856 -0.102961 -0.718019 0.743101 -0.190281 -3.16293 -2.88078 2.84244 0.179157 2.28146 0.26037 -2.53418 2.17584 -2.51348 0.0410564 
0.995792 -2.30296 -0.741915 -2.36764 1.90032 -1.99593 0.776007 -2.34852 -1.35943 -1.23845 2.5023 2.7205 -1.04894 0.900673 -2.79374 2.97644 -0.0875191 -0.724177 0.739037 -0.210361 -3.18175 -2.88037 2.86631 0.172359 2.27162 0.277089 -2.56135 2.19258 -2.52524 0.0725949 
0.944627 -2.27814 -0.767856 -2.36765 1.92791 -1.99207 0.792623 -2.35375 -1.36311 -1.24703 2.55558 2.68654 -1.05913 0.899131 -2.79043 2.97929 -0.0484167 -0.75179 0.72145 -0.228063 -3.20799 -2.91677 2.91324 0.164077 2.26903 0.311469 -2.6046 2.2274 -2.52037 0.103289 
0.917176 -2.265 -0.7884 -2.3583 1.95232 -2.00341 0.816126 -2.35739 -1.36162 -1.24592 2.62756 2.66142 -1.05796 0.900882 -2.78778 2.99029 -0.0322913 -0.773208 0.718491 -0.24476 -3.21756 -2.93185 2.94407 0.140174 2.27784 0.335282 -2.63899 2.2514 -2.5111 0.141053 
0.894059 -2.24345 -0.82173 -2.33497 1.97195 -2.02004 0.847272 -2.35947 -1.36239 -1.24589 2.70757 2.66012 -1.0658 0.872959 -2.78772 3.00329 -0.00544627 -0.802909 0.730073 -0.24988 -3.22108 -2.93724 2.97409 0.109126 2.25306 0.320871 -2.67608 2.28424 -2.49067 0.156515 
0.901444 -2.24953 -0.864276 -2.30931 2.02516 -2.05529 0.879377 -2.38589 -1.36341 -1.23506 2.77468 2.64878 -1.06744 0.846124 -2.83955 3.04871 0.0160559 -0.800078 0.729744 -0.278449 -3.24143 -2.92285 2.98611 0.0815283 2.21163 0.27427 -2.69496 2.31174 -2.49565 0.145721 
0.892762 -2.24625 -0.891859 -2.2901 2.03464 -2.06319 0.8978 -2.38917 -1.37868 -1.23691 2.8257 2.65386 -1.07786 0.810952 -2.85314 3.07147 0.0440584 -0.802353 0.749862 -0.298723 -3.25225 -2.9346 3.00046 0.0615867 2.15559 0.216462 -2.69892 2.32048 -2.49493 0.136785 
0.859493 -2.23702 -0.908152 -2.28117 2.03164 -2.04274 0.909019 -2.38292 -1.40403 -1.2497 2.87973 2.65762 -1.08445 0.790134 -2.85431 3.08046 0.0621555 -0.794277 0.783253 -0.307637 -3.23785 -2.94816 3.0145 0.0466852 2.10848 0.145017 -2.69218 2.3425 -2.48356 0.142856 
0.832033 -2.20584 -0.907435 -2.28053 2.04029 -2.01813 0.910302 -2.38745 -1.42469 -1.25663 2.93658 2.65759 -1.10021 0.768955 -2.85753 3.08713 0.0883909 -0.797864 0.793436 -0.32029 -3.2268 -2.95417 3.01931 0.0290584 2.05979 0.0781525 -2.69432 2.37327 -2.47084 0.15141 
0.812196 -2.18756 -0.911305 -2.28036 2.06641 -2.01255 0.90285 -2.40173 -1.45201 -1.26254 3.00184 2.65463 -1.1232 0.745202 -2.87107 3.10091 0.106844 -0.807329 0.801399 -0.326885 -3.21624 -2.94723 3.02384 0.0123545 2.01028 0.0230966 -2.69851 2.40852 -2.46328 0.161363 
0.80345 -2.19868 -0.910708 -2.27075 2.07495 -2.02164 0.89023 -2.41371 -1.46983 -1.27273 3.06507 2.65347 -1.12175 0.714 -2.87401 3.14751 0.108832 -0.820448 0.834358 -0.318424 -3.22486 -2.93555 3.04975 0.0183934 1.96576 -0.0231024 -2.69182 2.43681 -2.48147 0.190355 
0.778994 -2.30624 -0.888598 -2.26627 2.00082 -2.02706 0.882065 -2.38826 -1.52794 -1.31757 3.11982 2.66083 -1.16827 0.583931 -2.83661 3.17244 0.123261 -0.846197 0.936143 -0.316453 -3.27374 -2.96602 3.09341 0.0868856 1.91353 -0.0449726 -2.61863 2.39209 -2.4933 0.260427 
0.768046 -2.35489 -0.875983 -2.2656 1.93505 -2.01567 0.874089 -2.38428 -1.5665 -1.35119 3.17715 2.66715 -1.22903 0.497878 -2.75127 3.20418 0.143679 -0.860209 1.00315 -0.302395 -3.27286 -2.94623 3.13372 0.102694 1.86345 -0.0482618 -2.60262 2.38995 -2.52904 0.340889 
0.726522 -2.3569 -0.861069 -2.26156 1.89065 -1.98234 0.857523 -2.38812 -1.6247 -1.37689 3.22764 2.67771 -1.29066 0.46668 -2.65816 3.21439 0.167466 -0.859421 1.04528 -0.297097 -3.27196 -2.90868 3.16496 0.0968013 1.81899 0.00813795 -2.61412 2.40741 -2.54463 0.430017 
0.64788 -2.25894 -0.839777 -2.26526 1.84711 -1.94219 0.865725 -2.39222 -1.6369 -1.40049 3.25491 2.69741 -1.36984 0.409987 -2.5853 3.232 0.201594 -0.861297 1.08057 -0.2844 -3.23871 -2.896 3.17523 0.0916524 1.76456 0.0674163 -2.59989 2.40763 -2.58092 0.499904 
0.580752 -2.11121 -0.823301 -2.29504 1.77138 -1.90054 0.867035 -2.37493 -1.67998 -1.44083 3.24284 2.70498 -1.44614 0.362599 -2.52407 3.25022 0.222594 -0.841266 1.1258 -0.270618 -3.22842 -2.87476 3.21046 0.116924 1.70973 0.103789 -2.59256 2.37804 -2.63983 0.559999 
