Mean 0 Mean 1 Mean 2 Mean 3 Mean 4 Mean 5 Mean 6 Mean 7 Mean 8 Mean 9 Mean 10 Mean 11 Mean 12 Mean 13 Mean 14 Mean 15 Mean 16 Mean 17 Mean 18 Mean 19 Mean 20 Mean 21 Mean 22 Mean 23 Mean 24 Mean 25 Mean 26 Mean 27 Mean 28 Mean 29 
-2.64447 -1.20594 -2.55166 -1.56184 1.36945 -2.39358 0.952595 0.905916 -2.69713 -2.63593 -0.84387 1.76837 1.02515 0.948505 -2.34254 -0.812169 2.07677 0.293575 -0.581831 -0.493158 2.60552 0.351345 0.21995 2.47514 2.93723 2.23205 0.0411276 -0.281955 1.8643 -0.373451 
-2.6502 -1.21803 -2.54783 -1.5556 1.37641 -2.39578 0.94639 0.902539 -2.70825 -2.63937 -0.837684 1.76478 1.02683 0.936173 -2.33792 -0.80654 2.07459 0.284757 -0.58665 -0.487083 2.6049 0.360012 0.227286 2.47895 2.93355 2.2308 0.0453974 -0.271164 2.49292 -0.376254 
-2.65256 -1.22944 -2.54213 -1.54987 1.38516 -2.397 0.938023 0.901799 -2.70721 -2.63358 -0.82198 1.75635 1.02393 0.935915 -2.33624 -0.801726 2.06894 0.277397 -0.592602 -0.483967 2.60867 0.370963 0.224247 2.4803 2.93599 2.22559 0.0456846 -0.263494 2.70498 -0.382062 
-2.65376 -1.24107 -2.53182 -1.54861 1.39748 -2.39619 0.933396 0.901207 -2.70564 -2.63206 -0.814365 1.75031 1.02865 0.934428 -2.33629 -0.796325 2.05986 0.268063 -0.601064 -0.477336 2.60512 0.379521 0.223735 2.48339 2.93698 2.22026 0.0394411 -0.260292 2.8188 -0.38378 
-2.65468 -1.25252 -2.52519 -1.54048 1.40929 -2.3945 0.930876 0.905754 -2.70651 -2.63179 -0.797196 1.74493 1.03619 0.938538 -2.33832 -0.790783 2.04938 0.262697 -0.615752 -0.474766 2.60479 0.380831 0.221978 2.48389 2.9379 2.20944 0.0343184 -0.256451 2.89255 -0.38379 
-2.65797 -1.25745 -2.51563 -1.54106 1.41456 -2.3913 0.932004 0.906554 -2.71075 -2.63177 -0.778207 1.7348 1.03819 0.942335 -2.33937 -0.780799 2.0414 0.260561 -0.624389 -0.473534 2.60623 0.378891 0.22411 2.482 2.94221 2.20385 0.0244704 -0.251306 2.93731 -0.38214 
-2.65762 -1.26165 -2.50646 -1.54117 1.42183 -2.38283 0.930655 0.908092 -2.7144 -2.62958 -0.762821 1.72603 1.03915 0.946999 -2.34097 -0.769177 2.03398 0.253037 -0.632704 -0.480872 2.61118 0.379292 0.223761 2.47919 2.94611 2.19943 0.0183785 -0.24705 2.9687 -0.378465 
-2.65165 -1.26213 -2.49961 -1.54751 1.43234 -2.37313 0.932765 0.907658 -2.71424 -2.62277 -0.747215 1.71619 1.03964 0.954608 -2.33829 -0.756692 2.0246 0.245644 -0.640711 -0.492216 2.61925 0.377176 0.219704 2.47453 2.95226 2.19459 0.010958 -0.244214 2.99125 -0.369877 
-2.64174 -1.25819 -2.49817 -1.56312 1.43691 -2.36887 0.931567 0.907704 -2.71121 -2.60918 -0.729825 1.70824 1.04081 0.961336 -2.33159 -0.749388 2.02142 0.235058 -0.638148 -0.502823 2.63395 0.374822 0.208818 2.4729 2.95914 2.18824 0.00311497 -0.244593 3.00505 -0.363717 
-2.61865 -1.25655 -2.49296 -1.57107 1.44971 -2.36696 0.932007 0.910697 -2.70046 -2.59335 -0.719688 1.71095 1.03901 0.963417 -2.32915 -0.744336 2.0201 0.22203 -0.633536 -0.514816 2.64247 0.372271 0.190149 2.46545 2.96811 2.17938 -0.00422073 -0.24808 3.01636 -0.358819 
-2.58479 -1.2495 -2.48659 -1.57538 1.46113 -2.37013 0.937767 0.917262 -2.67708 -2.57496 -0.711215 1.71571 1.03792 0.963257 -2.32578 -0.745801 2.02414 0.209853 -0.624157 -0.524393 2.65031 0.36589 0.167214 2.46325 2.98425 2.17255 -0.0237945 -0.252461 3.02615 -0.352844 
-2.5401 -1.23873 -2.47897 -1.57543 1.47215 -2.37931 0.937528 0.92622 -2.63924 -2.55511 -0.705519 1.71656 1.0332 0.969322 -2.31468 -0.747534 2.03273 0.197784 -0.602098 -0.524291 2.65525 0.35836 0.126413 2.46769 3.0043 2.16992 -0.0549666 -0.25679 3.02943 -0.345219 
-2.50101 -1.23157 -2.46507 -1.57234 1.48403 -2.38124 0.933952 0.937815 -2.6136 -2.54017 -0.698414 1.71268 1.02552 0.972701 -2.30787 -0.747352 2.03802 0.192945 -0.58504 -0.51704 2.65389 0.352477 0.0858018 2.48177 3.01734 2.17054 -0.0846882 -0.263148 3.03556 -0.339551 
-2.49154 -1.22592 -2.45373 -1.56572 1.48541 -2.38045 0.922377 0.943249 -2.61375 -2.53515 -0.686686 1.71176 1.00605 0.969543 -2.29964 -0.754064 2.05141 0.192234 -0.568865 -0.512997 2.65083 0.36296 0.0715736 2.48898 3.02129 2.15749 -0.111671 -0.273344 3.03744 -0.351003 
-2.51691 -1.22585 -2.43904 -1.54494 1.48281 -2.38418 0.899976 0.946295 -2.63506 -2.53409 -0.676379 1.70943 0.980507 0.962785 -2.30686 -0.761085 2.06522 0.200045 -0.555078 -0.513474 2.65774 0.376708 0.0844131 2.47967 3.01721 2.13234 -0.132338 -0.283313 3.0448 -0.367981 
-2.51826 -1.23062 -2.42572 -1.54932 1.48494 -2.37878 0.893953 0.959689 -2.64963 -2.53891 -0.671161 1.71382 0.978713 0.970086 -2.31947 -0.768525 2.06182 0.21283 -0.564316 -0.516382 2.64826 0.385265 0.0881559 2.48144 3.01619 2.12939 -0.141722 -0.291999 3.06726 -0.366456 
-2.51806 -1.22601 -2.42697 -1.54233 1.48309 -2.36886 0.885036 0.975007 -2.67654 -2.54841 -0.671597 1.73964 0.980219 0.964437 -2.34169 -0.787202 2.04763 0.223131 -0.592709 -0.523602 2.63034 0.418282 0.113476 2.46977 3.01668 2.12703 -0.166561 -0.301546 3.1006 -0.39502 
-2.52621 -1.23701 -2.41837 -1.52759 1.48858 -2.377 0.875976 0.979282 -2.69566 -2.54868 -0.674323 1.74835 0.97997 0.961961 -2.36549 -0.780267 2.04454 0.25451 -0.603829 -0.536945 2.62696 0.420766 0.120856 2.45017 3.02 2.11607 -0.168213 -0.306434 3.13393 -0.384268 
-2.52662 -1.25101 -2.41101 -1.5131 1.49346 -2.37933 0.867811 0.982898 -2.71294 -2.54195 -0.661723 1.76647 0.973577 0.954412 -2.38816 -0.762166 2.02609 0.278619 -0.61763 -0.537191 2.64644 0.424739 0.129982 2.44215 3.0066 2.08152 -0.159873 -0.312389 3.16402 -0.380792 
-2.52786 -1.25313 -2.4043 -1.50236 1.49002 -2.3828 0.857154 0.975122 -2.72422 -2.53915 -0.627299 1.78476 0.972211 0.950077 -2.41346 -0.748288 2.0059 0.290375 -0.617814 -0.540987 2.6703 0.438325 0.151845 2.43532 2.99779 2.06369 -0.163349 -0.316698 3.18634 -0.372594 
-2.54759 -1.27011 -2.39178 -1.49602 1.46543 -2.41091 0.843192 0.941726 -2.74528 -2.5113 -0.567358 1.80304 0.991431 0.949332 -2.43591 -0.731004 1.97059 0.313313 -0.621199 -0.517441 2.70951 0.435693 0.18127 2.41671 2.99637 2.04057 -0.175578 -0.312488 3.19788 -0.365615 
-2.57121 -1.26694 -2.38437 -1.48052 1.44927 -2.43388 0.82542 0.921462 -2.75123 -2.49368 -0.536559 1.81294 0.996037 0.944972 -2.46449 -0.736832 1.95894 0.327228 -0.607754 -0.516825 2.72169 0.440953 0.207109 2.41808 2.9875 2.03733 -0.173822 -0.310188 3.22526 -0.362572 
-2.58165 -1.27883 -2.39396 -1.48945 1.43401 -2.44988 0.823839 0.915825 -2.78407 -2.47366 -0.52637 1.81311 0.990596 0.943392 -2.44736 -0.747488 1.97637 0.333488 -0.609937 -0.531391 2.71784 0.442906 0.204916 2.41964 2.99387 2.05141 -0.188775 -0.311373 3.24173 -0.343648 
-2.5906 -1.29183 -2.40088 -1.51599 1.4113 -2.46232 0.816199 0.916964 -2.81955 -2.46362 -0.517109 1.83673 0.988615 0.92998 -2.435 -0.738183 2.01543 0.336658 -0.605167 -0.552331 2.72239 0.441102 0.21243 2.42571 2.98311 2.0513 -0.217005 -0.313162 3.23624 -0.315638 
-2.58704 -1.3019 -2.41461 -1.5534 1.38433 -2.45935 0.811657 0.917637 -2.896 -2.45434 -0.525374 1.87316 1.00565 0.875096 -2.39043 -0.720722 2.11162 0.335619 -0.602992 -0.599355 2.73336 0.454165 0.202666 2.40619 3.0049 2.07114 -0.283818 -0.318363 3.20036 -0.281367 
-2.57449 -1.32502 -2.43284 -1.57686 1.36169 -2.46195 0.819151 0.915175 -2.95764 -2.45162 -0.52024 1.88849 1.00331 0.839672 -2.35203 -0.70549 2.17838 0.330133 -0.602396 -0.628069 2.74594 0.458507 0.196376 2.39667 3.0067 2.08207 -0.323241 -0.328357 3.1753 -0.260789 
-2.56975 -1.32806 -2.45604 -1.59891 1.35993 -2.47357 0.815352 0.917493 -2.95928 -2.45579 -0.527135 1.88825 0.975453 0.843326 -2.33345 -0.689104 2.19643 0.328518 -0.605883 -0.616259 2.74556 0.453636 0.193981 2.4004 2.9805 2.0821 -0.312779 -0.334725 3.16576 -0.250467 
-2.57321 -1.33748 -2.47238 -1.61628 1.37055 -2.48835 0.799063 0.909048 -2.92789 -2.46868 -0.516281 1.89253 0.958671 0.877997 -2.33064 -0.677252 2.19535 0.32129 -0.598309 -0.60207 2.73412 0.45775 0.213077 2.40878 2.94499 2.07651 -0.277407 -0.332483 3.17839 -0.232585 
-2.60361 -1.35988 -2.49065 -1.61516 1.37247 -2.50686 0.767766 0.888893 -2.91279 -2.4906 -0.488389 1.90011 0.915978 0.885865 -2.35786 -0.654346 2.18721 0.285823 -0.574396 -0.580817 2.72588 0.46988 0.223493 2.41593 2.90582 2.05991 -0.278141 -0.341445 3.16996 -0.220615 
-2.62583 -1.37711 -2.52107 -1.62257 1.37346 -2.52788 0.74749 0.858994 -2.90605 -2.5002 -0.466416 1.89864 0.842834 0.883079 -2.39657 -0.634443 2.19026 0.238953 -0.557975 -0.567832 2.71237 0.4812 0.211398 2.42579 2.86079 2.03975 -0.297969 -0.345539 3.13899 -0.213969 
-2.65499 -1.37689 -2.53335 -1.60423 1.38514 -2.52778 0.736682 0.842577 -2.91945 -2.49663 -0.459151 1.87847 0.778897 0.873178 -2.40527 -0.636269 2.18858 0.23023 -0.550989 -0.562347 2.68788 0.489197 0.217418 2.43647 2.82369 2.02687 -0.31135 -0.330727 3.10799 -0.230577 
-2.73866 -1.3456 -2.54675 -1.53974 1.39689 -2.49669 0.700551 0.828206 -2.97285 -2.50988 -0.4538 1.84089 0.678392 0.85804 -2.38849 -0.652017 2.22355 0.253939 -0.530887 -0.554358 2.64175 0.528831 0.263075 2.39949 2.75624 2.00068 -0.346819 -0.290564 3.04488 -0.309011 
-2.80939 -1.31628 -2.56869 -1.46173 1.41184 -2.44864 0.653263 0.817293 -3.04337 -2.51788 -0.457649 1.80954 0.581988 0.857826 -2.38708 -0.662858 2.23344 0.27951 -0.51983 -0.540735 2.60126 0.567244 0.297556 2.36345 2.69055 1.98746 -0.36247 -0.239092 2.98531 -0.36229 
-2.88534 -1.27413 -2.59806 -1.37427 1.43912 -2.40119 0.608417 0.814491 -3.10407 -2.52728 -0.468741 1.77849 0.484165 0.865137 -2.38521 -0.66944 2.23776 0.321132 -0.521188 -0.521389 2.56336 0.608704 0.325754 2.32776 2.63558 1.98166 -0.391092 -0.181078 2.93262 -0.410814 
-2.92616 -1.23066 -2.62605 -1.29591 1.4649 -2.38915 0.579487 0.821024 -3.1407 -2.51853 -0.48273 1.75636 0.407742 0.866013 -2.38661 -0.666813 2.20244 0.34856 -0.544589 -0.514005 2.53724 0.625632 0.334557 2.31348 2.61609 2.00387 -0.386886 -0.131504 2.8859 -0.411462 
-2.9571 -1.19231 -2.65346 -1.23729 1.48455 -2.37945 0.553701 0.785883 -3.15989 -2.49538 -0.497207 1.72594 0.360546 0.864163 -2.39304 -0.672047 2.16047 0.374781 -0.574831 -0.516642 2.52198 0.617361 0.335398 2.31695 2.60717 2.03436 -0.352139 -0.102327 2.875 -0.378451 
-2.98426 -1.151 -2.6503 -1.18607 1.49423 -2.35965 0.552563 0.771182 -3.16467 -2.47655 -0.508304 1.70813 0.358384 0.871864 -2.37616 -0.669024 2.10945 0.370669 -0.601307 -0.533159 2.51476 0.636769 0.327326 2.32083 2.5979 2.07515 -0.335185 -0.0705848 2.88211 -0.349534 
-2.988 -1.12289 -2.6359 -1.13735 1.50648 -2.32623 0.558685 0.769388 -3.15918 -2.47233 -0.501015 1.69473 0.379916 0.893343 -2.32954 -0.676168 2.06948 0.359204 -0.619672 -0.541573 2.51786 0.661659 0.320381 2.34161 2.59327 2.11118 -0.31222 -0.0665682 2.87657 -0.332343 
-2.96605 -1.07667 -2.62702 -1.12709 1.49738 -2.29152 0.577015 0.73809 -3.13047 -2.46533 -0.484181 1.6769 0.392098 0.895753 -2.26644 -0.668592 2.0666 0.347723 -0.611695 -0.555588 2.5332 0.655825 0.305127 2.3325 2.58683 2.14109 -0.30027 -0.0641766 2.90154 -0.304665 
-2.94932 -1.03788 -2.63443 -1.12564 1.49 -2.27265 0.59391 0.688601 -3.1152 -2.45354 -0.490095 1.67318 0.404321 0.900588 -2.21312 -0.636634 2.0428 0.336065 -0.594502 -0.571811 2.53739 0.630131 0.2915 2.30276 2.60644 2.13652 -0.287983 -0.0577275 2.94087 -0.275618 
