Mean 0 Mean 1 Mean 2 Mean 3 Mean 4 Mean 5 Mean 6 Mean 7 Mean 8 Mean 9 Mean 10 Mean 11 Mean 12 Mean 13 Mean 14 Mean 15 Mean 16 Mean 17 Mean 18 Mean 19 Mean 20 Mean 21 Mean 22 Mean 23 Mean 24 Mean 25 Mean 26 Mean 27 Mean 28 Mean 29 
-1.16505 -2.24168 -1.30067 -2.60663 1.53153 -1.04914 1.03398 -1.97858 0.901362 -1.3999 2.669 2.25932 -2.05492 0.931702 -2.68719 2.93462 2.50969 0.310847 2.56938 -2.64459 2.76068 0.326672 2.87704 -2.41986 -0.166634 0.533735 -2.61376 2.51985 0.327147 2.55507 
-1.17155 -2.21746 -1.29658 -2.59758 1.53211 -1.04767 1.03349 -1.9863 0.890839 -1.41326 2.66139 2.2394 -2.04949 0.927438 -2.68382 2.93273 2.76189 0.299458 2.56806 -2.65224 2.75666 0.331532 2.89402 -2.4083 -0.167327 0.537024 -2.61922 2.52814 0.32391 2.56626 
-1.18434 -2.17667 -1.29626 -2.59295 1.52362 -1.03754 1.03689 -1.99873 0.869974 -1.43608 2.65126 2.19916 -2.03933 0.947251 -2.67907 2.91757 2.85243 0.284235 2.56862 -2.65911 2.74097 0.345878 2.90213 -2.3982 -0.157118 0.556845 -2.62323 2.53221 0.321921 2.58433 
-1.19828 -2.15183 -1.30108 -2.59068 1.52577 -1.03549 1.03299 -2.0137 0.859179 -1.44476 2.64681 2.16567 -2.03107 0.963768 -2.68586 2.91135 2.89825 0.27043 2.56859 -2.66225 2.73025 0.35782 2.911 -2.38728 -0.159581 0.568299 -2.62873 2.53533 0.321877 2.59015 
-1.21715 -2.13309 -1.29764 -2.59413 1.5256 -1.03284 1.03152 -2.02313 0.85396 -1.45014 2.64245 2.14738 -2.03017 0.975797 -2.69361 2.90847 2.93349 0.259254 2.56669 -2.66682 2.72197 0.363341 2.91431 -2.37394 -0.162798 0.574554 -2.64 2.52425 0.321389 2.59721 
-1.23275 -2.11665 -1.2945 -2.59519 1.52352 -1.0339 1.02986 -2.02933 0.846693 -1.45391 2.63988 2.13263 -2.03206 0.986474 -2.70175 2.90521 2.9633 0.248479 2.55546 -2.67272 2.71488 0.358811 2.91674 -2.36077 -0.163993 0.578645 -2.64839 2.51343 0.327127 2.6094 
-1.23877 -2.10083 -1.28744 -2.60098 1.51201 -1.03322 1.02721 -2.0293 0.840679 -1.45824 2.63053 2.11937 -2.02923 0.996262 -2.70903 2.89704 2.97362 0.247597 2.55535 -2.67495 2.70422 0.346927 2.91497 -2.33107 -0.161677 0.586477 -2.65598 2.50307 0.331036 2.62002 
-1.24918 -2.08499 -1.29043 -2.61093 1.50121 -1.03804 1.02763 -2.02707 0.838698 -1.46034 2.6285 2.10329 -2.02615 1.00508 -2.71053 2.89109 2.97755 0.244779 2.5412 -2.67861 2.69038 0.331852 2.91424 -2.30461 -0.15416 0.592502 -2.66261 2.50256 0.341394 2.6325 
-1.25604 -2.07133 -1.28485 -2.62477 1.48993 -1.03899 1.02399 -2.02158 0.835657 -1.46249 2.63005 2.08804 -2.02441 1.0066 -2.70835 2.88736 2.98189 0.254703 2.52128 -2.68016 2.68174 0.318239 2.907 -2.28392 -0.139933 0.592006 -2.66792 2.49569 0.358005 2.64446 
-1.26101 -2.06379 -1.27919 -2.63543 1.48033 -1.0386 1.01679 -2.00667 0.832606 -1.46064 2.63814 2.06735 -2.02131 1.00605 -2.70481 2.88654 2.98612 0.267351 2.49243 -2.6906 2.66937 0.301597 2.90242 -2.27319 -0.124752 0.584117 -2.67512 2.49011 0.380978 2.65406 
-1.26874 -2.07202 -1.27575 -2.63678 1.47477 -1.04155 0.979281 -2.01124 0.827374 -1.45091 2.65038 2.06974 -2.00914 1.00538 -2.69997 2.89857 2.97905 0.279603 2.48522 -2.69585 2.67185 0.290581 2.90159 -2.29117 -0.112597 0.573438 -2.67606 2.49194 0.407231 2.64356 
-1.28371 -2.09074 -1.26788 -2.62292 1.47077 -1.04428 0.909807 -2.03524 0.826351 -1.43555 2.66508 2.09323 -1.97991 1.01072 -2.68722 2.92078 2.96498 0.293054 2.50327 -2.69806 2.68642 0.282216 2.90819 -2.33453 -0.0996158 0.556896 -2.68017 2.49585 0.438141 2.61188 
-1.30767 -2.11679 -1.2508 -2.59904 1.47832 -1.0573 0.816909 -2.07413 0.829081 -1.41642 2.67849 2.13212 -1.9359 1.02486 -2.66474 2.96048 2.93928 0.30787 2.54499 -2.67523 2.71374 0.273912 2.91874 -2.40983 -0.0849598 0.528583 -2.67813 2.49128 0.480274 2.56422 
-1.29839 -2.10549 -1.25354 -2.6089 1.45915 -1.05608 0.834117 -2.07745 0.821324 -1.39462 2.67525 2.11318 -1.93648 1.01642 -2.65188 2.95572 2.94439 0.304225 2.51814 -2.67739 2.7027 0.252337 2.90812 -2.38783 -0.0715673 0.530782 -2.67333 2.50134 0.492275 2.5822 
-1.29093 -2.10204 -1.25401 -2.61786 1.4318 -1.0534 0.852575 -2.07059 0.814535 -1.37268 2.66191 2.09931 -1.94316 1.0044 -2.64699 2.96378 2.94474 0.294919 2.48326 -2.67923 2.69576 0.235193 2.90291 -2.36898 -0.0604747 0.537798 -2.66746 2.51164 0.49861 2.5998 
-1.28422 -2.11049 -1.25662 -2.64268 1.41229 -1.0524 0.857785 -2.0606 0.79566 -1.35626 2.65736 2.08625 -1.95216 0.989821 -2.63636 2.97585 2.94435 0.278556 2.45087 -2.66309 2.67697 0.223836 2.8929 -2.3746 -0.0540669 0.527298 -2.65742 2.52163 0.499545 2.61688 
-1.2993 -2.11335 -1.2635 -2.64991 1.39945 -1.05164 0.862159 -2.05173 0.780706 -1.34367 2.67835 2.0762 -1.94928 0.998403 -2.64433 2.97029 2.94018 0.27655 2.43536 -2.66689 2.6825 0.23026 2.89196 -2.37215 -0.0517277 0.529535 -2.66444 2.52362 0.518866 2.61185 
-1.3118 -2.11616 -1.26168 -2.66054 1.38719 -1.04926 0.874806 -2.02346 0.78457 -1.33239 2.69732 2.05639 -1.94452 1.00621 -2.65296 2.95476 2.93911 0.26458 2.39823 -2.67297 2.67074 0.228899 2.89517 -2.35654 -0.0606793 0.532954 -2.67014 2.52319 0.54561 2.62606 
-1.32751 -2.1222 -1.2649 -2.67338 1.37764 -1.04878 0.882455 -1.99732 0.780992 -1.32042 2.70978 2.04626 -1.94259 1.00454 -2.6612 2.94334 2.93182 0.25159 2.3624 -2.66979 2.66784 0.226106 2.90055 -2.34114 -0.0760564 0.529251 -2.68337 2.52553 0.56706 2.63706 
-1.34244 -2.11928 -1.26075 -2.67983 1.37678 -1.04215 0.882179 -1.99264 0.777077 -1.31231 2.72232 2.04503 -1.95224 1.00195 -2.66138 2.94261 2.92374 0.233122 2.33921 -2.66616 2.66215 0.217786 2.89942 -2.32749 -0.0986456 0.52729 -2.70098 2.5393 0.580766 2.639 
-1.36068 -2.11942 -1.25881 -2.67615 1.37487 -1.04186 0.879167 -1.99804 0.769677 -1.30484 2.73746 2.04683 -1.96804 1.0016 -2.65902 2.93584 2.92433 0.222339 2.3253 -2.67608 2.65705 0.217476 2.89796 -2.31939 -0.11865 0.525433 -2.71619 2.54962 0.601141 2.63688 
-1.3687 -2.12948 -1.23776 -2.67262 1.37505 -1.05215 0.865116 -2.00352 0.759326 -1.29905 2.76239 2.0361 -1.98711 1.01133 -2.66354 2.9197 2.92992 0.226284 2.32947 -2.69215 2.65663 0.229007 2.88559 -2.32166 -0.133734 0.517148 -2.72366 2.55239 0.635985 2.65224 
-1.36811 -2.135 -1.23453 -2.67048 1.39357 -1.03744 0.858196 -2.00816 0.749291 -1.28591 2.77224 2.03071 -1.99011 1.00718 -2.66396 2.90452 2.93747 0.231073 2.33728 -2.69712 2.66353 0.232282 2.87564 -2.32027 -0.146865 0.512256 -2.7236 2.54828 0.645474 2.66714 
-1.3743 -2.14391 -1.22359 -2.67999 1.40859 -1.01925 0.855971 -2.02524 0.744846 -1.25423 2.78793 2.02748 -1.99185 1.01723 -2.65643 2.90407 2.94186 0.240373 2.34279 -2.70805 2.66824 0.228757 2.85463 -2.31679 -0.149551 0.510379 -2.71688 2.55465 0.658698 2.67546 
-1.37595 -2.11321 -1.22136 -2.69311 1.4292 -1.00601 0.884339 -2.04618 0.754919 -1.22593 2.77989 2.04871 -1.98687 1.0235 -2.63531 2.92754 2.95828 0.227617 2.33435 -2.71329 2.67648 0.203896 2.81015 -2.30754 -0.152385 0.50695 -2.72011 2.57028 0.661508 2.67046 
-1.3702 -2.08124 -1.23432 -2.69147 1.43243 -1.02973 0.905078 -2.07932 0.76589 -1.20334 2.76264 2.06537 -1.96473 1.02786 -2.60902 2.95949 2.96258 0.207456 2.33745 -2.68446 2.69703 0.158541 2.77118 -2.30981 -0.15332 0.516847 -2.71035 2.57333 0.659837 2.67747 
-1.35735 -2.06932 -1.23906 -2.68675 1.44268 -1.04515 0.928473 -2.10252 0.771502 -1.17009 2.76558 2.06237 -1.96159 1.03937 -2.5993 2.97491 2.96564 0.21185 2.35289 -2.66602 2.70006 0.117057 2.73848 -2.29398 -0.142384 0.519582 -2.70641 2.58232 0.667203 2.69866 
-1.34536 -2.07606 -1.24222 -2.68145 1.44186 -1.07507 0.950074 -2.10939 0.772309 -1.15029 2.76941 2.06474 -1.95674 1.03335 -2.58621 2.99268 2.97294 0.215684 2.37489 -2.64065 2.70345 0.0856826 2.71936 -2.28452 -0.138574 0.519313 -2.69238 2.57826 0.676742 2.71895 
-1.34829 -2.08325 -1.27164 -2.65852 1.42603 -1.10218 0.957549 -2.09147 0.761274 -1.12875 2.78264 2.05437 -1.95453 1.012 -2.58029 2.99499 2.95928 0.223162 2.37096 -2.61785 2.72853 0.0753943 2.71476 -2.29166 -0.151619 0.497086 -2.67588 2.53999 0.680282 2.72774 
-1.34962 -2.09092 -1.27756 -2.62745 1.41543 -1.11855 0.960783 -2.1007 0.75076 -1.11138 2.80997 2.04195 -1.97333 1.00292 -2.56803 2.98011 2.95129 0.243016 2.36872 -2.57901 2.72115 0.0605019 2.72285 -2.2936 -0.143996 0.498584 -2.65028 2.54475 0.688235 2.74042 
-1.36765 -2.12587 -1.27861 -2.59394 1.40255 -1.13805 0.969855 -2.11232 0.723998 -1.0797 2.85919 2.00235 -1.97567 1.02081 -2.55635 2.95361 2.91743 0.28053 2.37133 -2.55617 2.68971 0.0505403 2.7382 -2.29264 -0.12782 0.516388 -2.61953 2.53767 0.699293 2.76354 
-1.38844 -2.15869 -1.28674 -2.56716 1.38519 -1.1558 0.971913 -2.10642 0.695868 -1.05745 2.89799 1.9745 -1.98042 1.01384 -2.54907 2.93668 2.89241 0.309304 2.37568 -2.58248 2.65179 0.0271692 2.762 -2.27922 -0.119789 0.529879 -2.57395 2.52384 0.717874 2.79211 
-1.4146 -2.18403 -1.29811 -2.52898 1.35577 -1.16107 0.968395 -2.11546 0.66476 -1.04577 2.94068 1.96256 -1.99897 0.995703 -2.52915 2.92331 2.87663 0.330494 2.39328 -2.60745 2.61839 0.00721997 2.79955 -2.26139 -0.11812 0.537825 -2.53081 2.5064 0.727085 2.81261 
-1.44904 -2.20785 -1.31375 -2.50602 1.32106 -1.15511 0.955027 -2.13682 0.623946 -1.06133 2.96934 1.96825 -2.00577 0.962949 -2.48885 2.92841 2.8816 0.349242 2.44488 -2.63681 2.60733 -0.00573221 2.8364 -2.25752 -0.123457 0.555004 -2.50374 2.47473 0.727253 2.80134 
-1.48075 -2.20263 -1.33384 -2.49261 1.29765 -1.15383 0.934676 -2.16169 0.592077 -1.07489 2.97535 1.98477 -1.99787 0.937907 -2.44653 2.94899 2.88627 0.371394 2.50003 -2.66164 2.5983 -0.02624 2.86619 -2.26512 -0.106259 0.581368 -2.47527 2.44468 0.730573 2.78928 
-1.52099 -2.2364 -1.34153 -2.50268 1.27856 -1.16287 0.917386 -2.16847 0.54508 -1.08365 2.99526 1.96879 -2.00672 0.892849 -2.41843 2.96108 2.88759 0.404822 2.57204 -2.6905 2.56834 -0.0549743 2.9225 -2.25738 -0.0869434 0.609412 -2.4465 2.41121 0.713891 2.7927 
-1.56287 -2.27359 -1.3315 -2.53299 1.25972 -1.15733 0.907927 -2.16946 0.498937 -1.09822 3.02202 1.91867 -2.00304 0.874209 -2.39405 2.95356 2.89234 0.447948 2.65451 -2.73197 2.53309 -0.0818143 2.97444 -2.22671 -0.0801921 0.61677 -2.41405 2.35792 0.699835 2.79695 
-1.57251 -2.31552 -1.31176 -2.57115 1.24878 -1.16025 0.891639 -2.16201 0.476152 -1.1148 3.03791 1.87798 -1.97554 0.880993 -2.37047 2.93307 2.88443 0.46606 2.74332 -2.77314 2.50692 -0.103175 2.98447 -2.20815 -0.107077 0.609618 -2.39677 2.2963 0.680263 2.82286 
-1.55555 -2.35535 -1.28236 -2.6213 1.2502 -1.15615 0.871424 -2.15214 0.450694 -1.12012 3.04541 1.8415 -1.93582 0.902895 -2.34791 2.90842 2.87699 0.494355 2.87722 -2.82996 2.49327 -0.128599 2.99157 -2.18992 -0.129484 0.609915 -2.39449 2.2308 0.654902 2.88483 
-1.51719 -2.37064 -1.29534 -2.60214 1.2551 -1.14532 0.851715 -2.17421 0.454605 -1.12661 3.02584 1.87161 -1.92348 0.967799 -2.29825 2.92315 2.88103 0.471317 3.05797 -2.88477 2.47498 -0.155794 2.97232 -2.1897 -0.166762 0.569534 -2.3946 2.17482 0.668316 2.98296 
