Mean 0 Mean 1 Mean 2 Mean 3 Mean 4 Mean 5 Mean 6 Mean 7 Mean 8 Mean 9 Mean 10 Mean 11 Mean 12 Mean 13 Mean 14 Mean 15 Mean 16 Mean 17 Mean 18 Mean 19 Mean 20 Mean 21 Mean 22 Mean 23 Mean 24 Mean 25 Mean 26 Mean 27 Mean 28 Mean 29 
-1.10566 0.688287 -2.48059 -1.35574 2.40632 -2.18399 0.837249 -1.18543 0.960673 -1.32277 2.57296 1.47167 1.06283 1.08842 1.04517 2.18729 0.850729 2.49234 2.8304 -0.298677 0.432149 1.2296 2.54369 2.85746 2.48731 -0.279763 0.155491 2.52369 2.06732 2.27145 
-1.12064 0.703135 -2.4857 -1.35572 2.38569 -2.18548 0.834361 -1.1821 0.963351 -1.30595 2.58973 1.47544 1.06338 1.09445 1.04484 2.18979 0.849788 2.49139 2.83818 -0.301378 0.428483 1.22283 2.55359 2.83818 2.46831 -0.291156 0.157603 2.52102 2.60412 2.67722 
-1.12834 0.68155 -2.47859 -1.35466 2.38 -2.1881 0.841944 -1.18653 0.95311 -1.30217 2.58205 1.46929 1.04679 1.07309 1.05082 2.21186 0.859421 2.48742 2.83531 -0.287366 0.434605 1.20511 2.55566 2.85802 2.47166 -0.288461 0.152016 2.51369 2.79306 2.81276 
-1.14202 0.682638 -2.47029 -1.35578 2.37004 -2.19379 0.830536 -1.1995 0.950884 -1.29259 2.58073 1.47053 1.05659 1.0685 1.04648 2.21778 0.864795 2.48774 2.834 -0.283545 0.442447 1.20487 2.56379 2.85281 2.46707 -0.297168 0.143805 2.51384 2.88607 2.87186 
-1.14541 0.688985 -2.47465 -1.36567 2.36284 -2.2108 0.828904 -1.2067 0.953902 -1.30175 2.60903 1.46504 1.05751 1.07103 1.04422 2.20883 0.863472 2.50391 2.8433 -0.2781 0.460073 1.20678 2.57159 2.84595 2.4738 -0.299153 0.130524 2.52354 2.93942 2.9135 
-1.16821 0.699231 -2.4708 -1.36766 2.34012 -2.21632 0.8191 -1.22193 0.95255 -1.296 2.62624 1.45709 1.07869 1.07409 1.04082 2.21385 0.869986 2.5111 2.84772 -0.289752 0.463496 1.20811 2.58831 2.82394 2.47824 -0.315441 0.120567 2.52725 2.96998 2.941 
-1.19742 0.701449 -2.47727 -1.385 2.31818 -2.21511 0.824496 -1.21093 0.945132 -1.2888 2.6307 1.43984 1.08532 1.07745 1.04686 2.22784 0.875369 2.51637 2.84109 -0.301278 0.447467 1.17817 2.60071 2.81789 2.46432 -0.314735 0.120806 2.53047 2.9953 2.97692 
-1.2155 0.705487 -2.47679 -1.41101 2.28648 -2.20201 0.831178 -1.2034 0.932503 -1.28044 2.62775 1.44124 1.0934 1.08003 1.06 2.23488 0.883878 2.53125 2.83181 -0.317412 0.436489 1.1481 2.60703 2.82452 2.46495 -0.305469 0.114265 2.53127 3.01603 3.00031 
-1.22185 0.710632 -2.47343 -1.43935 2.25125 -2.18057 0.848566 -1.18984 0.90201 -1.27544 2.62638 1.45311 1.09735 1.07701 1.07256 2.23059 0.895543 2.54753 2.81795 -0.353657 0.417748 1.13219 2.60818 2.83746 2.46603 -0.293951 0.100085 2.52593 3.03896 3.0103 
-1.21448 0.71942 -2.46929 -1.44608 2.23234 -2.161 0.854794 -1.19297 0.890179 -1.28737 2.62307 1.46505 1.09808 1.06833 1.0753 2.23092 0.883277 2.55067 2.80785 -0.378602 0.402427 1.14608 2.61026 2.85926 2.47145 -0.293393 0.0950192 2.51468 3.06228 2.98606 
-1.2099 0.713366 -2.46555 -1.45458 2.22074 -2.14862 0.857649 -1.19988 0.87036 -1.27696 2.61401 1.4797 1.10023 1.06348 1.06942 2.23643 0.879124 2.55165 2.80056 -0.392 0.391243 1.14852 2.60212 2.87141 2.46664 -0.297532 0.100086 2.50614 3.08871 2.97649 
-1.21967 0.708106 -2.46749 -1.46633 2.20966 -2.15326 0.857966 -1.21319 0.859939 -1.25476 2.61249 1.48528 1.10405 1.06599 1.05256 2.24468 0.883107 2.5525 2.79345 -0.396985 0.390254 1.1443 2.5815 2.86258 2.45215 -0.305911 0.125822 2.51538 3.12634 2.9827 
-1.23336 0.705112 -2.47578 -1.47344 2.21489 -2.15793 0.860047 -1.21954 0.843842 -1.23959 2.6058 1.47402 1.1045 1.06333 1.03842 2.2546 0.88569 2.55468 2.77331 -0.379376 0.401495 1.13657 2.56301 2.85042 2.44959 -0.314586 0.12961 2.51724 3.15597 2.96501 
-1.23591 0.70401 -2.48307 -1.4776 2.19624 -2.1727 0.870575 -1.23357 0.847378 -1.22575 2.59834 1.47386 1.11157 1.06831 1.03241 2.26414 0.906875 2.56086 2.75963 -0.383705 0.413138 1.1258 2.54622 2.8324 2.4545 -0.32657 0.121479 2.52321 3.18489 2.9716 
-1.24987 0.697661 -2.48734 -1.47842 2.18253 -2.18716 0.862097 -1.24461 0.844282 -1.22327 2.5894 1.47635 1.10423 1.07189 1.03263 2.26827 0.921509 2.55572 2.75303 -0.378966 0.423563 1.11851 2.5343 2.81629 2.45133 -0.32867 0.112815 2.52574 3.20892 2.96861 
-1.25646 0.688483 -2.48881 -1.47361 2.15496 -2.20711 0.848004 -1.25584 0.844761 -1.21924 2.57759 1.47744 1.10013 1.07675 1.02645 2.27899 0.93539 2.55093 2.74533 -0.384911 0.439999 1.11108 2.51996 2.80072 2.43877 -0.337369 0.110811 2.53071 3.24535 2.9706 
-1.266 0.677085 -2.48902 -1.46776 2.13569 -2.22858 0.825438 -1.2753 0.846489 -1.216 2.56354 1.4758 1.09476 1.0868 1.01783 2.28605 0.939322 2.54919 2.74504 -0.388754 0.446867 1.10379 2.50881 2.79244 2.41603 -0.339111 0.110034 2.536 3.27726 2.9694 
-1.27031 0.656634 -2.48114 -1.45381 2.1222 -2.25644 0.79855 -1.29397 0.840168 -1.21712 2.55963 1.47161 1.07935 1.09903 1.00217 2.29851 0.926831 2.54401 2.75296 -0.386516 0.44947 1.10885 2.50391 2.78993 2.38289 -0.332481 0.100279 2.52537 3.30358 2.96778 
-1.26381 0.631898 -2.48091 -1.43795 2.10914 -2.28288 0.774038 -1.2825 0.856602 -1.20546 2.5843 1.46319 1.07 1.09098 0.995161 2.29571 0.9053 2.53966 2.74503 -0.378583 0.444227 1.0999 2.49112 2.78579 2.37873 -0.329437 0.10029 2.51571 3.33406 2.963 
-1.25441 0.615033 -2.48961 -1.42587 2.10262 -2.31222 0.760759 -1.26584 0.885521 -1.18323 2.6189 1.46711 1.07713 1.08382 0.986303 2.28935 0.877068 2.53542 2.72519 -0.366985 0.439542 1.09837 2.48924 2.78306 2.39424 -0.32226 0.103695 2.49883 3.36624 2.95087 
-1.23714 0.597004 -2.50612 -1.39862 2.10192 -2.35563 0.74976 -1.24626 0.922892 -1.14567 2.655 1.469 1.08679 1.06742 0.975405 2.27849 0.84565 2.53351 2.69904 -0.358934 0.430785 1.09633 2.47949 2.77435 2.41702 -0.32416 0.10753 2.48491 3.40462 2.9261 
-1.22816 0.578904 -2.5406 -1.3675 2.10823 -2.41139 0.738843 -1.23588 0.958494 -1.10153 2.70492 1.46426 1.10453 1.04798 0.97716 2.25845 0.809451 2.53596 2.66818 -0.332017 0.421499 1.10352 2.47016 2.75418 2.46239 -0.307708 0.116159 2.46876 3.4476 2.88453 
-1.23892 0.558534 -2.57672 -1.35538 2.10948 -2.44208 0.739118 -1.2258 0.955384 -1.07549 2.73351 1.46643 1.10798 1.04126 0.992923 2.25293 0.790714 2.53711 2.64731 -0.306822 0.425169 1.10174 2.47597 2.74683 2.48075 -0.299758 0.129235 2.45169 3.4795 2.88247 
-1.2449 0.533475 -2.61191 -1.35918 2.12292 -2.46708 0.747138 -1.21885 0.949664 -1.05893 2.75798 1.47806 1.11367 1.02512 0.997676 2.27558 0.773323 2.52216 2.62851 -0.345228 0.42864 1.10201 2.47196 2.74684 2.48096 -0.281341 0.130439 2.43901 3.49185 2.87497 
-1.25605 0.530366 -2.62627 -1.34984 2.13514 -2.48766 0.747783 -1.23249 0.951186 -1.04337 2.78077 1.49052 1.1243 1.02039 0.998286 2.2933 0.765605 2.50689 2.6287 -0.366713 0.433919 1.09568 2.46855 2.7423 2.46815 -0.278031 0.137071 2.43493 3.48644 2.8667 
-1.25599 0.539109 -2.64499 -1.33171 2.14288 -2.51294 0.737834 -1.2571 0.975305 -1.01403 2.80379 1.49409 1.1592 1.01962 0.999099 2.29813 0.748085 2.50014 2.61569 -0.374872 0.433454 1.08889 2.46251 2.7249 2.47174 -0.274312 0.143458 2.43584 3.48674 2.91223 
-1.2487 0.540851 -2.67245 -1.31748 2.15684 -2.54482 0.725151 -1.26849 1.00185 -0.984607 2.83616 1.48799 1.18607 1.01975 0.989346 2.30477 0.727656 2.50023 2.59651 -0.379773 0.429395 1.07271 2.44975 2.70928 2.48868 -0.26621 0.150646 2.43531 3.49211 2.96923 
-1.23547 0.543992 -2.72335 -1.30553 2.16931 -2.58485 0.716816 -1.26439 1.03636 -0.940426 2.8697 1.4832 1.22349 1.01491 0.998735 2.30708 0.675535 2.49371 2.58068 -0.370345 0.428242 1.06019 2.42921 2.6918 2.53798 -0.238442 0.154843 2.41946 3.49113 3.03968 
-1.23776 0.555913 -2.77307 -1.27896 2.17584 -2.61698 0.715076 -1.2767 1.06419 -0.882453 2.9189 1.4728 1.25045 1.02386 1.01244 2.30879 0.625195 2.48608 2.57618 -0.348873 0.420887 1.04392 2.41445 2.67877 2.59133 -0.200797 0.166885 2.41584 3.49691 3.10575 
-1.25627 0.568722 -2.81393 -1.26251 2.18983 -2.63513 0.716228 -1.28318 1.07732 -0.840436 2.95022 1.46499 1.26138 1.02507 1.0199 2.31209 0.588834 2.46951 2.57431 -0.345613 0.392153 1.03098 2.40308 2.66576 2.60533 -0.168365 0.178893 2.41777 3.49055 3.1533 
-1.24545 0.566743 -2.8831 -1.25977 2.22964 -2.68989 0.712394 -1.23588 1.12163 -0.782368 2.99266 1.45236 1.27497 0.991632 1.02061 2.30849 0.535765 2.45578 2.55615 -0.342219 0.330717 1.00976 2.37363 2.65132 2.65285 -0.110049 0.180851 2.39875 3.48285 3.23073 
-1.19882 0.542401 -2.95889 -1.2547 2.27368 -2.78653 0.694506 -1.1774 1.20235 -0.716927 3.06698 1.43525 1.31908 0.956577 1.00841 2.30029 0.441446 2.45831 2.56197 -0.31565 0.244211 1.00211 2.33175 2.62915 2.74432 -0.024783 0.177386 2.37556 3.47707 3.37753 
-1.1353 0.522969 -3.0429 -1.25797 2.3052 -2.87476 0.679607 -1.11443 1.27565 -0.657758 3.14935 1.42678 1.36663 0.921523 0.999869 2.29884 0.341159 2.46855 2.57474 -0.300274 0.163612 0.990129 2.29753 2.59925 2.86435 0.050117 0.170673 2.34628 3.47571 3.52256 
-1.03671 0.490001 -3.12189 -1.2741 2.34227 -2.96025 0.650969 -1.0586 1.34865 -0.619197 3.22362 1.43059 1.41179 0.895786 1.00397 2.2976 0.254593 2.47698 2.60963 -0.278266 0.0955804 0.9813 2.26334 2.57065 2.99024 0.123517 0.168785 2.32257 3.47187 3.6615 
-0.955969 0.483438 -3.17757 -1.29114 2.36729 -3.03024 0.637439 -1.03386 1.37282 -0.613262 3.25094 1.43766 1.42384 0.865085 1.02088 2.31112 0.191694 2.48348 2.6226 -0.284185 0.0550902 0.95402 2.24003 2.5425 3.15343 0.168746 0.157186 2.32029 3.4593 3.78781 
-0.899317 0.46297 -3.20845 -1.31613 2.39443 -3.11423 0.606107 -0.996247 1.4154 -0.601594 3.28284 1.44162 1.43328 0.829566 1.04471 2.31248 0.131733 2.488 2.61957 -0.265878 0.0286333 0.919707 2.20228 2.51815 3.35068 0.197784 0.166365 2.31349 3.45028 3.8954 
-0.85093 0.425772 -3.21446 -1.34263 2.41855 -3.17545 0.580166 -0.975612 1.44004 -0.593221 3.32417 1.43786 1.42221 0.784029 1.05071 2.3228 0.111751 2.48687 2.6168 -0.242756 -0.00125767 0.898059 2.16443 2.50203 3.56211 0.212413 0.185599 2.32559 3.44345 3.97111 
-0.822792 0.394422 -3.20401 -1.36602 2.44722 -3.23903 0.553089 -0.987668 1.46035 -0.569378 3.37377 1.41924 1.42447 0.751049 1.04832 2.33095 0.0902759 2.49448 2.6113 -0.21666 -0.0361258 0.879631 2.12092 2.49009 3.7733 0.220497 0.198633 2.36081 3.43744 4.03093 
-0.824357 0.381713 -3.16674 -1.38832 2.45085 -3.27834 0.545897 -1.03122 1.43703 -0.56269 3.41254 1.40291 1.43301 0.742966 1.05594 2.33937 0.0903994 2.49396 2.58434 -0.225612 -0.0444557 0.869853 2.11205 2.50092 3.97868 0.209697 0.219396 2.40447 3.42734 4.06152 
-0.849044 0.373753 -3.12056 -1.39629 2.43526 -3.28511 0.564517 -1.09296 1.37903 -0.572402 3.44782 1.37489 1.46043 0.746082 1.06917 2.36441 0.0927423 2.48469 2.5751 -0.267776 -0.0429049 0.868459 2.11917 2.50529 4.13471 0.17798 0.243066 2.45165 3.41976 4.06509 
