Mean 0 Mean 1 Mean 2 Mean 3 Mean 4 Mean 5 Mean 6 Mean 7 Mean 8 Mean 9 Mean 10 Mean 11 Mean 12 Mean 13 Mean 14 Mean 15 Mean 16 Mean 17 Mean 18 Mean 19 Mean 20 Mean 21 Mean 22 Mean 23 Mean 24 Mean 25 Mean 26 Mean 27 Mean 28 Mean 29 
-2.45736 -1.52555 -2.54519 1.16494 1.39237 0.934095 0.789203 -2.17654 -2.1258 -0.978454 -1.07468 1.46519 0.957699 1.06641 1.10783 2.57113 2.89344 0.324807 2.61983 -2.40911 0.820796 -1.82152 2.45601 2.79372 2.67838 -2.938 -2.82199 0.657539 0.297435 2.60229 
-2.46352 -1.52536 -2.52898 1.17649 1.40277 0.932627 0.797726 -2.18262 -2.12493 -0.97775 -1.07 1.45487 0.943389 1.06831 1.10627 2.56729 2.8793 0.323373 2.61681 -2.40091 0.813635 -1.82469 2.45303 2.78713 2.67752 -2.9409 -2.81227 0.663952 0.304623 2.60037 
-2.47549 -1.5195 -2.51748 1.17418 1.41223 0.935389 0.7897 -2.18035 -2.126 -0.974454 -1.06761 1.44462 0.942774 1.06903 1.10299 2.56656 2.87608 0.317558 2.61815 -2.40201 0.807317 -1.83306 2.4445 2.77872 2.67051 -2.94561 -2.8148 0.664588 0.319721 2.60052 
-2.47838 -1.50878 -2.50467 1.17041 1.41908 0.934377 0.783719 -2.17982 -2.13287 -0.972384 -1.06171 1.43704 0.939989 1.06906 1.10081 2.56985 2.87804 0.312003 2.62105 -2.40773 0.806677 -1.84715 2.43859 2.76891 2.65954 -2.9534 -2.81811 0.661843 0.329413 2.60328 
-2.4833 -1.50005 -2.49331 1.16372 1.42481 0.942026 0.772178 -2.17572 -2.13576 -0.971483 -1.05413 1.42841 0.936222 1.06457 1.09133 2.56963 2.87229 0.312638 2.61924 -2.41486 0.80869 -1.85173 2.43511 2.75934 2.65915 -2.95893 -2.81084 0.661811 0.342542 2.59838 
-2.48435 -1.50406 -2.47571 1.15238 1.42703 0.956091 0.766182 -2.17163 -2.14243 -0.974718 -1.03937 1.40784 0.933562 1.06148 1.07844 2.57843 2.86525 0.321738 2.60845 -2.41348 0.801124 -1.85631 2.42756 2.76202 2.65771 -2.96263 -2.81053 0.657612 0.354021 2.60445 
-2.48774 -1.50583 -2.4706 1.14109 1.42692 0.961792 0.756601 -2.17609 -2.14503 -0.971479 -1.02122 1.39455 0.931165 1.05927 1.06795 2.58431 2.85494 0.32811 2.61989 -2.41112 0.799356 -1.85668 2.41716 2.76278 2.6654 -2.96192 -2.80492 0.65762 0.36902 2.60518 
-2.49634 -1.50507 -2.46404 1.1284 1.41984 0.962014 0.748071 -2.17969 -2.15954 -0.9652 -1.01108 1.38351 0.931692 1.05819 1.05439 2.58825 2.85112 0.337176 2.62263 -2.40812 0.797065 -1.86416 2.40643 2.76725 2.67126 -2.96152 -2.7943 0.652026 0.386666 2.61429 
-2.50203 -1.5003 -2.46162 1.11921 1.41543 0.965529 0.741113 -2.18488 -2.17765 -0.961523 -1.00094 1.36764 0.93162 1.05565 1.0378 2.59524 2.85465 0.339022 2.62388 -2.41104 0.798648 -1.87128 2.39347 2.76747 2.67648 -2.96494 -2.77649 0.650445 0.405226 2.61396 
-2.50415 -1.49392 -2.46203 1.10606 1.40768 0.97088 0.74206 -2.18965 -2.19934 -0.956743 -0.992478 1.35641 0.939429 1.0545 1.02334 2.60133 2.85579 0.338927 2.61693 -2.42813 0.799806 -1.87353 2.38441 2.77483 2.68645 -2.9662 -2.75899 0.652435 0.422866 2.6168 
-2.50098 -1.49887 -2.46524 1.08597 1.40291 0.974567 0.754359 -2.18759 -2.2108 -0.945859 -0.990062 1.35856 0.94236 1.06168 1.02409 2.60845 2.85912 0.345557 2.5931 -2.45716 0.798699 -1.86489 2.38854 2.78362 2.70112 -2.97387 -2.77468 0.655957 0.434288 2.6032 
-2.49967 -1.49951 -2.46851 1.06766 1.40253 0.970988 0.766926 -2.18085 -2.21737 -0.923585 -0.985608 1.36562 0.946558 1.0636 1.03319 2.6112 2.85923 0.350564 2.55832 -2.48899 0.803565 -1.85642 2.38694 2.79187 2.71434 -2.97714 -2.78732 0.668948 0.437579 2.57546 
-2.51148 -1.50015 -2.46982 1.05437 1.40947 0.959365 0.778956 -2.17389 -2.22108 -0.889814 -0.984818 1.3706 0.946407 1.06362 1.04264 2.62212 2.86152 0.351864 2.52165 -2.51627 0.819643 -1.84862 2.37763 2.7952 2.71598 -2.9857 -2.79436 0.681893 0.444739 2.54966 
-2.52003 -1.50702 -2.46379 1.06305 1.43233 0.943091 0.784543 -2.1713 -2.22918 -0.865931 -0.983906 1.36334 0.94014 1.05498 1.01925 2.64483 2.84435 0.358017 2.51088 -2.50182 0.832976 -1.83781 2.36093 2.79027 2.71155 -2.99484 -2.80457 0.674759 0.469328 2.51908 
-2.52882 -1.50943 -2.44595 1.07901 1.4213 0.934113 0.779797 -2.16549 -2.22696 -0.855083 -0.989712 1.37143 0.919543 1.04394 1.01018 2.66236 2.83284 0.347513 2.5055 -2.49606 0.840698 -1.83916 2.3566 2.78466 2.691 -3.01403 -2.80365 0.675041 0.494508 2.50928 
-2.53207 -1.51725 -2.4238 1.09488 1.4264 0.924514 0.767866 -2.16835 -2.22469 -0.849316 -0.977787 1.38064 0.901571 1.04666 0.996343 2.66288 2.82519 0.350936 2.50454 -2.4946 0.838291 -1.83222 2.35812 2.7728 2.67542 -3.03403 -2.82874 0.676239 0.516358 2.49963 
-2.53886 -1.53502 -2.40716 1.09795 1.43248 0.91566 0.74949 -2.17318 -2.22654 -0.853792 -0.962205 1.3849 0.885157 1.05813 0.985172 2.67021 2.81958 0.35468 2.51046 -2.49001 0.836102 -1.8217 2.34885 2.76317 2.65878 -3.05324 -2.85009 0.677332 0.535532 2.49495 
-2.5306 -1.54654 -2.403 1.09357 1.45053 0.883774 0.751095 -2.17218 -2.20224 -0.862336 -0.943382 1.38763 0.887684 1.0695 1.00713 2.66706 2.82705 0.35734 2.50488 -2.481 0.827137 -1.82159 2.34278 2.75818 2.64561 -3.07427 -2.89488 0.687673 0.556457 2.50448 
-2.51834 -1.55092 -2.41603 1.09115 1.4614 0.846173 0.739104 -2.17981 -2.18833 -0.86714 -0.923057 1.39418 0.894079 1.07746 1.01741 2.66061 2.82563 0.351627 2.49688 -2.47948 0.819045 -1.80747 2.34642 2.75173 2.63934 -3.10229 -2.93282 0.694781 0.574121 2.50806 
-2.50416 -1.56041 -2.43507 1.09476 1.46937 0.796566 0.729747 -2.18548 -2.16277 -0.855391 -0.893026 1.39455 0.903119 1.07826 1.02751 2.65031 2.81281 0.351593 2.48167 -2.4806 0.802815 -1.78936 2.33731 2.74867 2.65238 -3.11898 -2.95894 0.694284 0.595225 2.50826 
-2.48124 -1.5738 -2.46553 1.10409 1.47486 0.74542 0.709525 -2.18519 -2.12719 -0.848528 -0.853043 1.40408 0.917238 1.06624 1.04696 2.63016 2.79542 0.342216 2.46004 -2.46694 0.771323 -1.76047 2.34004 2.74171 2.67718 -3.12738 -2.9894 0.685282 0.624512 2.48014 
-2.43966 -1.61 -2.52584 1.13922 1.49419 0.642161 0.672221 -2.1799 -2.05236 -0.829273 -0.799679 1.41808 0.965927 1.04203 1.07114 2.5822 2.74165 0.336147 2.42419 -2.43327 0.718274 -1.71148 2.34576 2.71759 2.75069 -3.11548 -3.02079 0.658847 0.673304 2.39904 
-2.39226 -1.64497 -2.58894 1.16542 1.50611 0.538459 0.642003 -2.1735 -1.98598 -0.804554 -0.745767 1.4306 1.012 1.01909 1.08551 2.54676 2.6893 0.329195 2.39521 -2.39532 0.675306 -1.67493 2.35226 2.69641 2.82345 -3.09997 -3.04772 0.636347 0.702278 2.3259 
-2.30412 -1.70008 -2.69016 1.23075 1.50711 0.405133 0.5823 -2.14807 -1.8646 -0.726188 -0.652558 1.41883 1.08883 0.98666 1.06986 2.49953 2.56862 0.343267 2.33981 -2.35835 0.621163 -1.62512 2.31257 2.66129 2.98408 -3.02377 -3.02927 0.575567 0.746269 2.15356 
-2.2632 -1.70463 -2.72252 1.24568 1.51092 0.378097 0.581117 -2.15638 -1.83687 -0.688264 -0.611278 1.41369 1.09694 0.97974 1.06967 2.50994 2.49811 0.351828 2.32759 -2.34718 0.619156 -1.60936 2.29191 2.64604 3.04344 -3.01603 -3.0301 0.567277 0.747286 2.09039 
-2.18107 -1.74538 -2.7981 1.28209 1.52655 0.293493 0.539834 -2.13061 -1.74667 -0.616092 -0.544441 1.41678 1.15389 0.949158 1.06854 2.4833 2.39323 0.351464 2.30098 -2.30686 0.5713 -1.55321 2.24538 2.62877 3.1688 -2.93686 -3.02991 0.529802 0.760958 1.92968 
-2.16801 -1.73343 -2.78295 1.2778 1.55296 0.308535 0.551158 -2.14514 -1.76251 -0.594925 -0.547173 1.41578 1.12854 0.946352 1.04911 2.51669 2.34279 0.365242 2.309 -2.29817 0.58874 -1.54516 2.2235 2.6306 3.15493 -2.91535 -3.01447 0.552904 0.748111 1.9208 
-2.17897 -1.70617 -2.76669 1.26229 1.58381 0.31768 0.567319 -2.15326 -1.81697 -0.577578 -0.561514 1.4108 1.08773 0.955667 1.02279 2.56281 2.35238 0.373954 2.29776 -2.30879 0.615032 -1.56105 2.20246 2.63368 3.09021 -2.94453 -2.99424 0.583499 0.7342 1.98077 
-2.18895 -1.68573 -2.77814 1.26491 1.60628 0.30587 0.560097 -2.15472 -1.84208 -0.558003 -0.57753 1.39126 1.03909 0.97243 0.987213 2.58601 2.36325 0.383542 2.2694 -2.30538 0.629215 -1.57529 2.17736 2.62223 3.03998 -2.95143 -2.9618 0.605837 0.730223 2.07965 
-2.21758 -1.64714 -2.78088 1.27459 1.63793 0.301977 0.572441 -2.17308 -1.86574 -0.527702 -0.599243 1.35799 0.971147 0.994991 0.925446 2.62342 2.41746 0.391477 2.24264 -2.30872 0.64907 -1.60057 2.14707 2.61064 2.95102 -2.98349 -2.90301 0.641031 0.732269 2.16358 
-2.23971 -1.61063 -2.78348 1.28106 1.6599 0.32991 0.60177 -2.19951 -1.90669 -0.486432 -0.631167 1.33995 0.931334 1.0286 0.872267 2.66842 2.45152 0.400041 2.24082 -2.3373 0.668085 -1.62157 2.12572 2.61324 2.85498 -3.05677 -2.81854 0.654397 0.729098 2.22277 
-2.27554 -1.58087 -2.78967 1.28644 1.67346 0.379656 0.616912 -2.22387 -1.95941 -0.452677 -0.682946 1.3271 0.898215 1.06945 0.831511 2.71197 2.4768 0.418801 2.24539 -2.37458 0.683763 -1.64264 2.11816 2.61645 2.77375 -3.11682 -2.73355 0.652653 0.725198 2.26222 
-2.30004 -1.55786 -2.81048 1.29772 1.68608 0.453234 0.626413 -2.23913 -2.01334 -0.425556 -0.744616 1.3174 0.880883 1.12338 0.812988 2.73901 2.49445 0.433991 2.25736 -2.42311 0.696781 -1.65435 2.10306 2.62462 2.71024 -3.16527 -2.65655 0.635089 0.722862 2.30217 
-2.30611 -1.53958 -2.84093 1.31498 1.70288 0.533442 0.624238 -2.26809 -2.08723 -0.389587 -0.813616 1.32644 0.864066 1.16362 0.784104 2.77396 2.5097 0.419752 2.25597 -2.49001 0.72713 -1.65568 2.07248 2.61541 2.63375 -3.2138 -2.58785 0.614953 0.706398 2.31787 
-2.32391 -1.50348 -2.87782 1.2941 1.70936 0.628318 0.607888 -2.26855 -2.16759 -0.370749 -0.901764 1.38212 0.844576 1.1532 0.827922 2.78661 2.57394 0.371084 2.2112 -2.59919 0.771597 -1.71012 2.03935 2.59004 2.53884 -3.26896 -2.56069 0.583132 0.700104 2.27384 
-2.33536 -1.47387 -2.91998 1.28433 1.72205 0.714313 0.588222 -2.26434 -2.24004 -0.351327 -1.00923 1.43561 0.83507 1.13797 0.999175 2.81084 2.65762 0.316746 2.17224 -2.73494 0.82572 -1.7623 2.00289 2.55769 2.44917 -3.32896 -2.53449 0.542846 0.679906 2.21885 
-2.33073 -1.47539 -2.94578 1.3345 1.74768 0.759008 0.569602 -2.28673 -2.291 -0.31795 -1.09847 1.44275 0.847553 1.15663 1.15576 2.85028 2.66384 0.290246 2.19714 -2.80444 0.874649 -1.73981 1.96562 2.53512 2.39765 -3.37738 -2.52129 0.539733 0.630491 2.25192 
-2.31684 -1.49829 -2.95963 1.34797 1.75605 0.793123 0.5303 -2.27733 -2.31858 -0.321017 -1.13073 1.44855 0.85659 1.15522 1.24473 2.85614 2.63692 0.257691 2.23209 -2.85391 0.890705 -1.73531 1.96768 2.53485 2.36907 -3.4099 -2.53447 0.542895 0.572316 2.28121 
-2.29704 -1.53351 -2.98638 1.29657 1.77224 0.832447 0.460046 -2.29805 -2.32854 -0.328262 -1.1331 1.44075 0.858323 1.18531 1.28458 2.8296 2.62649 0.198585 2.27445 -2.8627 0.895473 -1.73889 1.99353 2.5423 2.35397 -3.43406 -2.56855 0.561941 0.531028 2.30443 
-2.29809 -1.56121 -3.00293 1.24948 1.79387 0.862308 0.387041 -2.30529 -2.34853 -0.350028 -1.12667 1.41255 0.828354 1.20847 1.30976 2.79584 2.62019 0.160599 2.30577 -2.85675 0.900332 -1.72452 2.03386 2.5544 2.31556 -3.43536 -2.59335 0.584476 0.501445 2.33023 
