Mean 0 Mean 1 Mean 2 Mean 3 Mean 4 Mean 5 Mean 6 Mean 7 Mean 8 Mean 9 Mean 10 Mean 11 Mean 12 Mean 13 Mean 14 Mean 15 Mean 16 Mean 17 Mean 18 Mean 19 Mean 20 Mean 21 Mean 22 Mean 23 Mean 24 Mean 25 Mean 26 Mean 27 Mean 28 Mean 29 
-2.52919 -2.03672 -2.51303 -2.72604 1.75328 -0.791879 0.891787 -2.32924 -2.66106 -2.65678 -0.742056 1.27488 0.902103 0.982422 -2.25588 2.68394 -0.154998 0.347432 2.34547 -1.93599 2.49972 -2.51076 2.73802 -0.590324 2.96697 2.21728 0.0534716 0.390988 0.25896 -0.0624709 
-2.5254 -2.02945 -2.51262 -2.72936 1.74904 -0.795599 0.893168 -2.33271 -2.66849 -2.65794 -0.744022 1.27085 0.900074 0.986161 -2.25289 2.68879 -0.157265 0.345004 2.35088 -1.94524 2.5011 -2.51309 2.74225 -0.592595 2.96549 2.21405 0.0604736 0.402711 0.248081 -0.0511677 
-2.51765 -2.03578 -2.5171 -2.73854 1.74797 -0.801708 0.887272 -2.33201 -2.68532 -2.65989 -0.736914 1.26059 0.903288 0.989572 -2.25105 2.68391 -0.160817 0.339045 2.35009 -1.95034 2.50371 -2.511 2.74669 -0.590227 2.96142 2.21283 0.0716203 0.397108 0.254111 -0.049317 
-2.51039 -2.03554 -2.52074 -2.7435 1.74344 -0.804189 0.893804 -2.33441 -2.69085 -2.66112 -0.727419 1.26395 0.900643 0.99984 -2.24698 2.67902 -0.162332 0.336824 2.34983 -1.9654 2.5004 -2.5084 2.74667 -0.59282 2.95736 2.20862 0.0839459 0.403933 0.249433 -0.0549421 
-2.50265 -2.03527 -2.51306 -2.73987 1.72062 -0.79904 0.903198 -2.34434 -2.69314 -2.6612 -0.716184 1.27824 0.90454 1.00295 -2.24613 2.67114 -0.164112 0.333192 2.35654 -1.9945 2.48722 -2.50554 2.74669 -0.593071 2.94743 2.20753 0.0887814 0.410143 0.236334 -0.0624146 
-2.49589 -2.03174 -2.50949 -2.74061 1.7197 -0.794624 0.906965 -2.34507 -2.69995 -2.66616 -0.703979 1.28467 0.909452 1.00268 -2.24282 2.65962 -0.1728 0.329629 2.35385 -2.01666 2.47818 -2.4931 2.7499 -0.58703 2.94201 2.20571 0.0901586 0.405881 0.234582 -0.0768112 
-2.48979 -2.02939 -2.50714 -2.73601 1.73623 -0.802405 0.888441 -2.33273 -2.70068 -2.66449 -0.683957 1.27996 0.916935 1.0003 -2.25198 2.64279 -0.198895 0.333011 2.33876 -2.0208 2.47266 -2.46682 2.74652 -0.571212 2.94408 2.19986 0.0935941 0.396044 0.26257 -0.0984574 
-2.4867 -2.02233 -2.50489 -2.74168 1.74285 -0.80245 0.885483 -2.32515 -2.70388 -2.6593 -0.673982 1.27733 0.921299 1.00363 -2.25689 2.63739 -0.208708 0.331776 2.32107 -2.02962 2.46587 -2.46151 2.74437 -0.564457 2.9559 2.19615 0.0906658 0.389923 0.276287 -0.113241 
-2.49627 -2.02425 -2.50643 -2.75524 1.7372 -0.807695 0.877959 -2.31915 -2.71167 -2.63848 -0.664557 1.2738 0.91941 1.00794 -2.2599 2.63984 -0.209679 0.328919 2.30347 -2.0238 2.46897 -2.475 2.73946 -0.56458 2.96389 2.19609 0.0978662 0.398937 0.298333 -0.109862 
-2.52194 -2.025 -2.51247 -2.77016 1.7246 -0.812851 0.827686 -2.31301 -2.73781 -2.6358 -0.645175 1.2548 0.902755 1.01911 -2.26811 2.64807 -0.199567 0.333022 2.27689 -2.02576 2.46597 -2.49144 2.73092 -0.578767 2.98302 2.17909 0.115979 0.428034 0.343711 -0.0897405 
-2.55135 -2.03024 -2.51097 -2.78724 1.70398 -0.820533 0.751832 -2.31031 -2.77583 -2.64078 -0.607415 1.22155 0.871704 1.03445 -2.27607 2.65481 -0.187237 0.341894 2.25438 -2.03342 2.46679 -2.5091 2.72241 -0.600211 3.0111 2.15259 0.146208 0.466104 0.409512 -0.0597506 
-2.57692 -2.03811 -2.50361 -2.79613 1.68602 -0.834302 0.688166 -2.30387 -2.8068 -2.6423 -0.570044 1.18477 0.84492 1.04034 -2.28466 2.65188 -0.175657 0.350651 2.23194 -2.04466 2.46522 -2.52536 2.71146 -0.619804 3.03257 2.12802 0.172223 0.491761 0.469749 -0.0359649 
-2.56256 -2.0327 -2.4933 -2.79723 1.69327 -0.856111 0.687323 -2.30359 -2.80273 -2.62274 -0.561853 1.16411 0.847651 1.04531 -2.27782 2.64593 -0.160017 0.352825 2.21958 -2.04799 2.46673 -2.53949 2.6824 -0.612426 3.04671 2.10958 0.15407 0.489526 0.474271 -0.02575 
-2.5491 -2.02852 -2.48154 -2.79648 1.70573 -0.881661 0.692746 -2.30932 -2.79421 -2.60555 -0.562135 1.14352 0.852289 1.05615 -2.27319 2.6437 -0.145344 0.35653 2.19728 -2.0499 2.46095 -2.54975 2.66121 -0.599836 3.05748 2.08831 0.121351 0.48309 0.477888 -0.0279983 
-2.55676 -2.02532 -2.46898 -2.80491 1.70304 -0.895803 0.697082 -2.31973 -2.80083 -2.59472 -0.572639 1.13489 0.854838 1.0663 -2.27001 2.64689 -0.121143 0.362518 2.17501 -2.05417 2.45475 -2.55587 2.65841 -0.592494 3.05627 2.06791 0.0887054 0.475751 0.489802 -0.0406158 
-2.55269 -2.01819 -2.46386 -2.80775 1.69099 -0.900135 0.708621 -2.33543 -2.79559 -2.58725 -0.586413 1.13823 0.858454 1.07012 -2.26614 2.64674 -0.100871 0.361312 2.15653 -2.04661 2.45281 -2.56644 2.65356 -0.58684 3.05727 2.05826 0.0533383 0.472659 0.49823 -0.0524674 
-2.54789 -2.00999 -2.4581 -2.80805 1.68028 -0.908322 0.7236 -2.34987 -2.78992 -2.57806 -0.597838 1.14293 0.866907 1.07099 -2.26177 2.65505 -0.079233 0.362574 2.14006 -2.03957 2.45022 -2.5771 2.64644 -0.576804 3.05873 2.04071 0.0153208 0.472605 0.505917 -0.0623109 
-2.54325 -1.99972 -2.4596 -2.81836 1.6618 -0.908451 0.733863 -2.35839 -2.77919 -2.57119 -0.615689 1.15046 0.875912 1.07095 -2.27307 2.66312 -0.0645434 0.362008 2.12311 -2.03666 2.45419 -2.58488 2.63789 -0.577733 3.05048 2.04243 -0.00691143 0.475147 0.519 -0.0726615 
-2.53438 -1.98966 -2.4661 -2.81324 1.64748 -0.906765 0.736398 -2.36454 -2.76983 -2.56558 -0.62799 1.15781 0.88584 1.05886 -2.27912 2.67281 -0.0528168 0.362219 2.10865 -2.04072 2.45351 -2.58866 2.63053 -0.577435 3.05276 2.04463 -0.0353908 0.477229 0.528024 -0.091898 
-2.52488 -1.982 -2.47288 -2.80136 1.64877 -0.91974 0.743381 -2.37361 -2.76798 -2.56176 -0.634542 1.15906 0.881703 1.05262 -2.28498 2.6847 -0.0401941 0.368921 2.10373 -2.04707 2.45864 -2.59514 2.62282 -0.58906 3.05546 2.04637 -0.0662813 0.474442 0.5431 -0.0968023 
-2.51634 -1.97099 -2.48609 -2.79821 1.65953 -0.940807 0.736053 -2.37174 -2.76007 -2.5692 -0.649578 1.15306 0.87115 1.04155 -2.28525 2.69866 -0.0313716 0.372136 2.0845 -2.04319 2.46185 -2.60043 2.61416 -0.599511 3.04694 2.04442 -0.0883717 0.473157 0.541216 -0.105972 
-2.49999 -1.95877 -2.49706 -2.79829 1.66586 -0.963754 0.737599 -2.36974 -2.75438 -2.57009 -0.655523 1.16372 0.861032 1.03812 -2.2765 2.71847 -0.0237933 0.364974 2.07455 -2.0447 2.47197 -2.6065 2.60787 -0.607197 3.04819 2.04617 -0.117579 0.465753 0.54008 -0.118567 
-2.47856 -1.94642 -2.50278 -2.79286 1.67866 -0.978995 0.74235 -2.36799 -2.73617 -2.56886 -0.651863 1.17661 0.845152 1.04517 -2.27245 2.73856 -0.0355846 0.356761 2.07722 -2.03542 2.48986 -2.61589 2.60098 -0.617598 3.04694 2.04319 -0.136237 0.456346 0.539357 -0.133218 
-2.47041 -1.92828 -2.54036 -2.78157 1.68471 -0.996885 0.738694 -2.36123 -2.72157 -2.56689 -0.677749 1.17978 0.824864 1.03592 -2.25426 2.76252 -0.0472829 0.361236 2.07604 -2.02361 2.50747 -2.63275 2.59588 -0.631032 3.03555 2.02583 -0.160832 0.432577 0.540223 -0.160414 
-2.44764 -1.90849 -2.58267 -2.78566 1.69495 -1.02043 0.725921 -2.36744 -2.70822 -2.55394 -0.713719 1.17273 0.808882 1.02862 -2.2344 2.77173 -0.0442756 0.377675 2.07362 -2.00466 2.51162 -2.64298 2.59214 -0.647664 3.028 2.00469 -0.181831 0.414187 0.542412 -0.180333 
-2.44841 -1.88026 -2.61023 -2.77071 1.72695 -1.05174 0.721283 -2.3727 -2.7081 -2.54574 -0.717507 1.1571 0.792073 1.00048 -2.25089 2.77009 -0.0534674 0.383178 2.0515 -1.97153 2.49836 -2.6281 2.60185 -0.660162 3.01064 2.00991 -0.200396 0.430126 0.551274 -0.182958 
-2.45077 -1.85052 -2.646 -2.76809 1.76061 -1.09519 0.710955 -2.38073 -2.71155 -2.54622 -0.730353 1.13223 0.755097 0.978254 -2.25382 2.76361 -0.0504223 0.390192 2.024 -1.91289 2.46554 -2.61603 2.61111 -0.675249 2.9961 2.017 -0.205515 0.444999 0.541231 -0.185457 
-2.44919 -1.83347 -2.67104 -2.75874 1.79348 -1.14072 0.69081 -2.38907 -2.70456 -2.54424 -0.7172 1.11196 0.736616 0.972034 -2.26265 2.74367 -0.0451577 0.390651 1.99706 -1.87638 2.43206 -2.61482 2.63246 -0.677397 2.97313 2.02449 -0.195232 0.462842 0.538086 -0.171951 
-2.46127 -1.83778 -2.7016 -2.74102 1.80596 -1.16148 0.685826 -2.40131 -2.70792 -2.54599 -0.70664 1.10529 0.756272 1.0138 -2.27053 2.72063 -0.055315 0.369175 2.00711 -1.87334 2.41625 -2.61897 2.68119 -0.66405 2.95598 2.05493 -0.212663 0.451726 0.512953 -0.146629 
-2.46613 -1.85157 -2.71549 -2.73177 1.81255 -1.16387 0.697963 -2.41502 -2.7112 -2.54226 -0.674704 1.10133 0.798786 1.05568 -2.27815 2.68548 -0.0787978 0.351734 2.01906 -1.90034 2.40815 -2.60501 2.73342 -0.660245 2.94995 2.07443 -0.234184 0.441315 0.490536 -0.129239 
-2.4442 -1.85208 -2.73028 -2.72977 1.81552 -1.16052 0.719105 -2.43556 -2.73561 -2.537 -0.627681 1.11982 0.835517 1.09461 -2.29371 2.6635 -0.121041 0.342582 2.03872 -1.95 2.3976 -2.57466 2.75842 -0.674867 2.96664 2.06134 -0.22775 0.447758 0.472903 -0.106074 
-2.42689 -1.85613 -2.75093 -2.72362 1.81214 -1.16657 0.74511 -2.43921 -2.76924 -2.53229 -0.576952 1.13178 0.871733 1.12709 -2.30374 2.63558 -0.179217 0.331992 2.06177 -1.99862 2.37962 -2.54912 2.78423 -0.696818 2.98019 2.05305 -0.21589 0.448669 0.457104 -0.0840421 
-2.42214 -1.86219 -2.76227 -2.69933 1.78814 -1.16288 0.763178 -2.43997 -2.79841 -2.54563 -0.534145 1.15327 0.887546 1.14077 -2.30583 2.62515 -0.220584 0.314178 2.09026 -2.02195 2.36831 -2.53037 2.80793 -0.706682 2.97764 2.01829 -0.187484 0.447808 0.453286 -0.0709016 
-2.41401 -1.85041 -2.78972 -2.66848 1.78194 -1.16753 0.776009 -2.44918 -2.81267 -2.55123 -0.483335 1.17192 0.89313 1.15414 -2.31902 2.60313 -0.254761 0.292109 2.11213 -2.03814 2.35293 -2.50481 2.83242 -0.716512 2.95982 1.99675 -0.174756 0.462141 0.447266 -0.0606289 
-2.4238 -1.86077 -2.82244 -2.63568 1.77307 -1.17495 0.779841 -2.45372 -2.82955 -2.5398 -0.467894 1.17021 0.903067 1.15907 -2.34306 2.59176 -0.274196 0.277103 2.12351 -2.04046 2.33249 -2.48138 2.84847 -0.713102 2.91707 1.98579 -0.145773 0.457704 0.431668 -0.0468536 
-2.42571 -1.88407 -2.85936 -2.59035 1.78439 -1.16708 0.777489 -2.47288 -2.85746 -2.50963 -0.478518 1.17402 0.905524 1.18865 -2.39569 2.61665 -0.294705 0.266729 2.12921 -2.05272 2.3382 -2.4485 2.83902 -0.709881 2.86141 1.96235 -0.0935606 0.439027 0.411932 -0.0195843 
-2.41963 -1.87048 -2.89824 -2.56346 1.79985 -1.16129 0.783552 -2.48054 -2.85384 -2.4797 -0.499469 1.17572 0.924662 1.24812 -2.43705 2.62653 -0.306369 0.239407 2.12141 -2.04538 2.35246 -2.41191 2.83554 -0.722049 2.81997 1.95113 -0.0682925 0.424216 0.393298 -0.00473909 
-2.39592 -1.84752 -2.93134 -2.53756 1.81715 -1.14628 0.786909 -2.49224 -2.85893 -2.44902 -0.523901 1.17274 0.934433 1.30373 -2.48222 2.63695 -0.316456 0.215611 2.12202 -2.04899 2.36655 -2.37326 2.81454 -0.739213 2.77438 1.93909 -0.038662 0.415176 0.368532 0.00571552 
-2.35652 -1.83426 -2.94352 -2.48439 1.83319 -1.12303 0.799354 -2.50815 -2.86031 -2.41864 -0.564467 1.17143 0.927256 1.35493 -2.52192 2.65005 -0.341685 0.21193 2.16384 -2.04792 2.3868 -2.33368 2.78376 -0.759844 2.72944 1.9325 -0.0139211 0.436739 0.34833 0.012257 
-2.31667 -1.83814 -2.95174 -2.40481 1.85803 -1.0942 0.797116 -2.51701 -2.86356 -2.38824 -0.625265 1.16594 0.891771 1.4035 -2.56264 2.6774 -0.361294 0.207181 2.18616 -2.06414 2.42453 -2.29577 2.74697 -0.788272 2.67185 1.93946 0.0319629 0.452375 0.312896 0.0128014 
