Mean 0 Mean 1 Mean 2 Mean 3 Mean 4 Mean 5 Mean 6 Mean 7 Mean 8 Mean 9 Mean 10 Mean 11 Mean 12 Mean 13 Mean 14 Mean 15 Mean 16 Mean 17 Mean 18 Mean 19 Mean 20 Mean 21 Mean 22 Mean 23 Mean 24 Mean 25 Mean 26 Mean 27 Mean 28 Mean 29 
-1.33932 -1.98614 -1.22357 -1.39324 2.31381 -1.21491 0.999931 1.00304 0.956122 -1.26742 -1.02878 2.03178 0.911479 -1.34047 -1.85646 2.58033 -1.11185 2.38255 2.76936 0.516852 -0.109961 0.6729 1.74512 -2.99341 2.61835 0.731683 1.01981 1.80089 2.37099 -0.0171995 
-1.33892 -1.98059 -1.22892 -1.40634 2.32091 -1.2167 0.999317 1.0016 0.953756 -1.26746 -1.02382 2.01656 0.900887 -1.33657 -1.86353 2.57936 -1.10874 2.39068 2.76741 0.512974 -0.112498 0.672317 1.74207 -2.99419 2.62244 2.01101 1.02533 1.80301 2.37828 -0.0112227 
-1.347 -1.9738 -1.22259 -1.41783 2.32449 -1.22383 0.997108 0.995188 0.95494 -1.26325 -1.02487 2.0108 0.888967 -1.33421 -1.87983 2.57666 -1.11656 2.38746 2.76973 0.505147 -0.114226 0.672411 1.73749 -2.99235 2.62912 2.43238 1.0237 1.80368 2.39203 -0.015008 
-1.34255 -1.97913 -1.22965 -1.4294 2.32317 -1.23015 0.9902 0.994373 0.951656 -1.26573 -1.02915 1.99936 0.886604 -1.33243 -1.87426 2.57425 -1.11302 2.38934 2.78247 0.50226 -0.120672 0.664742 1.73689 -2.98765 2.62714 2.64775 1.02073 1.81032 2.38272 -0.0116342 
-1.37053 -1.97879 -1.24757 -1.45034 2.30962 -1.23006 0.98796 0.990682 0.94656 -1.26598 -1.03242 2.00021 0.895513 -1.32049 -1.87982 2.57011 -1.1015 2.38226 2.7722 0.497623 -0.138836 0.665755 1.72398 -3.00047 2.61112 2.7749 1.01884 1.81594 2.39306 -0.0163938 
-1.36113 -1.98121 -1.24705 -1.45981 2.30156 -1.23935 0.990402 0.987581 0.942291 -1.25985 -1.02321 1.98611 0.901655 -1.31287 -1.89233 2.57239 -1.09557 2.37075 2.78877 0.485379 -0.159264 0.661401 1.71378 -2.99736 2.60535 2.84921 1.02563 1.82338 2.392 -0.0272903 
-1.364 -1.97799 -1.24603 -1.46683 2.30177 -1.25214 0.988319 0.983514 0.93897 -1.25518 -1.0153 1.97178 0.898752 -1.3055 -1.89221 2.57694 -1.09573 2.36774 2.79374 0.476136 -0.170511 0.655624 1.70695 -2.99479 2.61102 2.88851 1.01577 1.8236 2.39239 -0.0284621 
-1.36578 -1.97423 -1.23648 -1.47591 2.30114 -1.2618 0.994345 0.964926 0.930418 -1.24515 -1.00269 1.96671 0.894123 -1.30498 -1.89552 2.57432 -1.10096 2.37176 2.80314 0.462154 -0.181038 0.643465 1.70592 -2.9959 2.62112 2.92042 1.00331 1.82084 2.39563 -0.0348082 
-1.36223 -1.96554 -1.22141 -1.49009 2.29552 -1.27585 1.00207 0.955798 0.919399 -1.22956 -0.992684 1.96373 0.888027 -1.29293 -1.89511 2.56 -1.12074 2.37039 2.80991 0.44412 -0.19537 0.626051 1.69738 -2.9754 2.63775 2.93601 0.991816 1.82471 2.39838 -0.051737 
-1.36194 -1.96341 -1.21953 -1.50303 2.2856 -1.28282 1.01067 0.94961 0.908511 -1.21651 -0.989358 1.96998 0.890005 -1.28426 -1.88049 2.54673 -1.13264 2.37033 2.80526 0.436347 -0.200767 0.614415 1.68277 -2.96598 2.65175 2.93988 0.989582 1.83064 2.40668 -0.0568231 
-1.36496 -1.9622 -1.22036 -1.52573 2.27378 -1.28347 1.01288 0.954836 0.885093 -1.20993 -0.994782 1.96581 0.887811 -1.28916 -1.8526 2.55362 -1.13614 2.36839 2.77687 0.437906 -0.208466 0.594485 1.67452 -2.95222 2.66423 2.94662 0.988888 1.83847 2.40733 -0.0516272 
-1.36402 -1.95878 -1.22452 -1.54002 2.2727 -1.28469 1.01887 0.95728 0.872624 -1.20174 -0.991865 1.96395 0.890066 -1.28771 -1.84037 2.55625 -1.132 2.36995 2.75788 0.435871 -0.201899 0.58678 1.66693 -2.9496 2.67273 2.94454 0.987792 1.84355 2.41537 -0.0524506 
-1.37311 -1.94759 -1.22435 -1.54614 2.27632 -1.2854 1.02291 0.967226 0.860813 -1.19758 -0.990858 1.94459 0.889465 -1.28365 -1.84143 2.55995 -1.1161 2.37287 2.73666 0.434902 -0.204632 0.574949 1.66305 -2.92804 2.6808 2.95728 0.975374 1.84474 2.42996 -0.0694312 
-1.37954 -1.94059 -1.22963 -1.55 2.28843 -1.28694 1.03608 0.977478 0.842602 -1.19737 -0.989516 1.9172 0.882576 -1.29143 -1.84479 2.5669 -1.09545 2.38485 2.72093 0.454436 -0.194585 0.566577 1.65165 -2.92261 2.68571 2.97612 0.942993 1.83598 2.44467 -0.0888788 
-1.38859 -1.93187 -1.22943 -1.54364 2.28654 -1.29152 1.04218 0.980669 0.830518 -1.19334 -0.981093 1.89124 0.870399 -1.29583 -1.85933 2.56764 -1.07151 2.3936 2.71713 0.478129 -0.178803 0.559834 1.64674 -2.92778 2.6747 2.98517 0.923269 1.83061 2.47096 -0.102809 
-1.38834 -1.92914 -1.22746 -1.54524 2.29015 -1.30009 1.04956 0.985218 0.816968 -1.19106 -0.98222 1.86743 0.855725 -1.29644 -1.87093 2.58046 -1.05104 2.40313 2.70999 0.510639 -0.155547 0.547517 1.63442 -2.93249 2.65664 2.99167 0.899781 1.82072 2.48828 -0.118266 
-1.38332 -1.93535 -1.22836 -1.54571 2.29292 -1.30857 1.04247 0.9959 0.805203 -1.18748 -0.977781 1.83659 0.845801 -1.29625 -1.8763 2.58705 -1.03939 2.41484 2.69309 0.527805 -0.136643 0.533222 1.61732 -2.93848 2.6518 3.00515 0.884208 1.81633 2.51015 -0.122701 
-1.38229 -1.9215 -1.22339 -1.55466 2.29461 -1.31388 1.04465 1.02351 0.81568 -1.15598 -0.964434 1.83567 0.83222 -1.30192 -1.83137 2.58993 -1.01892 2.40457 2.65247 0.490866 -0.120609 0.495073 1.59857 -2.91873 2.62838 3.01137 0.861155 1.81387 2.49754 -0.13991 
-1.32828 -1.93439 -1.2093 -1.54005 2.29478 -1.31966 1.03267 1.04796 0.857182 -1.1615 -0.961329 1.83919 0.820034 -1.30135 -1.80025 2.59368 -1.03324 2.39439 2.6674 0.512278 -0.111377 0.471326 1.56762 -2.88623 2.61295 3.0129 0.824822 1.79985 2.48624 -0.101676 
-1.27368 -1.94641 -1.19981 -1.51812 2.29335 -1.33451 1.02209 1.05357 0.900178 -1.16821 -0.955847 1.83554 0.812261 -1.29286 -1.77769 2.60619 -1.05767 2.38402 2.68713 0.543446 -0.102478 0.453883 1.5392 -2.85616 2.60465 3.014 0.786842 1.78545 2.48039 -0.0582791 
-1.25097 -1.95302 -1.2049 -1.4903 2.29839 -1.34841 1.01729 1.04671 0.933587 -1.16543 -0.952006 1.82033 0.808337 -1.28139 -1.76419 2.61669 -1.087 2.37403 2.69346 0.563227 -0.105363 0.441307 1.5232 -2.82281 2.60686 3.02479 0.757286 1.78363 2.47469 -0.0130297 
-1.24884 -1.95804 -1.22391 -1.48422 2.3053 -1.35844 1.01737 1.03124 0.955128 -1.15983 -0.934265 1.80038 0.804235 -1.27125 -1.75917 2.61668 -1.11176 2.35135 2.68459 0.567158 -0.125172 0.448455 1.51482 -2.79131 2.60365 3.02992 0.729346 1.78028 2.47354 0.0164117 
-1.28282 -1.96333 -1.2759 -1.4857 2.31247 -1.38888 1.02288 1.05631 0.965796 -1.12626 -0.927144 1.77948 0.828743 -1.28345 -1.75904 2.61868 -1.14058 2.33018 2.64013 0.543396 -0.109221 0.465186 1.51342 -2.78181 2.59396 3.02199 0.719093 1.75126 2.48285 0.0416304 
-1.35848 -1.95932 -1.35401 -1.49421 2.3111 -1.43113 1.03037 1.11441 0.965012 -1.05852 -0.935361 1.75917 0.879073 -1.30186 -1.79016 2.61515 -1.18656 2.32583 2.57816 0.505832 -0.0455279 0.485026 1.51895 -2.79148 2.58896 3.01296 0.723604 1.69534 2.49439 0.0682163 
-1.43998 -1.95858 -1.43806 -1.50368 2.32273 -1.47293 1.04446 1.19193 0.968826 -0.977707 -0.934015 1.73936 0.952883 -1.34503 -1.83244 2.62668 -1.24542 2.33349 2.4924 0.460457 0.0388038 0.502222 1.52208 -2.80276 2.59021 2.99726 0.740415 1.62709 2.50249 0.0945136 
-1.46981 -1.95942 -1.44115 -1.48808 2.3494 -1.48294 1.04189 1.19035 0.970534 -0.959522 -0.939504 1.75475 0.970257 -1.35734 -1.86135 2.63927 -1.27876 2.33445 2.47712 0.435941 0.0314149 0.512013 1.52909 -2.80037 2.58338 3.02247 0.757065 1.62484 2.49931 0.100961 
-1.47978 -1.96652 -1.40932 -1.47833 2.36893 -1.47699 1.03058 1.17477 0.972716 -0.948946 -0.938281 1.79761 0.99022 -1.35783 -1.883 2.63335 -1.3099 2.34497 2.48474 0.426546 0.0223424 0.529504 1.52529 -2.8035 2.55928 3.04996 0.788649 1.6387 2.50631 0.0925886 
-1.50135 -1.97557 -1.37983 -1.47238 2.36689 -1.46352 1.00528 1.16304 0.97828 -0.942286 -0.940291 1.84057 1.01246 -1.35576 -1.90428 2.60062 -1.32355 2.37595 2.48623 0.433088 0.0243643 0.523552 1.53648 -2.80628 2.53455 3.09017 0.830971 1.66694 2.52465 0.0708487 
-1.52028 -1.98384 -1.36679 -1.47486 2.35962 -1.4503 0.978837 1.16557 0.972708 -0.943344 -0.929193 1.88237 1.02246 -1.35511 -1.91334 2.57194 -1.32803 2.4075 2.48652 0.420463 0.0245051 0.518071 1.55147 -2.80633 2.50324 3.1427 0.881132 1.68909 2.54996 0.0604803 
-1.52213 -1.98267 -1.35203 -1.46848 2.34633 -1.42307 0.959673 1.15523 0.975668 -0.94366 -0.916486 1.92093 1.03988 -1.35546 -1.91985 2.55601 -1.32488 2.43143 2.49564 0.411586 0.0233469 0.51307 1.57285 -2.80342 2.48863 3.19058 0.927753 1.70474 2.55553 0.0506948 
-1.50679 -1.97739 -1.33798 -1.4765 2.3421 -1.38847 0.954717 1.14453 0.98685 -0.941697 -0.917863 1.95221 1.05979 -1.35092 -1.93593 2.55488 -1.32298 2.45641 2.51455 0.410743 0.0172265 0.500673 1.57939 -2.7789 2.48036 3.22953 0.974968 1.71743 2.5496 0.0435037 
-1.51598 -1.99117 -1.35271 -1.48844 2.35414 -1.3583 0.928259 1.15051 0.990143 -0.923961 -0.906564 1.94418 1.08089 -1.35385 -1.93931 2.57185 -1.34954 2.49275 2.55275 0.389913 0.0112924 0.480845 1.5721 -2.77936 2.48033 3.28317 1.01204 1.71174 2.54557 0.0482601 
-1.52238 -2.01457 -1.36102 -1.4897 2.37964 -1.35581 0.88804 1.16654 1.00318 -0.899301 -0.883615 1.91245 1.09753 -1.35545 -1.96092 2.58618 -1.38228 2.51911 2.59302 0.373316 0.00722662 0.463027 1.55709 -2.77997 2.47181 3.31732 1.04671 1.69294 2.53599 0.0656288 
-1.51378 -2.02151 -1.38055 -1.50558 2.36976 -1.35848 0.878267 1.1792 0.979274 -0.882389 -0.870253 1.90623 1.09235 -1.40794 -1.96051 2.6103 -1.39842 2.50597 2.59599 0.330696 -0.000341694 0.440099 1.53732 -2.79222 2.4266 3.31489 1.07855 1.67008 2.54335 0.0779426 
-1.5057 -2.03868 -1.38921 -1.48954 2.33942 -1.37005 0.879249 1.20242 0.964547 -0.875495 -0.864272 1.87951 1.07121 -1.48738 -1.96302 2.62949 -1.41385 2.4868 2.57952 0.313461 -0.0475316 0.404562 1.53042 -2.79894 2.41644 3.3161 1.12171 1.66514 2.55924 0.114268 
-1.48889 -2.03345 -1.37704 -1.45198 2.30564 -1.38673 0.901437 1.21721 0.954872 -0.882294 -0.90057 1.84045 1.09013 -1.55883 -1.98009 2.66692 -1.45025 2.49334 2.53143 0.287219 -0.0913469 0.385197 1.53666 -2.85074 2.4072 3.36289 1.10261 1.68587 2.55843 0.15777 
-1.45675 -2.03645 -1.33985 -1.44637 2.28172 -1.44264 0.943558 1.2588 0.91745 -0.913383 -0.937879 1.81044 1.11508 -1.63353 -1.98809 2.71252 -1.46607 2.52189 2.45315 0.226089 -0.181771 0.388346 1.52794 -2.93775 2.32381 3.45016 1.0387 1.73749 2.55064 0.203597 
-1.463 -2.02673 -1.28441 -1.46746 2.27354 -1.46404 0.96275 1.267 0.879398 -0.913104 -0.945149 1.79203 1.15136 -1.66695 -1.96925 2.72676 -1.49354 2.51895 2.37918 0.185472 -0.222153 0.385597 1.53591 -2.99408 2.26716 3.46435 1.03422 1.79895 2.5601 0.230981 
-1.48609 -1.93926 -1.26402 -1.52083 2.28495 -1.47498 0.979335 1.18869 0.852979 -0.916207 -0.936152 1.78181 1.17935 -1.68086 -1.93335 2.71647 -1.53972 2.49342 2.30754 0.141954 -0.247401 0.388537 1.54856 -3.02424 2.22148 3.49085 1.02068 1.85968 2.56769 0.270939 
-1.49077 -1.85766 -1.31683 -1.57323 2.30434 -1.47126 0.984639 1.12601 0.825432 -0.938241 -0.888566 1.78403 1.19378 -1.66164 -1.8947 2.70276 -1.5694 2.4478 2.24051 0.0935603 -0.249172 0.402841 1.57003 -3.01934 2.16157 3.52405 1.01932 1.89332 2.56132 0.297185 
