Mean 0 Mean 1 Mean 2 Mean 3 Mean 4 Mean 5 Mean 6 Mean 7 Mean 8 Mean 9 Mean 10 Mean 11 Mean 12 Mean 13 Mean 14 Mean 15 Mean 16 Mean 17 Mean 18 Mean 19 Mean 20 Mean 21 Mean 22 Mean 23 Mean 24 Mean 25 Mean 26 Mean 27 Mean 28 Mean 29 
0.95022 -1.12422 -2.34016 -2.58341 2.76774 -1.34917 0.908083 -2.15299 -1.93179 -2.57468 -0.841365 1.40137 -1.18062 0.868693 -1.50134 -1.43835 -0.343411 2.82731 1.23643 -2.99181 2.62609 1.26188 2.8709 0.461737 -2.85001 2.95429 0.664269 2.42452 0.547794 2.85701 
0.937667 -1.12974 -2.34037 -2.58619 2.76159 -1.36062 0.908675 -2.16122 -1.93312 -2.57124 -0.837329 1.39984 -1.18603 0.856387 -1.48803 -1.43699 -0.33069 2.82767 2.19357 -2.98116 2.61748 1.26484 2.87586 0.469804 -2.85059 2.95162 0.651726 2.43065 0.554131 2.86198 
0.924879 -1.12627 -2.3109 -2.59127 2.75062 -1.37031 0.916089 -2.18378 -1.93966 -2.58333 -0.844258 1.39855 -1.18629 0.847452 -1.46258 -1.45144 -0.332953 2.83369 2.51305 -2.97597 2.60063 1.27121 2.87603 0.479331 -2.84787 2.95855 0.635567 2.42362 0.55651 2.87761 
0.912997 -1.12822 -2.30324 -2.60074 2.74937 -1.37249 0.908349 -2.19898 -1.94292 -2.583 -0.844497 1.39715 -1.17654 0.842334 -1.4571 -1.45276 -0.325036 2.84094 2.66585 -2.97123 2.59279 1.26803 2.88719 0.471483 -2.85558 2.94927 0.625866 2.43075 0.57166 2.87627 
0.907783 -1.13216 -2.30032 -2.60661 2.74956 -1.37359 0.89003 -2.20214 -1.94962 -2.57916 -0.837738 1.39374 -1.16442 0.847011 -1.47157 -1.44522 -0.315036 2.84115 2.75859 -2.97538 2.59812 1.26472 2.89042 0.471496 -2.85864 2.92126 0.616686 2.44138 0.582583 2.87143 
0.905697 -1.13461 -2.29712 -2.61066 2.74402 -1.37699 0.883074 -2.20092 -1.95175 -2.57834 -0.834256 1.38644 -1.15854 0.850451 -1.48964 -1.44328 -0.315482 2.84266 2.81397 -2.97931 2.59554 1.25364 2.89017 0.475197 -2.86785 2.90971 0.619126 2.44261 0.591077 2.87092 
0.889195 -1.13683 -2.30308 -2.61178 2.73372 -1.38807 0.874503 -2.18993 -1.94224 -2.57774 -0.835539 1.38504 -1.15462 0.852347 -1.50358 -1.44183 -0.316721 2.84092 2.84521 -2.97593 2.59206 1.24168 2.88442 0.481536 -2.8775 2.90033 0.617293 2.44422 0.601811 2.87935 
0.862635 -1.14227 -2.32247 -2.6157 2.71835 -1.40836 0.868323 -2.17802 -1.92227 -2.58436 -0.838162 1.38673 -1.15057 0.853622 -1.53438 -1.44367 -0.311275 2.82766 2.86632 -2.97596 2.58382 1.23586 2.88328 0.496972 -2.90647 2.90585 0.622074 2.44867 0.613525 2.8948 
0.843676 -1.13651 -2.33588 -2.62176 2.70485 -1.42988 0.867889 -2.17083 -1.91394 -2.58024 -0.836618 1.38441 -1.14903 0.849259 -1.55346 -1.44688 -0.308668 2.81936 2.87565 -2.97857 2.58289 1.22505 2.88165 0.510632 -2.91789 2.91036 0.62862 2.45698 0.624231 2.8975 
0.830264 -1.13304 -2.3436 -2.62298 2.69996 -1.4403 0.863872 -2.17395 -1.91277 -2.58029 -0.831381 1.38206 -1.15618 0.846868 -1.57418 -1.44942 -0.311583 2.81537 2.88814 -2.97375 2.57547 1.22345 2.87774 0.516072 -2.9241 2.91058 0.633125 2.45724 0.642367 2.88916 
0.816969 -1.13353 -2.34535 -2.62479 2.69238 -1.44186 0.863204 -2.18375 -1.9211 -2.58094 -0.831126 1.38431 -1.16487 0.848886 -1.58882 -1.45105 -0.312034 2.81479 2.89824 -2.97128 2.56885 1.22339 2.87573 0.516893 -2.92834 2.90389 0.628469 2.45836 0.654704 2.88153 
0.795763 -1.144 -2.35209 -2.61463 2.67725 -1.44447 0.854144 -2.19354 -1.92406 -2.57605 -0.830819 1.38877 -1.16833 0.845411 -1.59321 -1.44282 -0.311695 2.81617 2.89717 -2.96935 2.56875 1.22315 2.88445 0.512236 -2.93952 2.90455 0.629146 2.46901 0.667472 2.8823 
0.778928 -1.15757 -2.343 -2.59657 2.65661 -1.43597 0.814646 -2.20325 -1.92542 -2.55914 -0.814784 1.39079 -1.15885 0.832258 -1.58613 -1.43574 -0.310117 2.82688 2.90886 -2.97281 2.56674 1.20732 2.88044 0.504796 -2.93659 2.89451 0.632026 2.48609 0.671974 2.86267 
0.759861 -1.17988 -2.33672 -2.5803 2.61873 -1.40715 0.745083 -2.19779 -1.92209 -2.52648 -0.793806 1.38683 -1.12684 0.805968 -1.5771 -1.43571 -0.321306 2.83783 2.92197 -2.96311 2.57355 1.17061 2.87693 0.502384 -2.93088 2.89414 0.653987 2.50859 0.677181 2.83593 
0.734167 -1.20819 -2.31902 -2.55655 2.5655 -1.38348 0.667725 -2.19096 -1.90666 -2.48686 -0.764913 1.39273 -1.09839 0.775589 -1.56811 -1.43848 -0.332428 2.84559 2.93817 -2.95034 2.5731 1.13043 2.87899 0.503103 -2.93164 2.88874 0.664518 2.53588 0.681987 2.8017 
0.712912 -1.21844 -2.28114 -2.53812 2.54686 -1.38032 0.621643 -2.19782 -1.9122 -2.47117 -0.766113 1.40014 -1.09359 0.779819 -1.5691 -1.44221 -0.339265 2.86406 2.94469 -2.93847 2.5746 1.11667 2.89397 0.47636 -2.93392 2.85749 0.654875 2.53561 0.703835 2.78608 
0.696495 -1.2141 -2.24278 -2.52491 2.55261 -1.39256 0.598331 -2.2179 -1.93143 -2.46756 -0.790119 1.40673 -1.10845 0.799469 -1.5787 -1.44107 -0.332618 2.87598 2.94783 -2.92839 2.5761 1.11759 2.90333 0.448137 -2.94701 2.82444 0.634543 2.51916 0.731394 2.7723 
0.686375 -1.20459 -2.20203 -2.50392 2.56859 -1.40983 0.579066 -2.24196 -1.94446 -2.47011 -0.789509 1.39594 -1.12075 0.812833 -1.59343 -1.43639 -0.324173 2.89813 2.94889 -2.92237 2.57808 1.1176 2.91887 0.415703 -2.96691 2.7796 0.612226 2.50926 0.763526 2.77086 
0.676576 -1.19645 -2.16824 -2.47779 2.58544 -1.4265 0.559389 -2.25716 -1.95516 -2.4684 -0.792482 1.39915 -1.13757 0.816607 -1.61253 -1.42832 -0.317609 2.91817 2.94927 -2.91709 2.58562 1.11816 2.93459 0.387112 -2.99031 2.72496 0.593893 2.50393 0.794941 2.7724 
0.661846 -1.19303 -2.13475 -2.47636 2.60171 -1.44285 0.533973 -2.27377 -1.96434 -2.48061 -0.793804 1.39606 -1.15417 0.828003 -1.62873 -1.41942 -0.312029 2.91356 2.95047 -2.91048 2.58105 1.13521 2.93831 0.361435 -3.00743 2.69669 0.572908 2.4899 0.813702 2.76271 
0.650059 -1.18949 -2.11815 -2.4951 2.61078 -1.47065 0.509837 -2.28528 -1.96624 -2.48859 -0.801426 1.39254 -1.14908 0.855638 -1.64867 -1.41688 -0.302311 2.90856 2.95314 -2.90671 2.57925 1.15543 2.9343 0.346983 -3.02969 2.6796 0.556483 2.47711 0.842481 2.75124 
0.643003 -1.17843 -2.13072 -2.49905 2.61839 -1.49853 0.475008 -2.32655 -1.94079 -2.49548 -0.807875 1.3885 -1.11681 0.869651 -1.65111 -1.40845 -0.316779 2.91034 2.94615 -2.89491 2.57726 1.18462 2.93271 0.329991 -3.04956 2.67763 0.566948 2.47479 0.858406 2.72078 
0.642589 -1.15627 -2.14045 -2.50799 2.65118 -1.52423 0.455373 -2.37342 -1.9108 -2.49443 -0.806525 1.38518 -1.08535 0.877072 -1.65859 -1.40677 -0.319923 2.91951 2.93551 -2.88583 2.57736 1.21254 2.93504 0.307316 -3.06809 2.67832 0.5696 2.48164 0.864649 2.68318 
0.657101 -1.12046 -2.1578 -2.53293 2.68107 -1.5407 0.447173 -2.43875 -1.85556 -2.49136 -0.801113 1.39125 -1.0236 0.89092 -1.66193 -1.42161 -0.340485 2.92746 2.90809 -2.87841 2.57619 1.25221 2.94201 0.281469 -3.07723 2.71913 0.581473 2.49064 0.863944 2.63089 
0.676609 -1.05333 -2.1956 -2.56838 2.7071 -1.55985 0.437481 -2.54313 -1.77111 -2.4916 -0.796795 1.39646 -0.908856 0.90939 -1.64436 -1.43897 -0.353505 2.94607 2.88331 -2.86724 2.58469 1.29929 2.94787 0.236007 -3.08972 2.79501 0.6105 2.51241 0.849836 2.56167 
0.711075 -0.975185 -2.23365 -2.59922 2.73315 -1.58351 0.428626 -2.64749 -1.69595 -2.48467 -0.796106 1.38847 -0.778159 0.924248 -1.61821 -1.45765 -0.36226 2.97773 2.85382 -2.85089 2.59648 1.35064 2.95918 0.180925 -3.10003 2.88005 0.639796 2.53672 0.830124 2.48633 
0.742826 -0.923257 -2.26242 -2.61521 2.74656 -1.59619 0.42904 -2.70567 -1.65475 -2.48688 -0.809019 1.38878 -0.69506 0.929237 -1.58925 -1.44298 -0.372668 3.00377 2.83729 -2.83421 2.61157 1.37807 2.96589 0.148507 -3.11565 2.9299 0.653583 2.54438 0.812889 2.44284 
0.755197 -0.903538 -2.28674 -2.63131 2.74869 -1.59291 0.438114 -2.71379 -1.65416 -2.49035 -0.816477 1.39161 -0.662133 0.930698 -1.56856 -1.42506 -0.389879 3.01352 2.83803 -2.82734 2.62016 1.38349 2.96727 0.137569 -3.1214 2.95495 0.645097 2.53765 0.804978 2.4375 
0.752389 -0.916888 -2.31714 -2.64922 2.74862 -1.58473 0.450975 -2.68006 -1.6833 -2.46981 -0.812819 1.3909 -0.647574 0.9106 -1.56511 -1.3864 -0.408809 2.9938 2.82739 -2.81378 2.62443 1.36323 2.94825 0.136195 -3.09916 2.95461 0.640071 2.51735 0.802172 2.49306 
0.71466 -0.946537 -2.30679 -2.6458 2.74952 -1.58222 0.438395 -2.63214 -1.72095 -2.48167 -0.782666 1.39635 -0.60696 0.894004 -1.54936 -1.34711 -0.441406 2.973 2.84254 -2.81481 2.6609 1.35961 2.94286 0.138612 -3.08487 2.93835 0.654229 2.47155 0.823722 2.52544 
0.690171 -0.975755 -2.30839 -2.63702 2.74701 -1.60303 0.415983 -2.59535 -1.75709 -2.50287 -0.764918 1.39182 -0.570388 0.854936 -1.55873 -1.32437 -0.45797 2.93554 2.85412 -2.82036 2.69448 1.37008 2.93711 0.140477 -3.09741 2.91211 0.676937 2.4428 0.82539 2.56169 
0.65711 -0.991258 -2.31709 -2.63611 2.74873 -1.62776 0.391546 -2.56399 -1.79888 -2.51359 -0.755477 1.37614 -0.53614 0.817958 -1.57283 -1.31275 -0.467554 2.91419 2.85528 -2.8438 2.73402 1.36831 2.9286 0.137578 -3.10612 2.91931 0.687174 2.41102 0.818232 2.59823 
0.621236 -0.999268 -2.36577 -2.63434 2.75254 -1.6315 0.378888 -2.51505 -1.83226 -2.5031 -0.75061 1.36947 -0.49161 0.777553 -1.58946 -1.28665 -0.494151 2.89315 2.84748 -2.86351 2.78617 1.37049 2.91599 0.135503 -3.09856 2.93025 0.702453 2.37497 0.823951 2.63078 
0.616775 -1.01721 -2.38839 -2.6257 2.77773 -1.62917 0.360427 -2.46241 -1.83889 -2.5062 -0.750443 1.35907 -0.476787 0.72571 -1.61072 -1.27069 -0.522219 2.86259 2.85368 -2.88036 2.82075 1.36668 2.92477 0.153085 -3.10526 2.93714 0.731612 2.36142 0.821411 2.67841 
0.607097 -1.03854 -2.41776 -2.60961 2.77817 -1.61971 0.342483 -2.41592 -1.86938 -2.49581 -0.74652 1.33823 -0.486301 0.713492 -1.62328 -1.26507 -0.563114 2.85661 2.83952 -2.90674 2.83372 1.34823 2.94058 0.167369 -3.08918 2.94116 0.752871 2.35841 0.841063 2.7493 
0.588788 -1.0454 -2.46682 -2.5898 2.77792 -1.61726 0.321285 -2.3522 -1.91481 -2.476 -0.73481 1.30381 -0.509053 0.708415 -1.62395 -1.27867 -0.609192 2.88703 2.80623 -2.94183 2.84784 1.30446 2.95378 0.180553 -3.05985 2.96365 0.76251 2.34864 0.8635 2.83925 
0.560617 -1.05097 -2.51799 -2.54345 2.77344 -1.64989 0.282982 -2.31236 -1.97974 -2.46192 -0.633452 1.2396 -0.505645 0.697956 -1.64735 -1.30575 -0.65144 2.90751 2.78251 -2.97096 2.87692 1.27069 2.969 0.184121 -3.02548 3.01245 0.748101 2.35987 0.846109 2.93081 
0.537474 -1.02947 -2.54918 -2.5237 2.77073 -1.63478 0.273035 -2.32077 -2.00366 -2.43138 -0.526828 1.19462 -0.523703 0.697077 -1.66075 -1.29875 -0.694227 2.91004 2.75342 -2.9899 2.89874 1.23463 2.98692 0.172539 -2.97851 3.04768 0.736144 2.41529 0.84888 3.00972 
0.531231 -0.997047 -2.56877 -2.50304 2.75803 -1.61168 0.268757 -2.32632 -2.01937 -2.40746 -0.434022 1.16102 -0.564946 0.701956 -1.64642 -1.28805 -0.718246 2.89967 2.73804 -3.00218 2.91291 1.19889 2.99902 0.160112 -2.94572 3.07511 0.719279 2.45078 0.848407 3.06538 
0.526172 -0.978459 -2.58074 -2.47705 2.70809 -1.5576 0.307055 -2.3406 -2.06527 -2.37495 -0.341551 1.12171 -0.590163 0.724018 -1.61669 -1.29402 -0.736133 2.88318 2.72773 -3.00726 2.88812 1.18796 3.02835 0.159665 -2.92068 3.08995 0.728469 2.4896 0.865519 3.11328 
