Mean 0 Mean 1 Mean 2 Mean 3 Mean 4 Mean 5 Mean 6 Mean 7 Mean 8 Mean 9 Mean 10 Mean 11 Mean 12 Mean 13 Mean 14 Mean 15 Mean 16 Mean 17 Mean 18 Mean 19 Mean 20 Mean 21 Mean 22 Mean 23 Mean 24 Mean 25 Mean 26 Mean 27 Mean 28 Mean 29 
-1.02619 -1.97423 -1.62919 0.670781 1.60751 0.907078 -1.42381 0.884892 -1.45434 -1.56215 2.16755 2.78677 0.961776 -1.08388 0.958984 -0.469879 -0.128212 2.77721 -2.15986 -0.278218 0.64952 2.07863 0.805582 2.67657 3.03805 -0.217113 -3.05028 0.370075 1.89648 0.430749 
-1.01584 -1.98375 -1.64534 0.660258 1.60376 0.911654 -1.41831 0.891691 -1.46799 -1.55644 2.1669 2.79003 0.985425 -1.09265 0.962935 -0.467983 -0.113429 2.78314 -2.14429 -0.289342 0.64444 2.08059 0.808826 2.67047 3.0429 -0.210877 -3.05901 0.367727 1.90418 0.431222 
-1.05956 -1.93933 -1.58605 0.677264 1.61775 0.902483 -1.43488 0.873408 -1.4879 -1.53665 2.14596 2.79388 0.982879 -1.09001 0.97943 -0.470604 -0.144632 2.75507 -2.18321 -0.21197 0.678963 2.07147 0.810308 2.70981 3.02361 -0.193758 -3.04653 0.425762 1.8766 0.475551 
-1.10631 -1.89744 -1.51913 0.707782 1.6346 0.911981 -1.46401 0.868643 -1.52751 -1.51908 2.10981 2.79436 0.981634 -1.08862 0.980821 -0.474148 -0.164008 2.73372 -2.21851 -0.120434 0.720151 2.05632 0.802905 2.75656 3.0058 -0.179406 -3.03911 0.475337 1.87439 0.517255 
-1.12648 -1.87676 -1.47379 0.735209 1.65455 0.925869 -1.48876 0.878989 -1.56597 -1.50955 2.07508 2.79361 0.983589 -1.08404 0.981841 -0.476181 -0.175482 2.7181 -2.23242 -0.0725316 0.742336 2.04565 0.794846 2.78098 2.99868 -0.169182 -3.0252 0.502335 1.87793 0.537978 
-1.09537 -1.8919 -1.48604 0.695758 1.63987 0.917082 -1.49779 0.904125 -1.57772 -1.52905 2.09454 2.77387 0.976868 -1.09359 0.984681 -0.463054 -0.151886 2.70844 -2.21719 -0.128804 0.686899 2.06532 0.804048 2.77057 2.99746 -0.165326 -3.04661 0.492657 1.86866 0.514561 
-1.10044 -1.9055 -1.50054 0.684352 1.64451 0.90651 -1.51725 0.876921 -1.54194 -1.53823 2.10463 2.78887 0.979027 -1.07416 0.983453 -0.457298 -0.154253 2.6836 -2.19995 -0.141032 0.691683 2.05454 0.82375 2.76362 2.97976 -0.171199 -3.04627 0.471085 1.85905 0.5327 
-1.10607 -1.87544 -1.51642 0.68554 1.65162 0.899196 -1.49666 0.870528 -1.5208 -1.53024 2.15073 2.73754 0.96747 -1.07972 0.967574 -0.445475 -0.16285 2.67403 -2.19139 -0.17757 0.71673 2.04198 0.823208 2.76287 2.95111 -0.18252 -3.04321 0.44892 1.88377 0.549692 
-1.12524 -1.85689 -1.55216 0.692148 1.6452 0.90827 -1.49064 0.858127 -1.50731 -1.51083 2.16852 2.69614 0.959899 -1.08578 0.958236 -0.415887 -0.183907 2.66189 -2.19841 -0.224373 0.722358 2.04887 0.841067 2.77157 2.95987 -0.177545 -3.0394 0.442462 1.90065 0.527953 
-1.1322 -1.83928 -1.58525 0.696739 1.62766 0.919164 -1.50953 0.836787 -1.52523 -1.52361 2.19348 2.67064 0.952173 -1.09083 0.923194 -0.402505 -0.172194 2.63774 -2.17399 -0.246014 0.704321 2.04714 0.844345 2.75885 2.95876 -0.167199 -3.00158 0.448352 1.91328 0.469967 
-1.18271 -1.83552 -1.59524 0.715698 1.61669 0.912963 -1.55181 0.808022 -1.53739 -1.51419 2.21177 2.6547 0.921566 -1.1027 0.921457 -0.381868 -0.136927 2.63489 -2.13629 -0.263193 0.74025 2.07979 0.855112 2.70757 2.98046 -0.219143 -3.02171 0.447035 1.89547 0.434652 
-1.25427 -1.82121 -1.6124 0.753211 1.6099 0.921735 -1.60467 0.783776 -1.56337 -1.51595 2.23726 2.62499 0.868871 -1.12839 0.916969 -0.351677 -0.084627 2.61967 -2.07476 -0.269331 0.773779 2.11681 0.866528 2.64949 2.99854 -0.272743 -3.03189 0.442314 1.87034 0.37104 
-1.37308 -1.81492 -1.59316 0.826461 1.61326 0.918181 -1.68051 0.758416 -1.59718 -1.51364 2.25125 2.6113 0.780035 -1.16796 0.945509 -0.332742 -0.000430024 2.6204 -1.97983 -0.268966 0.821302 2.14823 0.906006 2.56895 3.02029 -0.370313 -3.10058 0.447526 1.82017 0.315796 
-1.48111 -1.7997 -1.56537 0.89158 1.62126 0.921889 -1.73906 0.743336 -1.63707 -1.50975 2.25736 2.59967 0.693029 -1.20835 0.961364 -0.325163 0.0747391 2.63023 -1.90628 -0.264111 0.854438 2.16706 0.939769 2.50383 3.0288 -0.456968 -3.16459 0.450571 1.7832 0.262063 
-1.49658 -1.7901 -1.53801 0.895181 1.62024 0.940635 -1.74409 0.740304 -1.65901 -1.4853 2.28387 2.60045 0.673223 -1.20464 0.946254 -0.341264 0.0801237 2.63412 -1.88965 -0.258826 0.871256 2.17936 0.938843 2.49505 3.00568 -0.493541 -3.18227 0.456589 1.79389 0.246847 
-1.61903 -1.75204 -1.49397 0.976278 1.61343 0.950698 -1.81097 0.722729 -1.71778 -1.48979 2.28333 2.59592 0.557806 -1.26487 0.948663 -0.355861 0.17815 2.65332 -1.80971 -0.258407 0.890998 2.18252 0.986527 2.42908 3.00113 -0.594692 -3.26114 0.460969 1.75033 0.172765 
-1.69779 -1.70092 -1.45458 1.03878 1.60495 0.949632 -1.83084 0.711566 -1.75413 -1.4737 2.30858 2.58464 0.474594 -1.31523 0.936683 -0.381492 0.258026 2.67353 -1.74641 -0.26007 0.918418 2.16463 1.01975 2.3875 2.97115 -0.67862 -3.32592 0.48766 1.73696 0.132093 
-1.66924 -1.6523 -1.44957 1.05548 1.60893 0.901329 -1.72916 0.708374 -1.70644 -1.40377 2.4174 2.51416 0.480262 -1.34283 0.891372 -0.426607 0.287074 2.69527 -1.72829 -0.267988 0.991225 2.09817 0.997611 2.40314 2.89274 -0.724637 -3.36576 0.56944 1.81456 0.201618 
-1.65525 -1.60563 -1.44188 1.06385 1.59397 0.863352 -1.64838 0.716064 -1.69216 -1.34479 2.52569 2.48476 0.467703 -1.37734 0.854724 -0.451489 0.31503 2.71106 -1.72323 -0.260825 1.06352 2.07247 1.00168 2.38827 2.83344 -0.791622 -3.43909 0.633225 1.85227 0.211813 
-1.75273 -1.55739 -1.40662 1.11227 1.57203 0.88448 -1.70762 0.706065 -1.76423 -1.33517 2.52456 2.49363 0.364106 -1.42083 0.851557 -0.46001 0.396128 2.74585 -1.65972 -0.246931 1.05107 2.0735 1.07215 2.31781 2.81825 -0.875415 -3.49316 0.656476 1.80582 0.118617 
-1.86958 -1.49241 -1.36657 1.17354 1.55438 0.926157 -1.78788 0.6975 -1.84008 -1.33268 2.49498 2.49473 0.24151 -1.46388 0.845762 -0.473959 0.501864 2.78497 -1.57525 -0.241189 1.01448 2.07996 1.16455 2.23766 2.79286 -0.960193 -3.54661 0.685671 1.74477 0.00794386 
-1.839 -1.55056 -1.35803 1.15181 1.58028 0.904391 -1.88321 0.637941 -1.79363 -1.28869 2.36368 2.54323 0.251088 -1.46408 0.7599 -0.491024 0.368139 2.76632 -1.70804 -0.183778 0.967805 2.07337 1.11071 2.25307 2.68314 -1.00398 -3.49636 0.718193 1.77033 -0.0173549 
-1.83102 -1.6468 -1.3147 1.1412 1.54519 0.93931 -1.99319 0.534414 -1.76017 -1.19985 2.19424 2.66476 0.290853 -1.47424 0.637881 -0.518996 0.169377 2.70282 -1.76375 -0.139402 0.954828 2.04515 1.05399 2.28585 2.56999 -1.03109 -3.48896 0.763536 1.78501 -0.0804934 
-1.8085 -1.68503 -1.35598 1.14721 1.55287 0.968351 -1.96876 0.477702 -1.77177 -1.13073 2.15673 2.65665 0.316815 -1.44763 0.615402 -0.496663 0.0763052 2.72169 -1.78876 -0.131833 0.943162 2.05599 0.980159 2.31331 2.61432 -0.973631 -3.42431 0.762361 1.83594 -0.0355522 
-1.80339 -1.72462 -1.39766 1.18662 1.53118 0.9512 -1.92071 0.416617 -1.79189 -1.07411 2.1812 2.6066 0.349768 -1.38074 0.644033 -0.499038 0.0157713 2.76422 -1.81828 -0.0766096 0.935468 2.0396 0.943944 2.32876 2.70601 -0.905271 -3.40011 0.769011 1.8905 0.0561674 
-1.78624 -1.71028 -1.44395 1.27087 1.56578 0.95489 -1.89365 0.388118 -1.83365 -1.02904 2.14937 2.60182 0.327767 -1.19422 0.574553 -0.44555 0.0215767 2.7894 -1.81935 -0.0703383 0.936783 2.09194 0.871077 2.31537 2.67377 -0.894118 -3.31939 0.746842 1.89769 0.0873991 
-1.86051 -1.65756 -1.44494 1.36876 1.57562 0.995953 -1.95045 0.375685 -1.88699 -1.04245 2.16232 2.59062 0.21565 -1.17096 0.571487 -0.434144 0.121516 2.86883 -1.77441 -0.0487917 0.875995 2.14125 0.927093 2.2234 2.62432 -0.912692 -3.36449 0.78609 1.83091 0.00391788 
-1.78558 -1.75618 -1.36803 1.33399 1.61186 1.01325 -1.96221 0.372214 -1.74831 -1.07401 2.16315 2.60553 0.185085 -1.05452 0.598856 -0.358572 0.0519616 3.01839 -1.7563 0.0333762 0.824079 2.15666 0.777633 2.17207 2.69249 -0.749073 -3.40022 0.834604 1.8508 -0.00734981 
-1.69032 -1.86898 -1.28041 1.28494 1.64427 1.02284 -1.96729 0.362207 -1.59167 -1.09882 2.15725 2.62411 0.166623 -0.925761 0.630029 -0.285876 -0.0368225 3.17403 -1.74026 0.115664 0.768071 2.16671 0.607817 2.12688 2.76566 -0.563284 -3.43545 0.887831 1.88178 -0.00782351 
-1.61978 -1.95199 -1.23046 1.2661 1.6491 1.02505 -1.95339 0.348423 -1.50074 -1.11373 2.17066 2.63442 0.151925 -0.83461 0.678363 -0.258607 -0.0959933 3.27495 -1.72779 0.189161 0.73049 2.18104 0.50724 2.10418 2.79922 -0.426116 -3.47062 0.922538 1.8985 -0.00717809 
-1.71522 -1.87816 -1.26582 1.35778 1.6466 1.07723 -2.01021 0.352331 -1.58861 -1.14976 2.20468 2.61796 0.0373721 -0.859166 0.730467 -0.296727 0.0116163 3.30921 -1.70643 0.199749 0.653378 2.23469 0.619879 2.05426 2.71618 -0.466104 -3.54137 0.952635 1.80491 -0.111407 
-1.6999 -1.87426 -1.30506 1.37974 1.6731 1.08771 -2.00148 0.365989 -1.58705 -1.172 2.25249 2.63451 0.0107856 -0.845179 0.775464 -0.302992 0.00321237 3.27183 -1.7122 0.127879 0.629252 2.19646 0.663456 2.10803 2.71128 -0.429956 -3.51301 0.92944 1.82309 -0.0660611 
-1.64391 -1.81909 -1.35848 1.3046 1.70474 1.05305 -1.94247 0.345025 -1.55969 -1.19559 2.33427 2.68555 0.0799708 -0.864944 0.789953 -0.302999 -0.0442289 3.16024 -1.64913 0.0120338 0.617066 2.1392 0.652537 2.17584 2.66903 -0.302152 -3.50404 0.944674 1.89562 0.0529342 
-1.54733 -1.84506 -1.41267 1.22289 1.79401 0.980091 -1.96478 0.269348 -1.52795 -1.17664 2.39903 2.78967 0.150733 -0.825402 0.874706 -0.239209 -0.12751 3.06581 -1.59662 -0.114446 0.530179 2.05744 0.667993 2.31074 2.71666 -0.252569 -3.43816 1.00953 1.95803 0.172577 
-1.46229 -1.86173 -1.5091 1.14141 1.84937 0.98453 -2.01201 0.236429 -1.50242 -1.1943 2.42648 2.8947 0.19131 -0.815763 0.989764 -0.194441 -0.157448 2.97098 -1.59966 -0.244966 0.446481 1.92624 0.681877 2.42216 2.74446 -0.241931 -3.36719 1.01028 2.02583 0.332552 
-1.40871 -1.9505 -1.63585 1.11172 1.89693 0.932428 -2.08382 0.165869 -1.48377 -1.24532 2.47332 2.94799 0.16106 -0.865044 1.01889 -0.176197 -0.193601 2.82271 -1.56329 -0.33858 0.415861 1.86321 0.691557 2.52564 2.73256 -0.234829 -3.33267 0.987465 2.00454 0.416508 
-1.46864 -2.12797 -1.87627 1.05418 1.99373 0.777222 -2.26424 0.127823 -1.47695 -1.37162 2.41071 2.92983 -0.0899862 -1.05318 0.846203 -0.207438 -0.110132 2.57642 -1.54163 -0.357386 0.497422 1.91127 0.665634 2.57978 2.54733 -0.297338 -3.31671 0.829706 1.8483 0.480635 
-1.51248 -2.26466 -2.09788 1.02879 2.07269 0.631876 -2.40439 0.10196 -1.48354 -1.45998 2.32519 2.92882 -0.362324 -1.19508 0.705968 -0.256238 -0.031078 2.38598 -1.52076 -0.392617 0.549001 1.94401 0.653529 2.62707 2.39788 -0.342198 -3.28319 0.704945 1.74596 0.548407 
-1.46886 -2.27826 -2.08878 1.00765 2.08057 0.48654 -2.41843 0.153105 -1.47029 -1.35048 2.26339 2.88047 -0.492814 -1.22453 0.642101 -0.397497 -0.014046 2.40483 -1.34677 -0.372195 0.494019 1.91037 0.560021 2.65214 2.36861 -0.358868 -3.20886 0.747745 1.84128 0.570689 
-1.41178 -2.33625 -2.05265 1.10547 1.99664 0.487349 -2.35745 0.0918665 -1.52065 -1.32317 2.10565 2.84608 -0.536332 -1.21102 0.783925 -0.511429 -0.101795 2.4022 -1.23466 -0.477732 0.537286 1.95455 0.589071 2.69509 2.43248 -0.381732 -3.24687 0.784275 1.8586 0.544464 
