Mean 0 Mean 1 Mean 2 Mean 3 Mean 4 Mean 5 Mean 6 Mean 7 Mean 8 Mean 9 Mean 10 Mean 11 Mean 12 Mean 13 Mean 14 Mean 15 Mean 16 Mean 17 Mean 18 Mean 19 Mean 20 Mean 21 Mean 22 Mean 23 Mean 24 Mean 25 Mean 26 Mean 27 Mean 28 Mean 29 
-0.945196 0.851129 -1.56602 0.979953 1.99756 -1.62293 0.9718 -1.02848 0.987566 -2.03538 2.11909 2.20973 -1.73289 0.97434 -2.49831 -0.345689 -2.4694 0.18074 0.280402 0.0467992 2.93024 0.251543 2.47435 0.311681 2.73106 0.0620537 -2.75374 2.71966 0.665951 -0.0860013 
-0.946409 0.847497 -1.55651 0.981495 1.99774 -1.61799 0.969476 -1.03122 0.978822 -2.03852 2.12372 2.20919 -1.73919 0.970078 -2.49204 -0.339615 -2.47376 0.17107 0.2834 0.0459429 2.92727 0.25354 2.4745 0.316555 2.72516 0.0554752 -2.75417 2.71785 0.66371 -0.0754546 
-0.947075 0.845873 -1.55393 0.978874 1.9995 -1.61229 0.967345 -1.03149 0.968503 -2.03804 2.13008 2.21551 -1.73881 0.963761 -2.49244 -0.330969 -2.47511 0.168044 0.278977 0.0425554 2.91977 0.254253 2.47113 0.314038 2.71992 0.0507373 -2.7566 2.72581 0.666504 -0.0860067 
-0.954561 0.842342 -1.54982 0.972076 2.00385 -1.60866 0.964996 -1.03943 0.957342 -2.03486 2.1304 2.22452 -1.74472 0.961489 -2.49725 -0.325878 -2.46822 0.159739 0.2831 0.0402854 2.91472 0.255868 2.46143 0.319745 2.71046 0.0447415 -2.75843 2.72305 0.666839 -0.0956311 
-0.960465 0.841866 -1.54315 0.970017 2.00381 -1.60421 0.962734 -1.04578 0.951091 -2.03324 2.13901 2.22206 -1.74379 0.954404 -2.50414 -0.316983 -2.46591 0.158586 0.288367 0.0328816 2.91068 0.260697 2.45667 0.326704 2.70744 0.0350219 -2.76444 2.72282 0.666022 -0.103491 
-0.970978 0.846279 -1.53899 0.966649 2.00721 -1.6052 0.962676 -1.05386 0.945439 -2.03075 2.15273 2.20944 -1.74085 0.951402 -2.50348 -0.306822 -2.46797 0.160052 0.290751 0.0260837 2.90795 0.26061 2.45038 0.332425 2.71078 0.0199069 -2.77 2.71841 0.667007 -0.10991 
-0.985509 0.851336 -1.53058 0.966272 2.00762 -1.61065 0.958515 -1.06523 0.94357 -2.02931 2.16431 2.19707 -1.73859 0.953261 -2.50504 -0.298217 -2.46757 0.16499 0.278978 0.0145931 2.9081 0.254545 2.44605 0.331798 2.7146 -0.00542756 -2.77062 2.71911 0.669997 -0.106876 
-0.997688 0.850736 -1.51473 0.968183 2.00542 -1.61873 0.956093 -1.079 0.93949 -2.0267 2.17718 2.18755 -1.73404 0.952698 -2.50769 -0.286858 -2.46613 0.162778 0.270019 0.0113048 2.91449 0.244598 2.4391 0.333014 2.71954 -0.0279087 -2.76731 2.72069 0.676119 -0.0984708 
-1.0034 0.850401 -1.50476 0.970276 2.0076 -1.62687 0.950337 -1.08587 0.935705 -2.02249 2.1758 2.18571 -1.72608 0.95693 -2.51369 -0.271728 -2.46721 0.159243 0.252573 0.00310241 2.91539 0.240474 2.43774 0.33527 2.73223 -0.0487226 -2.7772 2.72615 0.684447 -0.100942 
-1.01614 0.851828 -1.5053 0.964748 2.00366 -1.63003 0.933568 -1.10746 0.922362 -2.01579 2.17299 2.18456 -1.71365 0.96178 -2.51402 -0.260473 -2.47879 0.161397 0.264716 0.00531352 2.91631 0.228086 2.43449 0.321587 2.73119 -0.0552776 -2.77099 2.7237 0.693046 -0.10302 
-1.02938 0.852542 -1.51087 0.955422 2.00044 -1.6293 0.906378 -1.11011 0.914287 -2.00333 2.17165 2.19334 -1.70126 0.972084 -2.51438 -0.255495 -2.48635 0.164851 0.259668 0.00859214 2.91653 0.218978 2.43812 0.30614 2.726 -0.0710753 -2.77743 2.71851 0.715857 -0.114371 
-1.03722 0.84507 -1.50305 0.955407 1.99259 -1.6245 0.913681 -1.11122 0.91331 -1.9985 2.16931 2.20572 -1.69942 0.972678 -2.51555 -0.249295 -2.48687 0.166324 0.257814 0.0140947 2.90567 0.21375 2.43373 0.307969 2.7229 -0.0775541 -2.78741 2.72227 0.728505 -0.122792 
-1.0427 0.835751 -1.49508 0.959672 1.9913 -1.62592 0.912674 -1.10621 0.913663 -1.99772 2.17437 2.21712 -1.71139 0.9774 -2.5148 -0.246924 -2.48802 0.1721 0.246021 0.00965371 2.89578 0.221076 2.43755 0.299564 2.72391 -0.0913569 -2.80772 2.72702 0.749065 -0.133688 
-1.0443 0.823358 -1.49056 0.958052 1.98556 -1.6168 0.906758 -1.08951 0.912292 -1.99335 2.16893 2.22089 -1.72268 0.979615 -2.52658 -0.257512 -2.48687 0.183615 0.238054 0.00788703 2.88685 0.223435 2.44332 0.295076 2.72386 -0.0956601 -2.81782 2.71562 0.768872 -0.130352 
-1.06676 0.812845 -1.48991 0.96554 1.97742 -1.61577 0.890284 -1.085 0.919731 -1.98052 2.16053 2.22459 -1.72534 0.974695 -2.5407 -0.240243 -2.49858 0.19036 0.22386 0.019131 2.90323 0.221217 2.4486 0.285308 2.72604 -0.0869376 -2.82121 2.7198 0.783152 -0.141182 
-1.06513 0.778874 -1.47034 0.985099 1.99937 -1.59952 0.88011 -1.0986 0.958917 -2.00234 2.17499 2.22726 -1.74418 0.965389 -2.54497 -0.199713 -2.52826 0.227059 0.219974 0.0387393 2.89164 0.212725 2.40157 0.260013 2.77858 -0.0368207 -2.81087 2.73592 0.788044 -0.15494 
-1.07647 0.764044 -1.46415 0.997227 1.99082 -1.61445 0.871636 -1.10442 0.967669 -1.99927 2.18653 2.22958 -1.75155 0.975857 -2.54123 -0.188641 -2.54011 0.240528 0.200024 0.0447912 2.89394 0.216877 2.39952 0.250751 2.78428 -0.0206356 -2.78423 2.74121 0.823512 -0.161057 
-1.07776 0.754642 -1.47353 0.995119 1.98297 -1.62843 0.851974 -1.1352 0.99268 -1.99331 2.18718 2.23885 -1.72806 0.980708 -2.53828 -0.183822 -2.54342 0.242605 0.173492 0.0475031 2.8802 0.219471 2.3874 0.249587 2.78146 -0.0143502 -2.77763 2.76031 0.853969 -0.17623 
-1.06132 0.749055 -1.46987 0.999736 1.96439 -1.64412 0.846971 -1.15821 0.981245 -1.96039 2.18171 2.24634 -1.72466 0.995133 -2.55536 -0.175606 -2.53559 0.253924 0.175528 0.0318247 2.8766 0.214611 2.38984 0.246516 2.76951 -0.025929 -2.78454 2.75852 0.878104 -0.177356 
-1.05941 0.751924 -1.47066 1.01976 1.96176 -1.66556 0.843083 -1.16772 0.961519 -1.94462 2.17073 2.2383 -1.73513 0.979892 -2.5713 -0.172762 -2.53254 0.257333 0.173892 0.0340966 2.8757 0.213082 2.38068 0.238107 2.76933 -0.0289812 -2.7918 2.74842 0.891891 -0.17289 
-1.06299 0.736755 -1.4768 1.02795 1.95683 -1.6856 0.833809 -1.17523 0.949121 -1.93844 2.16726 2.24978 -1.73471 0.978574 -2.56869 -0.170337 -2.53839 0.249437 0.161259 0.0373914 2.87341 0.212752 2.37555 0.241324 2.74535 -0.0440808 -2.78265 2.75023 0.920181 -0.159837 
-1.05528 0.731386 -1.47529 1.0421 1.97681 -1.70341 0.831262 -1.18226 0.946205 -1.92502 2.18047 2.26608 -1.72632 0.977623 -2.58822 -0.164704 -2.55781 0.249542 0.158454 0.0286777 2.86502 0.209314 2.3823 0.243741 2.72614 -0.0530121 -2.78836 2.76195 0.948933 -0.137228 
-1.05687 0.724853 -1.45083 1.05133 1.98164 -1.73555 0.81999 -1.17566 0.937178 -1.9032 2.19488 2.29193 -1.71799 0.970954 -2.63342 -0.164348 -2.59535 0.275929 0.129518 -0.00226112 2.88608 0.183994 2.40858 0.246222 2.6704 -0.0921549 -2.79947 2.76784 0.989041 -0.103368 
-1.04363 0.709832 -1.45542 1.05272 1.97237 -1.78373 0.80938 -1.16485 0.94529 -1.86455 2.21512 2.31139 -1.68695 0.962808 -2.66774 -0.161608 -2.6387 0.297072 0.0988122 -0.0351114 2.90314 0.163626 2.42456 0.238179 2.58523 -0.105297 -2.80629 2.76579 1.02937 -0.0624986 
-0.983174 0.699554 -1.50916 1.03222 1.97967 -1.82047 0.782296 -1.1793 0.974721 -1.79779 2.23055 2.30342 -1.6507 0.958398 -2.66585 -0.179083 -2.63404 0.325737 0.0955638 -0.0342158 2.87416 0.167558 2.40003 0.215397 2.54681 -0.105413 -2.81278 2.75424 1.05413 -0.0182255 
-0.92696 0.690049 -1.56547 0.972877 1.97557 -1.82488 0.750934 -1.20615 0.977657 -1.73488 2.23101 2.28853 -1.61797 0.970223 -2.66056 -0.205412 -2.6067 0.370305 0.0929587 -0.0475997 2.84984 0.160013 2.38647 0.203493 2.53822 -0.115244 -2.82443 2.75246 1.08296 0.0012098 
-0.924212 0.693136 -1.59735 0.938235 1.9736 -1.83128 0.732946 -1.20859 0.955662 -1.70995 2.22425 2.28426 -1.6108 0.971751 -2.64717 -0.199051 -2.58631 0.39493 0.0951747 -0.070807 2.84423 0.150396 2.37633 0.174022 2.52558 -0.119251 -2.84089 2.75497 1.1031 -0.00183362 
-0.916052 0.70484 -1.61508 0.914665 1.97971 -1.83944 0.714491 -1.21664 0.945627 -1.69329 2.22094 2.2772 -1.60764 0.968668 -2.64315 -0.185887 -2.57166 0.423375 0.115442 -0.0716473 2.84368 0.132462 2.34264 0.140889 2.53641 -0.131597 -2.85124 2.75222 1.10923 0.0101977 
-0.917072 0.716183 -1.61872 0.890559 1.97604 -1.83494 0.687903 -1.23008 0.92669 -1.68402 2.22565 2.26592 -1.60934 0.960599 -2.64424 -0.1811 -2.56442 0.443827 0.136705 -0.0576693 2.82568 0.12383 2.32883 0.114695 2.58188 -0.139629 -2.8577 2.7579 1.10099 0.0181378 
-0.927651 0.715059 -1.61612 0.863067 1.95732 -1.83553 0.657854 -1.23933 0.893175 -1.6893 2.22569 2.24785 -1.62831 0.95402 -2.64827 -0.178389 -2.57118 0.468753 0.145464 -0.0477258 2.81003 0.108343 2.31164 0.0884442 2.61295 -0.143731 -2.85267 2.75266 1.11161 0.0373468 
-0.939658 0.738499 -1.62436 0.836943 1.94308 -1.82508 0.622115 -1.25342 0.868407 -1.68277 2.20635 2.24379 -1.65383 0.942609 -2.64048 -0.175953 -2.56584 0.483294 0.164995 -0.0160207 2.78398 0.0939611 2.31032 0.0525203 2.63333 -0.153576 -2.84819 2.75553 1.09473 0.0436291 
-0.953868 0.75846 -1.64584 0.828187 1.9403 -1.81908 0.589446 -1.2711 0.848497 -1.67219 2.20214 2.23627 -1.67916 0.937347 -2.63367 -0.170802 -2.55427 0.503895 0.179895 0.00969599 2.75762 0.0980677 2.32405 0.0312715 2.65978 -0.155253 -2.83045 2.76208 1.06773 0.0358982 
-0.971638 0.762025 -1.66666 0.835682 1.93943 -1.82172 0.567366 -1.2792 0.831675 -1.66406 2.21437 2.21793 -1.69532 0.926387 -2.63992 -0.17212 -2.55749 0.533139 0.182353 0.0226222 2.7301 0.104807 2.3353 0.0232007 2.69184 -0.143837 -2.82466 2.77562 1.06373 0.0457842 
-1.00806 0.780595 -1.67055 0.834613 1.95109 -1.80503 0.563557 -1.29699 0.798396 -1.67017 2.201 2.20944 -1.70962 0.929376 -2.65119 -0.169221 -2.53809 0.56073 0.185039 0.0126746 2.72235 0.12423 2.35431 0.0275883 2.7144 -0.117024 -2.8413 2.80229 1.06772 0.0391451 
-1.01908 0.79852 -1.66904 0.81508 1.97232 -1.79304 0.566272 -1.30576 0.778068 -1.68049 2.15308 2.21574 -1.67504 0.910796 -2.67556 -0.132191 -2.5214 0.57486 0.192638 -0.0149338 2.73872 0.143458 2.38008 0.0265408 2.73053 -0.0940788 -2.86292 2.81194 1.04795 0.0148316 
-1.0334 0.84007 -1.68676 0.782849 1.97115 -1.76604 0.571435 -1.32182 0.745446 -1.70289 2.11562 2.2346 -1.62696 0.897402 -2.66894 -0.106893 -2.49851 0.571328 0.201315 -0.072538 2.76139 0.15289 2.42867 0.0402373 2.76227 -0.073947 -2.86599 2.80957 1.04571 -0.000327766 
-1.01898 0.867592 -1.71918 0.758536 1.98573 -1.7129 0.595495 -1.36227 0.69503 -1.72994 2.09727 2.2677 -1.53901 0.885462 -2.65565 -0.0736049 -2.43605 0.546893 0.207541 -0.136911 2.79136 0.147679 2.51542 0.0362229 2.82944 -0.0484371 -2.91822 2.79714 1.04976 -0.00838714 
-0.924964 0.859396 -1.74553 0.747815 2.01071 -1.63544 0.659785 -1.40171 0.661201 -1.76818 2.0905 2.35142 -1.40398 0.855006 -2.63933 -0.0415841 -2.3403 0.480248 0.212606 -0.224792 2.82347 0.137639 2.55663 0.0222488 2.8896 -0.0400386 -3.01921 2.75834 1.04565 0.0536919 
-0.833872 0.825656 -1.7656 0.738817 2.02161 -1.55139 0.725971 -1.42714 0.629635 -1.80979 2.09228 2.42754 -1.27827 0.816435 -2.6012 -0.0168374 -2.23475 0.395438 0.214233 -0.309593 2.84515 0.136256 2.59581 0.0198936 2.93678 -0.0359769 -3.12694 2.71709 0.874071 0.133066 
-0.764405 0.7979 -1.78107 0.738143 2.02994 -1.46345 0.78605 -1.4611 0.622309 -1.85602 2.07389 2.48525 -1.17247 0.78358 -2.5752 0.00527318 -2.15177 0.332894 0.224448 -0.37841 2.85915 0.137602 2.63621 0.0273761 2.96229 -0.0329733 -3.21841 2.68935 0.72149 0.230699 
