Mean 0 Mean 1 Mean 2 Mean 3 Mean 4 Mean 5 Mean 6 Mean 7 Mean 8 Mean 9 Mean 10 Mean 11 Mean 12 Mean 13 Mean 14 Mean 15 Mean 16 Mean 17 Mean 18 Mean 19 Mean 20 Mean 21 Mean 22 Mean 23 Mean 24 Mean 25 Mean 26 Mean 27 Mean 28 Mean 29 
0.804699 0.803089 -1.66747 0.920533 1.3449 0.922455 -0.960623 0.972991 1.14931 -2.53856 1.94516 2.37617 -1.27216 -2.39918 0.978914 -1.91671 -2.35763 2.5627 0.525818 0.243321 0.399661 2.70509 0.297878 -0.558946 2.54208 0.474923 0.220113 -0.170956 0.267749 -1.24041 
0.809332 0.795231 -1.68792 0.903406 1.33779 0.921564 -0.953025 0.981782 1.1359 -2.52423 1.96844 2.34625 -1.28885 -2.41098 0.977552 -1.91343 -2.34056 2.55554 0.55651 0.245902 0.38325 2.71034 0.315998 -0.536128 2.53901 0.483477 0.229668 -0.158134 0.265565 -1.27184 
0.807789 0.793114 -1.68413 0.910093 1.33029 0.933774 -0.95148 0.988619 1.13774 -2.53138 1.96217 2.36747 -1.25669 -2.39907 0.987388 -1.91383 -2.3414 2.55864 0.533145 0.236701 0.376826 2.70537 0.295908 -0.540558 2.5444 0.484176 0.210887 -0.156681 0.280191 -1.25719 
0.802356 0.785006 -1.69269 0.916375 1.31299 0.938004 -0.948776 0.982948 1.13312 -2.52446 1.96588 2.38003 -1.22142 -2.39327 0.988286 -1.90422 -2.34574 2.55983 0.521488 0.246434 0.377644 2.69734 0.287179 -0.531593 2.54919 0.482252 0.184274 -0.163122 0.292386 -1.2495 
0.812029 0.77934 -1.69773 0.919382 1.28288 0.956742 -0.931629 0.970024 1.10329 -2.5192 1.98463 2.35622 -1.18007 -2.3985 0.991981 -1.8868 -2.33472 2.53554 0.54689 0.267209 0.37822 2.6739 0.279213 -0.501066 2.55833 0.499136 0.183282 -0.191403 0.294677 -1.23249 
0.815133 0.786604 -1.69448 0.92104 1.25542 0.964345 -0.913918 0.954993 1.07067 -2.50216 2.00312 2.35443 -1.1423 -2.40241 1.00097 -1.8791 -2.31898 2.53066 0.571837 0.280016 0.380211 2.65389 0.260865 -0.480002 2.56858 0.502467 0.196355 -0.218324 0.290683 -1.21587 
0.826169 0.801678 -1.70471 0.910075 1.22376 0.968382 -0.8993 0.951384 1.06336 -2.45297 2.0248 2.41856 -1.12473 -2.37592 1.01171 -1.89618 -2.29367 2.55958 0.569111 0.279413 0.361751 2.65532 0.240359 -0.501946 2.57465 0.49764 0.190368 -0.233135 0.298286 -1.21513 
0.836657 0.813343 -1.70734 0.888982 1.19334 0.961782 -0.890172 0.945421 1.05578 -2.42079 2.02689 2.44722 -1.11536 -2.3581 1.0125 -1.89111 -2.2814 2.57563 0.572336 0.283069 0.352863 2.64173 0.229457 -0.510263 2.58193 0.486892 0.188275 -0.24734 0.311673 -1.21642 
0.824997 0.796541 -1.6965 0.883095 1.20124 0.957283 -0.900095 0.954623 1.02616 -2.4195 2.03569 2.43909 -1.10314 -2.35248 1.00306 -1.88132 -2.31038 2.54752 0.560584 0.275423 0.348382 2.62655 0.241349 -0.504309 2.58157 0.478767 0.174874 -0.247947 0.326333 -1.22133 
0.810149 0.771162 -1.6817 0.878554 1.20769 0.960054 -0.91534 0.962764 0.980798 -2.41706 2.04423 2.43974 -1.08823 -2.34077 0.980536 -1.87266 -2.35103 2.51321 0.548988 0.263989 0.341494 2.63329 0.255478 -0.509103 2.58305 0.464929 0.172531 -0.239535 0.342718 -1.22623 
0.798748 0.75861 -1.6686 0.86368 1.20887 0.954738 -0.923846 0.974727 0.950707 -2.41199 2.04763 2.42595 -1.0866 -2.33412 0.958462 -1.86362 -2.37113 2.48908 0.52202 0.257885 0.3426 2.64251 0.262002 -0.512323 2.58228 0.457367 0.158829 -0.233916 0.356943 -1.22449 
0.77817 0.749357 -1.67323 0.838544 1.19669 0.960428 -0.935545 0.984461 0.918778 -2.40736 2.03668 2.40409 -1.07867 -2.3392 0.96241 -1.84558 -2.38693 2.47476 0.494362 0.265855 0.343937 2.63494 0.266464 -0.525854 2.58557 0.437925 0.168457 -0.226562 0.362871 -1.21832 
0.754356 0.73961 -1.66565 0.808659 1.18614 0.972002 -0.956019 0.996146 0.893421 -2.39851 2.0302 2.38285 -1.06938 -2.3425 0.966758 -1.81925 -2.39693 2.46608 0.47682 0.274819 0.347078 2.62711 0.271613 -0.5429 2.59261 0.420835 0.178228 -0.213548 0.372187 -1.21028 
0.736698 0.740455 -1.66081 0.786775 1.18928 0.963321 -0.964917 1.01659 0.885873 -2.37767 2.03419 2.36014 -1.05941 -2.34223 0.94893 -1.82083 -2.40147 2.46529 0.445565 0.252111 0.3479 2.64314 0.286537 -0.545111 2.59897 0.421077 0.160192 -0.215291 0.38709 -1.23432 
0.707179 0.667318 -1.60195 0.707118 1.22919 0.888298 -0.970451 1.02515 0.865345 -2.35445 2.04797 2.24146 -1.02667 -2.24626 0.896884 -1.8403 -2.40148 2.53511 0.413195 0.207421 0.289522 2.59562 0.353634 -0.541753 2.57219 0.48602 0.122948 -0.254553 0.399863 -1.24426 
0.689653 0.612543 -1.55268 0.653172 1.2661 0.833596 -0.976749 1.02558 0.853932 -2.33668 2.06317 2.15186 -1.00336 -2.17266 0.858419 -1.86249 -2.39699 2.59336 0.392657 0.180097 0.241777 2.56267 0.402701 -0.541715 2.55863 0.540811 0.0938367 -0.281037 0.415663 -1.25304 
0.662584 0.623777 -1.57097 0.656859 1.2573 0.845363 -0.977333 1.05659 0.847434 -2.31092 2.05488 2.16229 -1.00876 -2.19713 0.851635 -1.85036 -2.39559 2.57807 0.360848 0.176292 0.274947 2.56653 0.389587 -0.541877 2.55981 0.519576 0.0907102 -0.27699 0.430638 -1.25549 
0.654227 0.626423 -1.58183 0.680316 1.22928 0.878983 -0.980959 1.06614 0.846752 -2.29753 2.04812 2.17112 -1.01715 -2.21817 0.844156 -1.80788 -2.40159 2.55503 0.35604 0.178489 0.311233 2.56399 0.35804 -0.52493 2.54667 0.496596 0.0973947 -0.271897 0.438115 -1.23689 
0.626661 0.61821 -1.56616 0.672183 1.21591 0.970201 -1.00063 1.07189 0.829829 -2.27457 2.04642 2.21279 -1.04083 -2.21023 0.837853 -1.74997 -2.39643 2.53365 0.377429 0.155174 0.341575 2.57957 0.331654 -0.517672 2.52619 0.467943 0.108833 -0.246855 0.449575 -1.19733 
0.6082 0.61811 -1.55218 0.67428 1.21191 1.03215 -1.01522 1.07075 0.815809 -2.25665 2.03628 2.24858 -1.06827 -2.22385 0.831099 -1.70151 -2.39275 2.51219 0.391448 0.150104 0.352362 2.59015 0.307055 -0.516172 2.51145 0.438756 0.121026 -0.22777 0.458324 -1.17045 
0.595517 0.618708 -1.54494 0.675577 1.22223 1.06796 -1.02701 1.06969 0.814967 -2.24492 2.03228 2.2695 -1.10232 -2.23642 0.828477 -1.6723 -2.38804 2.5006 0.387561 0.14859 0.350967 2.59999 0.288031 -0.519036 2.50159 0.403999 0.127501 -0.205899 0.471664 -1.15151 
0.597926 0.627037 -1.53871 0.688065 1.22712 1.05366 -1.03544 1.04994 0.81034 -2.25549 2.02838 2.28828 -1.12983 -2.23982 0.82144 -1.66135 -2.387 2.47932 0.394643 0.1509 0.353418 2.61266 0.27093 -0.528759 2.48978 0.388132 0.119283 -0.204268 0.479292 -1.15323 
0.609729 0.633034 -1.54732 0.699785 1.22808 1.03071 -1.02046 1.03126 0.818425 -2.24702 2.03625 2.30286 -1.12602 -2.2366 0.819966 -1.65591 -2.39026 2.46501 0.400769 0.153015 0.363847 2.62471 0.250356 -0.535603 2.48709 0.382254 0.110595 -0.203569 0.488268 -1.151 
0.667919 0.595936 -1.62685 0.769103 1.22911 0.888446 -1.04509 1.03409 0.920398 -2.189 2.10584 2.30865 -1.07093 -2.2635 0.825234 -1.68634 -2.48956 2.46899 0.355794 0.190018 0.336088 2.67089 0.212397 -0.56949 2.60164 0.428494 0.113721 -0.235123 0.521363 -1.27137 
0.67391 0.557733 -1.64726 0.770172 1.22976 0.778884 -1.04288 1.01799 0.923589 -2.14647 2.14556 2.34663 -1.06493 -2.25296 0.849398 -1.67095 -2.53684 2.45454 0.359301 0.18356 0.342259 2.70651 0.198848 -0.580356 2.61617 0.418556 0.117211 -0.226559 0.521319 -1.30511 
0.670352 0.548848 -1.65617 0.769129 1.25955 0.722123 -1.0291 0.98978 0.919586 -2.11255 2.14498 2.36966 -1.05861 -2.22856 0.859033 -1.65346 -2.58331 2.4343 0.377432 0.130095 0.338631 2.74653 0.176493 -0.575989 2.62901 0.441534 0.117352 -0.200417 0.50649 -1.29047 
0.661578 0.55311 -1.67056 0.774858 1.27596 0.679436 -1.02763 0.972726 0.923647 -2.09974 2.12793 2.37677 -1.06084 -2.21293 0.861433 -1.64131 -2.60025 2.43946 0.388027 0.102928 0.344433 2.75494 0.164164 -0.570204 2.63046 0.454172 0.115406 -0.182479 0.506073 -1.2629 
0.642535 0.561256 -1.70046 0.768016 1.28014 0.692484 -1.02752 0.994325 0.934615 -2.10871 2.07661 2.38988 -1.0274 -2.19305 0.871804 -1.6678 -2.6203 2.47336 0.40305 0.0991104 0.381298 2.74386 0.149916 -0.550443 2.63083 0.423799 0.108294 -0.183979 0.501887 -1.25651 
0.641278 0.567836 -1.70826 0.767036 1.29583 0.721312 -1.01133 1.01314 0.935528 -2.11784 2.05355 2.37929 -0.991339 -2.17946 0.878434 -1.68428 -2.63809 2.49389 0.398943 0.0929707 0.402572 2.73969 0.131472 -0.525594 2.6233 0.408035 0.121305 -0.198043 0.501372 -1.24046 
0.690803 0.597058 -1.68657 0.783624 1.33025 0.743016 -0.969857 1.01026 0.953372 -2.13431 2.06443 2.35614 -0.97371 -2.14088 0.875904 -1.68152 -2.6375 2.49512 0.398488 0.0784781 0.417249 2.74468 0.0960311 -0.515097 2.62195 0.416196 0.150407 -0.193444 0.497583 -1.21697 
0.700141 0.632644 -1.70887 0.801437 1.34057 0.7268 -0.947269 1.00806 0.918812 -2.11505 2.06394 2.36704 -0.963903 -2.14867 0.870271 -1.65468 -2.66538 2.50001 0.373132 0.0486814 0.458124 2.7455 0.0786474 -0.545495 2.63663 0.375656 0.17237 -0.196998 0.502364 -1.19708 
0.688782 0.667597 -1.75008 0.797391 1.35265 0.682357 -0.954209 1.03066 0.900491 -2.0827 2.04988 2.37839 -0.953109 -2.16267 0.857863 -1.64095 -2.6814 2.51565 0.347647 0.0324277 0.526585 2.73015 0.0654507 -0.576964 2.63138 0.33633 0.181947 -0.222412 0.505831 -1.17144 
0.667588 0.671018 -1.76188 0.778161 1.36704 0.634831 -0.987404 1.00204 0.867457 -2.05933 2.02747 2.39057 -0.950717 -2.16041 0.854277 -1.63076 -2.68583 2.50811 0.362977 0.0101705 0.538611 2.73769 0.073245 -0.583652 2.62076 0.312955 0.202279 -0.218511 0.502522 -1.16455 
0.597556 0.626886 -1.70931 0.640599 1.4601 0.479852 -1.05102 0.888751 0.751648 -1.93429 1.9661 2.53346 -1.06335 -2.07343 0.880513 -1.61256 -2.70928 2.4513 0.496339 -0.100068 0.539988 2.87868 0.0833126 -0.538258 2.55835 0.203854 0.232513 -0.101147 0.52798 -1.16304 
0.552217 0.642512 -1.70809 0.562034 1.43177 0.437374 -1.08993 0.831766 0.692228 -1.90868 1.89875 2.58833 -1.07692 -2.03274 0.883249 -1.5759 -2.71563 2.41028 0.582719 -0.10656 0.556717 2.97313 0.0950259 -0.568317 2.54839 0.142342 0.234636 -0.0787477 0.548095 -1.1534 
0.518159 0.670871 -1.78117 0.564645 1.29938 0.455465 -1.15995 0.784156 0.624788 -1.99325 1.86671 2.63932 -1.00188 -1.97963 0.955658 -1.51744 -2.67503 2.31199 0.689246 -0.0424492 0.555488 2.95667 0.138217 -0.642283 2.55376 0.0703051 0.236939 -0.172039 0.615446 -1.18228 
0.513958 0.688499 -1.82728 0.553373 1.22377 0.48142 -1.21677 0.745312 0.589854 -2.04515 1.83501 2.66028 -0.949383 -1.95743 1.03547 -1.47444 -2.67306 2.24481 0.765339 -0.0157501 0.542389 2.91254 0.16488 -0.682524 2.56289 0.0343493 0.234223 -0.19261 0.657523 -1.19299 
0.501929 0.708147 -1.82213 0.541736 1.20472 0.505216 -1.23435 0.730019 0.587153 -2.05651 1.75666 2.63027 -0.893472 -1.97534 1.04778 -1.46767 -2.67573 2.23352 0.762871 -0.00947482 0.545122 2.89441 0.169017 -0.718377 2.53661 0.0396592 0.213108 -0.161932 0.648188 -1.1726 
0.499546 0.728435 -1.80652 0.560044 1.19104 0.551725 -1.24306 0.721422 0.574645 -2.05486 1.65739 2.57176 -0.820423 -1.98411 1.07498 -1.48367 -2.65185 2.23802 0.740444 -0.0426828 0.542958 2.89204 0.159866 -0.754341 2.50241 0.0988612 0.210319 -0.142802 0.631395 -1.14267 
0.529638 0.723299 -1.8061 0.599011 1.21399 0.593287 -1.22559 0.687794 0.595589 -2.08507 1.62159 2.49836 -0.754964 -2.03038 1.07332 -1.52424 -2.61842 2.23361 0.696995 -0.0501589 0.487245 2.87968 0.156332 -0.793635 2.44758 0.154931 0.205846 -0.122763 0.601378 -1.12921 
