Mean 0 Mean 1 Mean 2 Mean 3 Mean 4 Mean 5 Mean 6 Mean 7 Mean 8 Mean 9 Mean 10 Mean 11 Mean 12 Mean 13 Mean 14 Mean 15 Mean 16 Mean 17 Mean 18 Mean 19 Mean 20 Mean 21 Mean 22 Mean 23 Mean 24 Mean 25 Mean 26 Mean 27 Mean 28 Mean 29 
-2.52802 -2.63486 -1.64099 -0.897777 1.57339 0.891798 0.992136 1.06331 -1.56075 -0.997669 -0.914392 2.01322 0.940898 -1.16423 0.974941 0.288827 1.61015 -0.88839 2.06797 0.0524559 0.959172 -1.77696 2.82929 -2.54832 2.68609 2.93056 1.87752 0.391444 2.10449 0.502281 
-2.53205 -2.63841 -1.64855 -0.888953 1.56778 0.890363 0.995008 1.06274 -1.5776 -1.00836 -0.916727 1.99425 0.952384 -1.15027 0.970037 0.302355 1.61431 -0.882116 2.0566 0.0637927 0.955703 -1.77744 2.8333 -2.77443 2.68784 2.9381 1.87856 0.380847 2.10972 0.513237 
-2.53329 -2.64105 -1.65104 -0.897285 1.56574 0.890767 0.999563 1.05783 -1.58715 -1.00974 -0.919718 1.98696 0.962495 -1.13704 0.966471 0.304788 1.61472 -0.886403 2.05658 0.0599175 0.9544 -1.77785 2.83582 -2.85244 2.68298 2.94482 1.88164 0.380555 2.11836 0.510481 
-2.53329 -2.63562 -1.64869 -0.906166 1.55963 0.874008 1.00479 1.06416 -1.59785 -1.01079 -0.917997 1.97788 0.971133 -1.11449 0.967182 0.301873 1.61288 -0.899361 2.05313 0.0526257 0.953857 -1.78252 2.84436 -2.89275 2.67989 2.95578 1.88864 0.388176 2.12393 0.516648 
-2.53 -2.63606 -1.64587 -0.914694 1.5524 0.86463 1.00623 1.0715 -1.60211 -1.01252 -0.91428 1.9574 0.98092 -1.08998 0.965052 0.303136 1.60227 -0.907919 2.0568 0.051519 0.950001 -1.79638 2.84619 -2.91417 2.67124 2.9567 1.88876 0.388845 2.12703 0.510674 
-2.55306 -2.62323 -1.64865 -0.909618 1.56204 0.86279 0.985599 1.06063 -1.63877 -1.04013 -0.914095 1.95592 0.946772 -1.1105 0.969878 0.322896 1.60118 -0.918989 2.05169 0.0514571 0.924297 -1.82306 2.86735 -2.91254 2.67676 2.96886 1.91209 0.40176 2.12682 0.489759 
-2.56829 -2.61984 -1.64177 -0.923603 1.56158 0.85131 0.973712 1.05834 -1.67308 -1.06228 -0.917332 1.93861 0.93759 -1.1067 0.973027 0.337003 1.58583 -0.909051 2.04878 0.0462715 0.898608 -1.86254 2.89829 -2.89497 2.68453 2.98212 1.90515 0.394745 2.12955 0.475962 
-2.62704 -2.60224 -1.66099 -0.901383 1.53953 0.859232 0.937171 1.05149 -1.75351 -1.12929 -0.929432 1.92945 0.90201 -1.18664 0.985287 0.369847 1.60712 -0.947312 2.05977 0.0516951 0.831645 -1.92288 2.95012 -2.81209 2.68559 3.04979 1.94863 0.451227 2.12802 0.424693 
-2.66388 -2.58214 -1.67794 -0.899824 1.51568 0.87771 0.911785 1.06184 -1.80224 -1.1724 -0.916059 1.91936 0.891645 -1.23509 0.992352 0.37122 1.63 -0.971065 2.07569 0.0356765 0.765453 -1.96679 3.00596 -2.75872 2.69412 3.12745 1.97409 0.493334 2.13271 0.407332 
-2.66528 -2.56933 -1.67655 -0.915432 1.51062 0.886524 0.902179 1.07086 -1.81643 -1.16831 -0.885702 1.90938 0.89333 -1.24307 0.981572 0.359636 1.63658 -0.972963 2.08667 0.0202381 0.743249 -1.97783 3.01356 -2.76075 2.6993 3.14525 1.979 0.504726 2.14815 0.41213 
-2.63817 -2.57168 -1.67754 -0.940713 1.52276 0.88391 0.904651 1.07024 -1.80287 -1.14791 -0.857283 1.8989 0.901305 -1.22412 0.961705 0.358755 1.62513 -0.958669 2.06855 -0.00532089 0.753968 -1.96086 2.99436 -2.77788 2.72104 3.11989 1.97104 0.508353 2.16325 0.440215 
-2.61366 -2.57572 -1.68289 -0.95619 1.53161 0.887389 0.914401 1.06398 -1.79179 -1.13093 -0.843032 1.89161 0.905714 -1.21069 0.935777 0.366848 1.61421 -0.955091 2.03828 -0.0194511 0.766924 -1.93803 2.97518 -2.78861 2.73418 3.0931 1.96204 0.503977 2.17843 0.440712 
-2.59713 -2.58849 -1.69313 -0.974065 1.53468 0.883314 0.922268 1.06838 -1.76796 -1.10707 -0.84203 1.8812 0.915173 -1.1976 0.918126 0.380451 1.60514 -0.943569 2.00794 -0.0339915 0.776829 -1.92745 2.96155 -2.7838 2.7471 3.07513 1.94705 0.501633 2.19304 0.458859 
-2.58106 -2.59772 -1.69193 -0.983087 1.53616 0.884022 0.920361 1.06297 -1.75425 -1.10358 -0.834385 1.88447 0.907952 -1.19103 0.914067 0.393705 1.59916 -0.949168 1.99644 -0.0410881 0.771335 -1.92336 2.95519 -2.77733 2.74566 3.06786 1.9278 0.501474 2.20448 0.466314 
-2.56779 -2.61523 -1.65297 -1.00035 1.53652 0.879684 0.910367 1.06426 -1.74749 -1.09934 -0.804413 1.88714 0.883615 -1.19274 0.894815 0.399207 1.59499 -0.983234 1.97387 -0.0486231 0.776096 -1.904 2.94185 -2.78344 2.73327 3.06379 1.89621 0.486794 2.21968 0.487505 
-2.56527 -2.636 -1.5724 -1.0103 1.53519 0.877556 0.882374 1.08208 -1.76128 -1.10696 -0.766593 1.8928 0.816818 -1.2287 0.858629 0.410309 1.61448 -1.04152 1.94989 -0.0445257 0.790732 -1.88821 2.93437 -2.81397 2.69543 3.04752 1.86396 0.452375 2.23069 0.506011 
-2.60308 -2.64448 -1.49689 -1.00098 1.53364 0.880456 0.848887 1.07947 -1.78502 -1.11644 -0.739634 1.90064 0.747399 -1.25559 0.82102 0.419959 1.64497 -1.0857 1.94414 -0.0484482 0.814512 -1.86644 2.9348 -2.86137 2.66972 3.0197 1.81527 0.421685 2.22974 0.499353 
-2.62068 -2.65088 -1.48001 -0.993356 1.53091 0.883946 0.843149 1.07808 -1.78099 -1.08778 -0.729331 1.90593 0.735895 -1.25484 0.805324 0.421301 1.64383 -1.07499 1.94584 -0.0476367 0.835432 -1.8659 2.92476 -2.88979 2.65413 3.00164 1.79437 0.417836 2.25355 0.507589 
-2.61974 -2.66597 -1.48659 -0.983649 1.53159 0.861718 0.851648 1.06739 -1.77283 -1.06342 -0.722158 1.90365 0.742455 -1.24856 0.802045 0.420416 1.63966 -1.05302 1.94027 -0.0306043 0.848896 -1.86678 2.91457 -2.905 2.64453 2.9711 1.7658 0.408674 2.27354 0.514877 
-2.60783 -2.69016 -1.52461 -0.966915 1.53844 0.829442 0.875145 1.0742 -1.7622 -1.02292 -0.716646 1.89315 0.759376 -1.2564 0.774274 0.430676 1.62957 -1.01817 1.9249 -0.00784387 0.883539 -1.86989 2.9033 -2.92284 2.62679 2.915 1.74976 0.388036 2.28889 0.511851 
-2.56775 -2.73584 -1.58431 -0.922516 1.56959 0.78549 0.895875 1.05628 -1.72762 -0.998991 -0.704267 1.85922 0.774414 -1.27606 0.721666 0.452124 1.62087 -0.975293 1.91521 0.0110707 0.88899 -1.86646 2.89131 -2.93193 2.61816 2.86769 1.7325 0.353465 2.29573 0.500275 
-2.57376 -2.73557 -1.63424 -0.9228 1.56203 0.765736 0.901423 1.01333 -1.73361 -0.968224 -0.678406 1.85148 0.787883 -1.25844 0.732191 0.447658 1.60977 -0.950737 1.91618 0.046395 0.920325 -1.87489 2.87851 -2.94915 2.64653 2.86065 1.70858 0.355969 2.30054 0.491295 
-2.58559 -2.72479 -1.67366 -0.92841 1.55669 0.754504 0.903219 0.98321 -1.73105 -0.95895 -0.659676 1.86238 0.808797 -1.25012 0.743207 0.435575 1.60169 -0.946572 1.91558 0.083461 0.946429 -1.87049 2.87729 -2.96871 2.65671 2.87024 1.69341 0.361203 2.30026 0.470416 
-2.582 -2.70624 -1.71062 -0.90707 1.57953 0.748658 0.901596 0.951533 -1.74593 -0.941182 -0.658278 1.86882 0.821926 -1.29195 0.727623 0.449393 1.59369 -0.948239 1.91609 0.0998222 0.97776 -1.85263 2.84988 -2.98892 2.64058 2.85514 1.6994 0.358316 2.29346 0.465468 
-2.59283 -2.71017 -1.74565 -0.909743 1.58177 0.750041 0.909355 0.927706 -1.77076 -0.939401 -0.638399 1.85726 0.84186 -1.28075 0.764569 0.43356 1.57766 -0.944927 1.89955 0.146129 0.98684 -1.82786 2.86741 -3.01999 2.65166 2.87889 1.65756 0.365559 2.30081 0.455714 
-2.60339 -2.68889 -1.77569 -0.914838 1.58222 0.768383 0.910741 0.932156 -1.75731 -0.939152 -0.634084 1.85377 0.866942 -1.25623 0.781593 0.416264 1.57221 -0.952206 1.88631 0.137027 0.961314 -1.81311 2.89164 -3.01246 2.66183 2.93024 1.63615 0.371402 2.32215 0.462921 
-2.60595 -2.66579 -1.78835 -0.913847 1.5888 0.788401 0.917024 0.926184 -1.72916 -0.937087 -0.629483 1.83439 0.887311 -1.22724 0.793607 0.406625 1.58206 -0.957879 1.86524 0.121234 0.933195 -1.82636 2.89861 -2.98201 2.66146 2.96552 1.63279 0.37502 2.32568 0.477772 
-2.5986 -2.66187 -1.77262 -0.887583 1.58713 0.812471 0.936928 0.899441 -1.71593 -0.914194 -0.60906 1.80039 0.901984 -1.17577 0.778404 0.395425 1.57748 -0.948937 1.85528 0.102437 0.916158 -1.83929 2.86956 -2.95513 2.65513 2.98954 1.66941 0.387904 2.34298 0.507595 
-2.59488 -2.66184 -1.77092 -0.864932 1.58318 0.829216 0.944395 0.880406 -1.69375 -0.89415 -0.570546 1.75644 0.91816 -1.16223 0.775783 0.363837 1.56279 -0.944876 1.84728 0.0961483 0.882654 -1.85628 2.86386 -2.92822 2.66257 3.01287 1.67096 0.404481 2.35234 0.534756 
-2.5801 -2.66754 -1.7697 -0.866314 1.58224 0.855067 0.9278 0.861592 -1.66648 -0.887952 -0.555811 1.73338 0.914341 -1.15554 0.774504 0.342609 1.56141 -0.932142 1.83624 0.0930591 0.846869 -1.86369 2.84139 -2.92734 2.64345 3.03157 1.65036 0.420214 2.34969 0.534279 
-2.56771 -2.68406 -1.75169 -0.842422 1.58766 0.883936 0.910057 0.844361 -1.64205 -0.894264 -0.562414 1.71614 0.915453 -1.11861 0.77766 0.326733 1.55389 -0.885899 1.83819 0.105121 0.80336 -1.86181 2.81825 -2.92597 2.6369 3.07647 1.64337 0.444996 2.34137 0.528888 
-2.56923 -2.69329 -1.78318 -0.830013 1.58379 0.944185 0.856706 0.847335 -1.64861 -0.898815 -0.567747 1.71052 0.937271 -1.13349 0.773381 0.302924 1.54318 -0.863293 1.82903 0.0930293 0.797261 -1.85741 2.83663 -2.93357 2.63337 3.13223 1.64899 0.447417 2.33015 0.541795 
-2.5803 -2.72136 -1.79348 -0.841711 1.55382 0.975938 0.802451 0.86007 -1.68637 -0.90822 -0.556437 1.6998 0.940634 -1.16523 0.781284 0.271835 1.5151 -0.847982 1.79247 0.0642279 0.783697 -1.85168 2.85525 -2.94436 2.61383 3.17316 1.6858 0.45067 2.36154 0.550723 
-2.58494 -2.73233 -1.78554 -0.860851 1.52894 0.990358 0.770736 0.86545 -1.70296 -0.89425 -0.551067 1.69993 0.939173 -1.19941 0.784718 0.273366 1.49661 -0.82358 1.76988 0.0453424 0.752958 -1.86655 2.87053 -2.95833 2.55993 3.19982 1.72472 0.467159 2.38433 0.552666 
-2.55438 -2.72647 -1.77061 -0.860558 1.51622 0.983712 0.778159 0.852004 -1.69425 -0.860927 -0.555613 1.70997 0.975954 -1.2171 0.769507 0.309082 1.46931 -0.811607 1.76567 0.0351916 0.720917 -1.88007 2.86275 -2.97413 2.50375 3.22206 1.73832 0.499606 2.37633 0.573996 
-2.51944 -2.70916 -1.70325 -0.812275 1.48714 0.910607 0.816043 0.857205 -1.71536 -0.849743 -0.586426 1.71589 1.0367 -1.25512 0.741821 0.381978 1.44279 -0.790481 1.7464 -0.0061462 0.684132 -1.89594 2.85787 -3.06385 2.39059 3.24448 1.72168 0.54597 2.36611 0.593831 
-2.48076 -2.6759 -1.64792 -0.778791 1.46843 0.860222 0.847716 0.840151 -1.71675 -0.817978 -0.611919 1.71727 1.08035 -1.28445 0.709563 0.439754 1.43893 -0.76087 1.73856 -0.0351035 0.672451 -1.90931 2.85967 -3.13313 2.26978 3.26485 1.71647 0.587135 2.36163 0.607164 
-2.41383 -2.6276 -1.62269 -0.766375 1.46742 0.833995 0.864645 0.804096 -1.72787 -0.790804 -0.648547 1.72159 1.09923 -1.2923 0.696818 0.482899 1.45314 -0.714512 1.75339 -0.0551345 0.683899 -1.91124 2.896 -3.184 2.13515 3.31244 1.701 0.621446 2.36302 0.59568 
-2.35892 -2.59567 -1.59823 -0.758548 1.46715 0.82085 0.867133 0.760623 -1.71194 -0.752844 -0.711666 1.74214 1.08146 -1.31694 0.686244 0.505136 1.45865 -0.712044 1.78865 -0.0776403 0.710108 -1.91025 2.89704 -3.22131 2.05836 3.32279 1.69333 0.652095 2.35324 0.60811 
-2.31239 -2.57304 -1.57562 -0.752638 1.45883 0.817819 0.875433 0.71974 -1.68637 -0.73393 -0.789709 1.7601 1.06227 -1.31786 0.700741 0.52982 1.45267 -0.709057 1.81863 -0.104653 0.704365 -1.91768 2.87307 -3.24649 2.04595 3.31624 1.67371 0.670773 2.34464 0.622239 
