Mean 0 Mean 1 Mean 2 Mean 3 Mean 4 Mean 5 Mean 6 Mean 7 Mean 8 Mean 9 Mean 10 Mean 11 Mean 12 Mean 13 Mean 14 Mean 15 Mean 16 Mean 17 Mean 18 Mean 19 Mean 20 Mean 21 Mean 22 Mean 23 Mean 24 Mean 25 Mean 26 Mean 27 Mean 28 Mean 29 
-2.70332 -1.91602 -1.7197 0.897371 1.83615 0.976847 0.8727 0.969558 -1.29174 -1.35349 1.00645 1.18735 1.01113 -1.48937 -1.28174 -0.419515 0.477701 -0.315738 1.18832 0.208905 -2.39121 0.472333 -2.67849 0.0304245 2.36461 -2.11068 0.620742 2.75358 2.01902 -0.223412 
-2.70803 -1.91854 -1.71527 0.903422 1.83354 0.988368 0.885299 0.974723 -1.29238 -1.36172 1.00325 1.17859 1.01913 -1.49538 -1.28691 -0.419633 0.476113 -0.319968 2.20242 0.212401 -2.71901 0.461405 -2.67868 0.023655 2.35914 -2.10554 0.616533 2.75624 2.02673 -0.213109 
-2.70951 -1.92054 -1.71022 0.907373 1.80753 0.990612 0.880798 0.976093 -1.29829 -1.37176 1.01588 1.17764 1.01156 -1.48554 -1.29503 -0.420087 0.479214 -0.328564 2.55245 0.223617 -2.83044 0.465577 -2.67977 0.0192788 2.349 -2.11031 0.623869 2.761 2.03037 -0.219841 
-2.69637 -1.92884 -1.70358 0.907698 1.81079 0.988997 0.878588 0.975631 -1.31033 -1.36602 1.0112 1.17203 1.0132 -1.47363 -1.30485 -0.416467 0.479053 -0.323887 2.72322 0.22236 -2.8707 0.461962 -2.68315 0.0226029 2.34569 -2.11425 0.634632 2.75293 2.04123 -0.23007 
-2.68921 -1.93063 -1.69641 0.906434 1.81129 0.9978 0.879308 0.966864 -1.30547 -1.38426 1.01988 1.17906 1.00378 -1.449 -1.30255 -0.407331 0.480246 -0.328934 2.83411 0.223319 -2.90492 0.46187 -2.67556 0.0186305 2.34313 -2.11444 0.634632 2.75224 2.03705 -0.233398 
-2.67364 -1.92809 -1.68727 0.901973 1.81014 1.00364 0.879748 0.955341 -1.3048 -1.39129 1.0348 1.19158 1.00175 -1.42725 -1.29245 -0.402893 0.480545 -0.329758 2.90969 0.220124 -2.91557 0.461502 -2.67018 0.0156019 2.34768 -2.10864 0.638574 2.75332 2.02994 -0.237312 
-2.66421 -1.92877 -1.68094 0.897449 1.8158 1.01341 0.87788 0.948779 -1.30595 -1.39836 1.04299 1.19722 0.999881 -1.41267 -1.29447 -0.394696 0.484372 -0.338854 2.96831 0.218245 -2.93596 0.461897 -2.66417 0.0118971 2.34385 -2.10898 0.639904 2.747 2.02763 -0.237921 
-2.66253 -1.92928 -1.68179 0.89167 1.80222 1.01845 0.862758 0.935759 -1.31179 -1.39869 1.05241 1.21043 0.99604 -1.39858 -1.29052 -0.388831 0.4927 -0.339603 3.01343 0.218406 -2.95178 0.463779 -2.66655 0.00800849 2.34896 -2.12152 0.637658 2.74287 2.02955 -0.233513 
-2.66455 -1.93409 -1.67743 0.884675 1.81381 1.01859 0.858666 0.934587 -1.31845 -1.40001 1.03918 1.21406 0.985779 -1.3912 -1.30102 -0.383352 0.494561 -0.342873 3.03486 0.214878 -2.97175 0.463928 -2.66167 0.00280559 2.35137 -2.1305 0.62245 2.73376 2.03343 -0.229365 
-2.66325 -1.93183 -1.68047 0.880801 1.81273 1.01781 0.860969 0.935742 -1.33285 -1.39108 1.04134 1.20915 0.977485 -1.38627 -1.31979 -0.377808 0.484541 -0.352157 3.04789 0.206574 -2.98679 0.468103 -2.66664 9.67429e-05 2.35896 -2.13586 0.632076 2.7332 2.05048 -0.248599 
-2.66759 -1.93189 -1.67469 0.875287 1.81096 1.0127 0.85947 0.934014 -1.34174 -1.38269 1.03874 1.21311 0.971782 -1.38264 -1.32552 -0.375426 0.47316 -0.356234 3.04682 0.203998 -2.99915 0.475478 -2.66373 0.00921006 2.36092 -2.14257 0.615697 2.72832 2.06082 -0.258205 
-2.66509 -1.93111 -1.6797 0.872444 1.82403 1.00373 0.851866 0.935952 -1.34287 -1.38848 1.02382 1.2283 0.964433 -1.37494 -1.32899 -0.374288 0.457279 -0.367845 3.04654 0.205941 -3.01064 0.491698 -2.65121 0.0119845 2.37064 -2.13927 0.582588 2.72176 2.06217 -0.265377 
-2.67231 -1.92233 -1.67864 0.873677 1.8105 0.988917 0.852322 0.945602 -1.3377 -1.35998 1.0057 1.22491 0.967263 -1.3807 -1.33445 -0.359907 0.446378 -0.371053 3.00937 0.195238 -3.00262 0.490873 -2.64474 0.0282818 2.38716 -2.1409 0.561782 2.73012 2.07401 -0.279677 
-2.66195 -1.90934 -1.66829 0.867895 1.80457 0.994199 0.837232 0.953682 -1.35315 -1.36783 1.00705 1.23265 0.958078 -1.3909 -1.35256 -0.363324 0.438542 -0.397437 2.98325 0.197525 -3.01306 0.536521 -2.63648 0.0363008 2.38279 -2.14063 0.527481 2.71309 2.07661 -0.307924 
-2.64479 -1.89426 -1.66587 0.875778 1.79496 1.00728 0.829073 0.956305 -1.35912 -1.36797 0.996568 1.25015 0.961361 -1.40428 -1.36606 -0.365826 0.41795 -0.418175 2.97192 0.202149 -3.01664 0.572813 -2.62506 0.0480859 2.38146 -2.13351 0.499606 2.70349 2.07927 -0.338721 
-2.64659 -1.89712 -1.65307 0.872409 1.78436 1.01529 0.818522 0.964509 -1.36479 -1.37669 0.99538 1.25218 0.954173 -1.41067 -1.37349 -0.368264 0.411399 -0.43693 2.94515 0.206084 -3.0205 0.583922 -2.62098 0.0541368 2.37119 -2.1297 0.48109 2.68936 2.09192 -0.340513 
-2.642 -1.89678 -1.66029 0.876314 1.78164 1.0075 0.82189 0.966442 -1.35372 -1.37412 1.00741 1.2506 0.956709 -1.41797 -1.36641 -0.393699 0.395736 -0.439612 2.93212 0.226606 -3.03952 0.594794 -2.61155 0.0578343 2.36522 -2.12474 0.460099 2.67733 2.11279 -0.356254 
-2.64798 -1.89949 -1.67151 0.879254 1.77745 0.989269 0.831235 0.961059 -1.34569 -1.36714 1.01692 1.24907 0.959736 -1.42128 -1.36159 -0.406149 0.37963 -0.440257 2.91948 0.256262 -3.05412 0.597961 -2.60979 0.0641686 2.34999 -2.12576 0.440523 2.67085 2.13713 -0.36472 
-2.64876 -1.892 -1.66781 0.877221 1.77881 0.985339 0.857462 0.954335 -1.33556 -1.36264 1.05421 1.22233 0.96626 -1.41879 -1.35073 -0.417953 0.388968 -0.434972 2.89033 0.272338 -3.08194 0.597169 -2.61245 0.0779165 2.32118 -2.1479 0.42117 2.66999 2.17111 -0.36861 
-2.64943 -1.89082 -1.68246 0.878217 1.77259 0.962631 0.849254 0.957952 -1.33001 -1.36489 1.07269 1.19426 0.958602 -1.42773 -1.34918 -0.414074 0.395216 -0.416034 2.87122 0.286604 -3.08444 0.586236 -2.62338 0.0793403 2.30453 -2.18281 0.410384 2.67115 2.20443 -0.378039 
-2.64381 -1.88825 -1.71047 0.876537 1.71925 0.934682 0.85372 0.988725 -1.29458 -1.37799 1.03467 1.18705 0.942929 -1.42795 -1.30969 -0.378047 0.370529 -0.403813 2.85636 0.309057 -3.05122 0.53795 -2.64833 0.0945933 2.29045 -2.20388 0.402313 2.64396 2.22251 -0.401923 
-2.64195 -1.88323 -1.74742 0.881375 1.69017 0.904676 0.84565 1.0097 -1.27207 -1.37497 1.02126 1.20504 0.95151 -1.42756 -1.28464 -0.362675 0.344883 -0.399839 2.8418 0.322132 -3.02761 0.521491 -2.65584 0.0915756 2.30253 -2.21432 0.382245 2.6213 2.23997 -0.436413 
-2.64457 -1.88101 -1.78641 0.887786 1.67475 0.875795 0.840494 1.02057 -1.26233 -1.38452 1.00773 1.22473 0.961662 -1.41566 -1.26886 -0.339622 0.331616 -0.395172 2.855 0.319668 -3.00227 0.510949 -2.64738 0.0796083 2.31483 -2.22115 0.365272 2.60294 2.25711 -0.44149 
-2.66761 -1.89236 -1.81206 0.886324 1.674 0.842723 0.831447 1.01689 -1.26627 -1.37493 1.02103 1.23862 0.971561 -1.40846 -1.25973 -0.332639 0.328062 -0.384585 2.86179 0.318422 -2.98653 0.509711 -2.65087 0.0597591 2.32436 -2.23108 0.359913 2.60108 2.26589 -0.445187 
-2.69892 -1.91043 -1.82989 0.877472 1.68648 0.833528 0.829064 1.02617 -1.28289 -1.36035 1.05181 1.24558 0.988738 -1.40937 -1.25612 -0.339392 0.329302 -0.370611 2.85562 0.287679 -2.95857 0.513406 -2.65659 0.040178 2.32106 -2.25198 0.363983 2.60617 2.27848 -0.434578 
-2.70732 -1.90929 -1.85371 0.860929 1.70585 0.84632 0.822591 1.01716 -1.27426 -1.36345 1.06165 1.24477 1.00557 -1.39744 -1.26953 -0.334217 0.329825 -0.363733 2.87165 0.27746 -2.94824 0.517065 -2.65959 0.0360177 2.30912 -2.26274 0.355064 2.62009 2.27145 -0.424443 
-2.70523 -1.90722 -1.87652 0.842642 1.71482 0.868442 0.813223 0.999966 -1.27298 -1.37677 1.07561 1.23525 1.0389 -1.37813 -1.28945 -0.323133 0.343831 -0.371458 2.88587 0.259023 -2.95143 0.526156 -2.65431 0.0420739 2.28809 -2.27539 0.339531 2.62441 2.28132 -0.401369 
-2.70213 -1.89449 -1.89443 0.830117 1.72364 0.891604 0.810996 0.973746 -1.24977 -1.39644 1.08173 1.20388 1.03344 -1.37578 -1.30896 -0.314855 0.356311 -0.405729 2.89415 0.253287 -2.96065 0.537689 -2.66123 0.0458325 2.24497 -2.26354 0.333723 2.63371 2.2773 -0.377543 
-2.70062 -1.86642 -1.9131 0.803301 1.70548 0.945651 0.807835 0.926565 -1.21599 -1.40804 1.12235 1.15096 1.01504 -1.40174 -1.30939 -0.336844 0.361801 -0.467503 2.88287 0.236354 -2.98333 0.554487 -2.6911 0.0567113 2.17258 -2.25856 0.315532 2.63036 2.27015 -0.382717 
-2.7218 -1.84959 -1.91896 0.796355 1.72392 0.959567 0.82018 0.915214 -1.19584 -1.40372 1.11847 1.13301 1.00176 -1.40779 -1.33757 -0.333776 0.361612 -0.498074 2.89163 0.231137 -2.98717 0.553084 -2.6984 0.0615327 2.11723 -2.23037 0.328659 2.6424 2.26465 -0.366415 
-2.72875 -1.84305 -1.90892 0.799623 1.74487 0.954498 0.813922 0.895915 -1.19158 -1.39503 1.10619 1.13648 1.01401 -1.40694 -1.35879 -0.309602 0.356705 -0.496515 2.91386 0.231631 -2.98873 0.538527 -2.70544 0.0477708 2.09307 -2.24961 0.346335 2.64858 2.27816 -0.360528 
-2.73488 -1.81842 -1.90929 0.802953 1.76077 0.938422 0.803096 0.897062 -1.1912 -1.3788 1.1092 1.13485 1.01588 -1.41507 -1.34511 -0.283179 0.359706 -0.460643 2.93469 0.215265 -2.99594 0.511379 -2.71984 0.0291213 2.09007 -2.28916 0.371377 2.6311 2.30957 -0.348968 
-2.74798 -1.79054 -1.90871 0.818248 1.78115 0.909579 0.791262 0.894317 -1.19025 -1.35867 1.11251 1.13782 1.04101 -1.42999 -1.31048 -0.250638 0.353943 -0.427548 2.95646 0.203163 -2.99596 0.493458 -2.72941 0.00404796 2.07396 -2.33775 0.397208 2.61545 2.3313 -0.335152 
-2.74851 -1.76346 -1.90746 0.839554 1.82418 0.887417 0.771677 0.890654 -1.17477 -1.35406 1.10705 1.14231 1.06274 -1.41962 -1.23798 -0.226013 0.325306 -0.40433 3.00461 0.192264 -2.98414 0.460236 -2.75413 0.00615778 2.06428 -2.3673 0.412409 2.60262 2.34183 -0.308284 
-2.69775 -1.73935 -1.91846 0.842444 1.84371 0.890674 0.737414 0.879259 -1.15334 -1.33127 1.06835 1.14853 1.07848 -1.421 -1.1722 -0.216131 0.326358 -0.376743 3.03276 0.192529 -2.95748 0.431609 -2.7596 -0.000821999 2.05397 -2.40323 0.43816 2.61239 2.35258 -0.307264 
-2.64519 -1.69357 -1.93703 0.856732 1.84093 0.943234 0.706644 0.892163 -1.12466 -1.29976 1.05195 1.18687 1.12008 -1.42159 -1.11117 -0.201408 0.325912 -0.387262 3.02506 0.213286 -2.92458 0.400441 -2.73255 -0.0198679 2.06093 -2.40052 0.480785 2.63631 2.35766 -0.350442 
-2.61007 -1.65512 -1.94021 0.88313 1.84623 0.98126 0.69256 0.888662 -1.10399 -1.28021 1.01934 1.20871 1.18082 -1.41687 -1.05337 -0.173125 0.328113 -0.388559 3.02726 0.222831 -2.87892 0.389204 -2.73593 -0.0498559 2.07021 -2.3448 0.494303 2.66595 2.35838 -0.372623 
-2.58088 -1.61027 -1.94314 0.919851 1.84094 0.998323 0.69424 0.863345 -1.078 -1.2732 0.949162 1.20331 1.23483 -1.40947 -1.02409 -0.132673 0.335488 -0.385656 3.04184 0.225074 -2.8279 0.368795 -2.7544 -0.102509 2.10012 -2.30991 0.488248 2.69636 2.38487 -0.368279 
-2.55404 -1.59693 -1.95112 0.928819 1.83738 1.02034 0.695625 0.836167 -1.06888 -1.24061 0.911131 1.20813 1.29987 -1.3969 -0.992752 -0.108313 0.314926 -0.37047 3.031 0.233572 -2.78135 0.354751 -2.75729 -0.150681 2.10725 -2.26318 0.486939 2.7207 2.38709 -0.355161 
-2.51845 -1.57602 -1.96966 0.945173 1.8248 1.02001 0.697208 0.793284 -1.06379 -1.19034 0.893936 1.19624 1.40957 -1.4028 -0.985282 -0.0724354 0.288846 -0.351192 3.0296 0.26676 -2.75054 0.361618 -2.76135 -0.236845 2.09263 -2.22172 0.481412 2.75441 2.37251 -0.321899 
