Mean 0 Mean 1 Mean 2 Mean 3 Mean 4 Mean 5 Mean 6 Mean 7 Mean 8 Mean 9 Mean 10 Mean 11 Mean 12 Mean 13 Mean 14 Mean 15 Mean 16 Mean 17 Mean 18 Mean 19 Mean 20 Mean 21 Mean 22 Mean 23 Mean 24 Mean 25 Mean 26 Mean 27 Mean 28 Mean 29 
1.05792 0.786007 -1.45163 -1.28773 1.44744 -1.80978 1.09395 -2.29647 0.729307 -1.51288 -1.11164 1.60247 -1.3318 0.976009 -2.67674 -2.91054 1.62724 0.0227683 2.86393 0.369331 -0.380994 -0.409309 2.60668 0.736234 2.52924 0.645471 -2.58486 -0.799836 0.284638 2.82327 
1.05378 0.777822 -1.45441 -1.2883 1.44919 -1.81338 1.09906 -2.28531 0.736715 -1.50513 -1.11513 1.60148 -1.32269 0.977335 -2.67198 -2.91023 1.62519 0.02444 2.86735 0.367227 -0.378667 -0.412595 2.61622 0.743675 2.52753 0.645075 -2.59251 -0.807033 0.293926 2.82855 
1.04971 0.77684 -1.45514 -1.29709 1.45107 -1.80933 1.09855 -2.28107 0.746046 -1.49286 -1.11188 1.60093 -1.31806 0.975121 -2.66085 -2.91805 1.61351 0.024493 2.85849 0.366903 -0.388707 -0.402616 2.61098 0.750848 2.52131 0.646929 -2.59743 -0.809211 0.29945 2.82508 
1.05011 0.776624 -1.4592 -1.30497 1.44974 -1.81221 1.09491 -2.27653 0.753574 -1.48131 -1.10136 1.59187 -1.30866 0.974329 -2.66044 -2.93172 1.5983 0.0292196 2.84542 0.367361 -0.401004 -0.398957 2.60697 0.762181 2.51681 0.647078 -2.59871 -0.806542 0.309351 2.81733 
1.04863 0.773707 -1.45822 -1.30683 1.45167 -1.82472 1.07901 -2.26241 0.758816 -1.47295 -1.08288 1.58374 -1.29677 0.975843 -2.6645 -2.94691 1.57529 0.0384342 2.82724 0.368683 -0.411844 -0.390284 2.60852 0.77974 2.51334 0.643259 -2.60073 -0.806873 0.331879 2.80801 
1.04498 0.784354 -1.4518 -1.33404 1.44904 -1.81179 1.07722 -2.26214 0.752718 -1.46506 -1.06806 1.57071 -1.29658 0.979571 -2.66429 -2.9431 1.56799 0.0416765 2.80342 0.354154 -0.423426 -0.388199 2.60819 0.788952 2.51417 0.643818 -2.60997 -0.796543 0.332832 2.81538 
1.03427 0.79889 -1.44059 -1.36154 1.44986 -1.78543 1.07545 -2.26015 0.745147 -1.46174 -1.05324 1.55671 -1.30023 0.990233 -2.65828 -2.94004 1.54892 0.0455609 2.77982 0.344926 -0.439555 -0.379728 2.6084 0.789332 2.5084 0.635312 -2.61295 -0.787495 0.335782 2.82018 
1.0183 0.809621 -1.43272 -1.38543 1.44676 -1.75679 1.05603 -2.26898 0.740319 -1.45536 -1.04426 1.54394 -1.3002 1.00401 -2.65654 -2.92899 1.53373 0.0550116 2.76738 0.333886 -0.443195 -0.378596 2.60697 0.772478 2.50202 0.61823 -2.62064 -0.781887 0.340006 2.82638 
1.00938 0.827439 -1.42974 -1.38853 1.45331 -1.74433 1.01854 -2.28793 0.740871 -1.45501 -1.03814 1.53568 -1.29725 1.01191 -2.65822 -2.9264 1.52633 0.0653038 2.7697 0.311727 -0.454094 -0.387593 2.59737 0.750409 2.51031 0.60412 -2.6294 -0.789912 0.347825 2.81222 
0.999953 0.841782 -1.42258 -1.39873 1.45149 -1.75456 1.01554 -2.28748 0.73168 -1.4482 -1.03736 1.52811 -1.31082 1.02464 -2.65506 -2.92402 1.52017 0.0754109 2.76181 0.307176 -0.466469 -0.410373 2.58913 0.763464 2.53231 0.600987 -2.63142 -0.790809 0.359962 2.81089 
0.993439 0.851925 -1.41438 -1.40953 1.44536 -1.76066 1.01901 -2.28128 0.71554 -1.43318 -1.03756 1.52603 -1.32302 1.03401 -2.64985 -2.92455 1.51886 0.085108 2.73603 0.288926 -0.479143 -0.427887 2.59116 0.771548 2.54673 0.604798 -2.6298 -0.790443 0.36794 2.80528 
0.990034 0.855997 -1.40506 -1.42407 1.43055 -1.76025 1.02516 -2.27255 0.709806 -1.41227 -1.0401 1.52447 -1.32452 1.03563 -2.6373 -2.92561 1.52129 0.093064 2.70541 0.269472 -0.484399 -0.44983 2.58973 0.782865 2.55763 0.611879 -2.63193 -0.788612 0.377374 2.79143 
0.985152 0.860261 -1.40788 -1.43461 1.40748 -1.76518 1.03137 -2.27602 0.701805 -1.39192 -1.03335 1.52421 -1.31593 1.03132 -2.62588 -2.92653 1.52733 0.0899983 2.68037 0.24811 -0.479872 -0.462133 2.579 0.792526 2.56159 0.607368 -2.63955 -0.780783 0.385868 2.77535 
0.973438 0.854991 -1.40201 -1.45017 1.37967 -1.77064 1.02845 -2.27576 0.6903 -1.37128 -1.03905 1.5282 -1.30564 1.02779 -2.60985 -2.92239 1.53745 0.0914796 2.65707 0.230241 -0.472031 -0.483147 2.56419 0.794699 2.57112 0.61143 -2.6468 -0.769871 0.386785 2.76776 
0.963447 0.851429 -1.39343 -1.46054 1.35346 -1.77913 1.02548 -2.26641 0.67565 -1.35666 -1.05463 1.5387 -1.30218 1.01953 -2.59727 -2.91737 1.54646 0.0961362 2.63215 0.223836 -0.457638 -0.504751 2.55197 0.781109 2.58284 0.606847 -2.66111 -0.766309 0.391753 2.7589 
0.956891 0.848368 -1.38566 -1.46917 1.33781 -1.78617 1.02418 -2.25626 0.666772 -1.35344 -1.07077 1.5536 -1.30974 1.01405 -2.58254 -2.91266 1.5613 0.100486 2.61215 0.217417 -0.448137 -0.523735 2.53295 0.770923 2.59093 0.60317 -2.67749 -0.767569 0.396553 2.7465 
0.938264 0.858155 -1.38827 -1.49056 1.31872 -1.78912 1.01881 -2.24554 0.648145 -1.35163 -1.09245 1.5725 -1.31743 1.02176 -2.578 -2.91873 1.58999 0.0996795 2.60126 0.208984 -0.437659 -0.536917 2.51502 0.762861 2.58729 0.58804 -2.68918 -0.772832 0.406487 2.72607 
0.925553 0.861105 -1.38073 -1.49835 1.30777 -1.79155 1.01503 -2.2443 0.633241 -1.34637 -1.09887 1.58549 -1.32263 1.03373 -2.5815 -2.92769 1.60481 0.0994797 2.59382 0.206336 -0.424687 -0.545491 2.50143 0.751556 2.57816 0.572215 -2.70532 -0.784 0.420705 2.7068 
0.923812 0.860163 -1.37983 -1.49128 1.31095 -1.8016 1.00999 -2.25104 0.629366 -1.34045 -1.09995 1.59604 -1.32601 1.04006 -2.58384 -2.93628 1.60354 0.108837 2.5795 0.197563 -0.411585 -0.549403 2.48633 0.738715 2.57513 0.553222 -2.72611 -0.797461 0.430075 2.68777 
0.932185 0.863712 -1.39146 -1.48017 1.32137 -1.81698 1.01225 -2.24629 0.641061 -1.32503 -1.101 1.60157 -1.32607 1.03973 -2.58882 -2.94095 1.58664 0.112024 2.56249 0.18931 -0.398276 -0.549505 2.46161 0.730013 2.58137 0.541397 -2.74719 -0.815209 0.435082 2.66855 
0.961453 0.853706 -1.39686 -1.45539 1.34042 -1.85238 1.00988 -2.24578 0.668871 -1.31281 -1.11305 1.621 -1.33764 1.04543 -2.59243 -2.9657 1.55137 0.11901 2.56287 0.188475 -0.394202 -0.538591 2.42433 0.715117 2.59531 0.530429 -2.78279 -0.850462 0.440264 2.64459 
0.996216 0.832146 -1.40935 -1.42007 1.36693 -1.89916 0.995162 -2.25413 0.704839 -1.30069 -1.1016 1.62933 -1.3249 1.04271 -2.60863 -2.98693 1.5127 0.124026 2.56763 0.205943 -0.402485 -0.51362 2.40487 0.68518 2.62854 0.541094 -2.80785 -0.874753 0.46255 2.61316 
1.01968 0.816704 -1.41012 -1.392 1.3926 -1.93985 1.00028 -2.25773 0.721909 -1.29954 -1.09382 1.63467 -1.32463 1.03701 -2.62507 -2.99041 1.48694 0.145648 2.56717 0.2207 -0.403644 -0.502278 2.39235 0.644917 2.66065 0.546705 -2.84241 -0.881321 0.481158 2.60159 
1.04617 0.804877 -1.42159 -1.38594 1.41767 -1.97554 1.00932 -2.26362 0.728015 -1.30324 -1.09412 1.65039 -1.34755 1.03327 -2.62803 -3.00194 1.48077 0.154975 2.58077 0.232426 -0.40248 -0.483764 2.37027 0.614961 2.68074 0.541677 -2.88561 -0.889741 0.482718 2.60145 
1.03595 0.778649 -1.42628 -1.41243 1.4103 -1.9462 1.03225 -2.25956 0.687525 -1.31912 -1.12737 1.70042 -1.3742 1.04551 -2.61116 -3.03596 1.47254 0.17097 2.61068 0.219709 -0.38436 -0.475618 2.35563 0.608467 2.6758 0.504109 -2.93925 -0.902984 0.471115 2.62944 
1.01156 0.770804 -1.43809 -1.43874 1.41614 -1.9271 1.03094 -2.23471 0.670079 -1.3341 -1.16178 1.72984 -1.39068 1.04718 -2.61384 -3.07346 1.46478 0.201791 2.61874 0.213937 -0.373634 -0.480767 2.34524 0.61475 2.65806 0.435324 -2.95212 -0.908398 0.468449 2.64891 
1.00912 0.752953 -1.43056 -1.44565 1.44049 -1.95461 1.03353 -2.22956 0.649688 -1.33756 -1.15914 1.72985 -1.4358 1.02768 -2.63172 -3.06805 1.46749 0.229014 2.62228 0.218713 -0.385841 -0.475913 2.33515 0.611389 2.63425 0.413554 -2.93912 -0.900922 0.469453 2.68518 
1.01775 0.723311 -1.40733 -1.44813 1.45026 -1.97972 1.03405 -2.23996 0.634017 -1.34358 -1.14091 1.73808 -1.48065 1.01226 -2.65275 -3.05033 1.46678 0.243058 2.65027 0.21196 -0.404542 -0.471419 2.3279 0.609094 2.61713 0.426694 -2.93576 -0.902274 0.473439 2.72887 
1.01316 0.693961 -1.39855 -1.45075 1.44685 -1.99659 1.02811 -2.262 0.613588 -1.35682 -1.11838 1.74459 -1.49373 1.01667 -2.65753 -3.03433 1.46691 0.232428 2.67396 0.198062 -0.427358 -0.455434 2.34839 0.609393 2.60377 0.448327 -2.93427 -0.897814 0.488541 2.76918 
1.00361 0.680382 -1.39132 -1.4568 1.44589 -2.00102 1.03651 -2.29199 0.604277 -1.3562 -1.09597 1.76129 -1.48282 1.03233 -2.64455 -3.00486 1.47071 0.194493 2.70662 0.190052 -0.445496 -0.450142 2.3546 0.611872 2.59876 0.475051 -2.92004 -0.89016 0.493542 2.79535 
0.989134 0.686946 -1.38258 -1.47092 1.45695 -1.99777 1.03359 -2.31156 0.61457 -1.36021 -1.07771 1.74984 -1.44535 1.04687 -2.63852 -2.98415 1.47174 0.181097 2.73504 0.184248 -0.454015 -0.462699 2.36443 0.624273 2.59083 0.526632 -2.91397 -0.873357 0.490644 2.8077 
0.956894 0.709583 -1.37928 -1.47664 1.45891 -1.99961 1.028 -2.33882 0.605529 -1.35646 -1.05588 1.74732 -1.40866 1.04453 -2.62046 -2.95195 1.47484 0.155493 2.76257 0.173932 -0.470883 -0.460265 2.39022 0.625979 2.5801 0.586138 -2.90546 -0.842761 0.498053 2.80783 
0.944494 0.733715 -1.36798 -1.48981 1.47075 -1.9929 1.02733 -2.36748 0.597861 -1.35688 -1.01406 1.73402 -1.3731 1.05052 -2.613 -2.92335 1.484 0.142881 2.76502 0.155004 -0.474595 -0.465572 2.4215 0.635763 2.57216 0.648147 -2.85104 -0.814078 0.521578 2.80953 
0.952539 0.741297 -1.37061 -1.4861 1.46344 -1.95699 1.02052 -2.38214 0.611188 -1.33139 -0.949938 1.72624 -1.33858 1.04695 -2.60554 -2.88893 1.46009 0.11822 2.77628 0.140312 -0.47972 -0.496137 2.43664 0.64652 2.56132 0.682196 -2.80958 -0.781239 0.526577 2.85372 
0.96458 0.742744 -1.36911 -1.50139 1.45903 -1.92119 1.00888 -2.39129 0.615002 -1.30428 -0.886702 1.72069 -1.32852 1.05815 -2.6048 -2.87048 1.43884 0.110574 2.76736 0.136403 -0.503556 -0.516317 2.44285 0.666614 2.5471 0.694094 -2.76867 -0.757896 0.512744 2.90547 
0.968032 0.722651 -1.36045 -1.53336 1.44304 -1.90293 0.999937 -2.39601 0.597212 -1.27917 -0.811523 1.71241 -1.33954 1.05258 -2.61041 -2.8572 1.43303 0.115972 2.76114 0.14784 -0.538187 -0.530145 2.4514 0.692532 2.52585 0.69279 -2.72522 -0.747057 0.491791 2.96248 
0.976683 0.647658 -1.36158 -1.57609 1.43165 -1.86708 0.991631 -2.38862 0.570056 -1.26633 -0.733412 1.70334 -1.32934 1.02999 -2.58779 -2.84513 1.35227 0.104446 2.74244 0.13654 -0.555312 -0.525511 2.46734 0.694043 2.48276 0.710505 -2.71226 -0.742694 0.446336 3.00876 
0.978479 0.581872 -1.37953 -1.63473 1.43884 -1.83675 0.979271 -2.37477 0.538803 -1.25284 -0.672795 1.6828 -1.32385 0.997864 -2.54596 -2.84698 1.29971 0.0917138 2.6865 0.11724 -0.555364 -0.511023 2.49385 0.69454 2.41203 0.740483 -2.69208 -0.724639 0.404555 3.03376 
1.00452 0.522296 -1.39194 -1.70918 1.4539 -1.81798 0.967998 -2.36604 0.518866 -1.2266 -0.621375 1.66467 -1.32423 0.956231 -2.5153 -2.85615 1.24663 0.0765584 2.61925 0.108211 -0.570451 -0.503015 2.49192 0.687191 2.3353 0.756391 -2.66609 -0.708636 0.384462 3.06424 
1.02595 0.476671 -1.41536 -1.78054 1.45656 -1.82761 0.942001 -2.36919 0.506833 -1.20033 -0.571347 1.64658 -1.34156 0.921245 -2.49983 -2.87922 1.20475 0.0512583 2.55298 0.106731 -0.580092 -0.504705 2.4897 0.691896 2.27475 0.761661 -2.64835 -0.703316 0.364455 3.0986 
