Mean 0 Mean 1 Mean 2 Mean 3 Mean 4 Mean 5 Mean 6 Mean 7 Mean 8 Mean 9 Mean 10 Mean 11 Mean 12 Mean 13 Mean 14 Mean 15 Mean 16 Mean 17 Mean 18 Mean 19 Mean 20 Mean 21 Mean 22 Mean 23 Mean 24 Mean 25 Mean 26 Mean 27 Mean 28 Mean 29 
0.668063 -2.08304 -1.29549 -1.28195 2.11353 1.13726 -2.4013 0.931411 -1.5005 1.16118 2.29265 2.43897 1.02512 -2.37885 0.954846 1.21595 2.34522 2.35496 2.7426 -0.173749 1.06637 2.88647 -2.47277 -0.213759 2.97428 0.358589 -2.2651 -3.06555 -0.422095 0.535476 
0.679331 -1.9843 -1.33573 -1.34318 2.10606 1.10846 -2.38163 0.936278 -1.53593 1.16304 2.30439 2.43985 1.03112 -2.38564 0.989696 1.17728 2.32794 2.38625 2.76501 -0.196334 1.09749 2.87025 -2.49412 -0.159862 2.95138 0.383906 -2.29692 -3.054 -0.42683 0.559515 
0.615873 -2.05607 -1.28636 -1.29547 2.13438 1.09117 -2.40886 0.964118 -1.51467 1.15222 2.30829 2.4269 1.06404 -2.4106 0.914864 1.22868 2.37431 2.32963 2.76922 -0.190424 1.07653 2.906 -2.50432 -0.16712 3.01346 0.290475 -2.30265 -3.03589 -0.415272 0.57661 
0.568922 -2.08835 -1.25789 -1.27054 2.15324 1.06023 -2.42306 0.991024 -1.50698 1.15578 2.31376 2.4102 1.09033 -2.40794 0.878507 1.25171 2.40662 2.28714 2.77239 -0.198151 1.07889 2.92555 -2.53921 -0.152137 3.05248 0.178744 -2.32072 -3.02208 -0.411946 0.605565 
0.535317 -2.10929 -1.23767 -1.26241 2.16916 1.02684 -2.43434 1.00014 -1.5021 1.16289 2.33034 2.38258 1.11566 -2.3858 0.86026 1.26264 2.42356 2.25853 2.76832 -0.203396 1.0696 2.93175 -2.57185 -0.137432 3.07894 0.0737048 -2.34035 -3.0111 -0.403638 0.626639 
0.536473 -2.097 -1.22713 -1.27215 2.20376 1.04365 -2.43443 0.973287 -1.44017 1.13937 2.35624 2.37254 1.08474 -2.37764 0.893275 1.25999 2.38422 2.33016 2.77609 -0.145673 1.01527 2.91039 -2.57396 -0.167091 3.1263 0.137005 -2.35245 -3.03037 -0.405792 0.607605 
0.576287 -2.05485 -1.19702 -1.31243 2.19718 1.05067 -2.42957 0.967625 -1.44074 1.12679 2.35285 2.37208 1.0756 -2.36299 0.904377 1.23747 2.35802 2.35345 2.78615 -0.129739 1.01674 2.89315 -2.58501 -0.169983 3.15801 0.170695 -2.34374 -3.02519 -0.41259 0.627089 
0.585304 -1.9898 -1.20646 -1.34628 2.18073 1.076 -2.43108 0.960228 -1.43607 1.12098 2.35532 2.35195 1.05391 -2.35743 0.915801 1.22973 2.33539 2.36408 2.80013 -0.153528 1.03915 2.91561 -2.57872 -0.174003 3.17292 0.193293 -2.34436 -3.03826 -0.425343 0.623272 
0.675393 -1.97565 -1.16973 -1.39525 2.17302 1.10707 -2.45391 0.967858 -1.52732 1.11877 2.38545 2.4416 1.03732 -2.2973 0.892727 1.12369 2.24061 2.31948 2.77122 -0.212811 1.0276 3.02742 -2.58172 -0.226766 3.22608 0.191001 -2.29021 -3.00063 -0.428838 0.634437 
0.741523 -1.9755 -1.13489 -1.43862 2.13204 1.13038 -2.44859 0.981289 -1.59892 1.1432 2.41669 2.51327 1.03388 -2.23205 0.862863 1.06606 2.15025 2.28445 2.76943 -0.245288 1.0385 3.08532 -2.58947 -0.232365 3.23678 0.173814 -2.25542 -2.99158 -0.423433 0.667851 
0.786912 -1.98805 -1.09988 -1.47284 2.07414 1.15427 -2.43469 0.993145 -1.65568 1.17816 2.44665 2.56569 1.02927 -2.16074 0.831648 1.03968 2.07532 2.26016 2.78735 -0.25206 1.06543 3.11045 -2.60948 -0.210888 3.21794 0.151273 -2.23914 -2.99909 -0.41439 0.708154 
0.809909 -1.99451 -1.07485 -1.47232 2.05591 1.16514 -2.39939 0.977957 -1.70085 1.21238 2.47003 2.61037 1.02011 -2.13671 0.820804 0.988578 1.99249 2.23096 2.77119 -0.254615 1.05085 3.16864 -2.62286 -0.231541 3.24761 0.160434 -2.20767 -2.99873 -0.434824 0.711521 
0.792528 -2.00404 -1.04685 -1.47963 1.98364 1.18903 -2.41827 0.975551 -1.72658 1.22583 2.48039 2.59659 0.993157 -2.08864 0.80336 1.01452 2.02889 2.23236 2.85216 -0.221118 1.13315 3.14871 -2.63225 -0.2094 3.19626 0.11498 -2.24653 -3.04066 -0.442266 0.725588 
0.742317 -1.98613 -1.02739 -1.45086 1.94481 1.19867 -2.45155 0.964132 -1.74264 1.2194 2.47725 2.5732 0.943951 -2.08477 0.807932 1.03129 2.10793 2.2457 2.93405 -0.186608 1.19236 3.1349 -2.62509 -0.221207 3.16881 0.064316 -2.30504 -3.07494 -0.463592 0.697082 
0.78129 -2.04849 -0.987198 -1.4894 1.85503 1.24694 -2.46782 0.97092 -1.7659 1.22611 2.48908 2.55447 0.958934 -1.97229 0.764394 1.08189 2.09324 2.25486 2.97028 -0.124165 1.30367 3.0862 -2.66862 -0.16337 3.0716 0.0385689 -2.30033 -3.13861 -0.459282 0.737331 
0.735577 -1.97001 -1.03619 -1.36122 1.78098 1.18201 -2.41384 0.983338 -1.65954 1.30503 2.34699 2.50445 1.01324 -2.05334 0.756064 1.1784 2.05759 2.30255 2.88523 -0.123834 1.3504 2.93123 -2.6121 -0.122177 3.15512 0.152134 -2.31346 -3.05399 -0.416854 0.778742 
0.710156 -1.95182 -1.0785 -1.34955 1.7439 1.14481 -2.40357 1.03972 -1.63593 1.34382 2.31228 2.47835 1.03162 -2.12345 0.761212 1.20345 2.05052 2.30487 2.82465 -0.0932057 1.37522 2.85954 -2.57875 -0.10725 3.15253 0.19634 -2.32066 -3.04392 -0.372124 0.785357 
0.747395 -1.93499 -1.11816 -1.34268 1.71074 1.11376 -2.38153 0.987418 -1.61964 1.41926 2.25541 2.46027 1.06762 -2.13334 0.769399 1.21812 2.10349 2.35663 2.79423 -0.126415 1.36403 2.80924 -2.56351 -0.129945 3.20332 0.224011 -2.35529 -3.02869 -0.354503 0.772227 
0.749189 -1.96925 -1.06686 -1.34993 1.73748 1.11193 -2.41233 1.03621 -1.63839 1.36563 2.26004 2.45494 0.987921 -2.17575 0.724075 1.24131 2.1614 2.31953 2.7189 -0.194506 1.35345 2.79668 -2.57246 -0.165379 3.18006 0.201975 -2.367 -3.07506 -0.299426 0.806282 
0.695507 -1.94531 -1.05322 -1.34426 1.73612 1.10414 -2.44901 1.03512 -1.66064 1.34549 2.26153 2.4675 0.934112 -2.19342 0.726582 1.22577 2.2289 2.30687 2.73784 -0.21679 1.34121 2.79509 -2.55581 -0.202949 3.15153 0.17195 -2.364 -3.09223 -0.284481 0.791678 
0.873789 -1.94126 -1.14204 -1.4881 1.7364 1.10716 -2.49978 0.89262 -1.65398 1.49904 2.19815 2.46937 1.00194 -2.11499 0.767542 1.15063 2.37745 2.43536 2.7673 -0.300866 1.25768 2.76978 -2.52872 -0.233274 3.22617 0.118301 -2.43495 -3.08544 -0.268091 0.725686 
0.92424 -1.90877 -1.1971 -1.57811 1.7483 1.10368 -2.54909 0.790456 -1.59906 1.54288 2.18395 2.4702 1.07643 -2.07479 0.785942 1.09429 2.42317 2.4945 2.75988 -0.337546 1.22029 2.77728 -2.53018 -0.26259 3.24746 0.136291 -2.44094 -3.0661 -0.246107 0.671093 
0.932439 -1.89295 -1.23784 -1.55768 1.72691 1.08691 -2.57026 0.757145 -1.56945 1.57214 2.17756 2.43344 1.1123 -2.08379 0.791053 1.0839 2.40945 2.52309 2.74624 -0.351565 1.21016 2.73616 -2.55015 -0.28467 3.29033 0.168715 -2.43374 -3.03767 -0.210301 0.655822 
0.881022 -1.85597 -1.26497 -1.42556 1.68361 1.07116 -2.53953 0.775048 -1.56004 1.59021 2.11732 2.37713 1.12299 -2.13648 0.790416 1.18461 2.32751 2.51812 2.70315 -0.338545 1.26959 2.62598 -2.60124 -0.296567 3.37379 0.226509 -2.43369 -2.98392 -0.193951 0.698867 
0.873843 -1.81473 -1.25956 -1.41302 1.7125 1.05533 -2.57378 0.715471 -1.50821 1.55503 2.13163 2.39229 1.20268 -2.11581 0.794823 1.19529 2.31191 2.53528 2.68459 -0.298167 1.29166 2.66363 -2.61475 -0.337349 3.33991 0.277295 -2.39261 -2.98266 -0.211737 0.650246 
0.893833 -1.78077 -1.25926 -1.44649 1.72324 1.065 -2.59727 0.700072 -1.48424 1.53246 2.10794 2.40634 1.23966 -2.09059 0.800284 1.24843 2.29666 2.54534 2.67993 -0.234516 1.31329 2.66768 -2.65532 -0.366137 3.33342 0.28979 -2.36896 -3.00876 -0.245575 0.629637 
0.943031 -1.70276 -1.2529 -1.47708 1.75822 1.08055 -2.63872 0.663643 -1.43908 1.51756 2.12894 2.43512 1.31092 -2.0732 0.809867 1.22864 2.28836 2.54072 2.66234 -0.17819 1.32762 2.64262 -2.66011 -0.400297 3.31521 0.340562 -2.38375 -3.00123 -0.270388 0.523473 
0.880503 -1.7173 -1.10535 -1.64138 1.85075 1.02496 -2.43776 0.656807 -1.48351 1.59392 2.14382 2.4598 1.39097 -1.99795 0.84168 1.27195 2.37686 2.49781 2.62871 -0.116305 1.33004 2.57653 -2.83894 -0.262036 3.36355 0.401488 -2.35405 -2.86839 -0.157353 0.563342 
0.832444 -1.73541 -0.967161 -1.80127 1.93447 0.969472 -2.23768 0.651481 -1.51519 1.65921 2.15692 2.47551 1.45782 -1.91292 0.866036 1.32052 2.46112 2.45626 2.60084 -0.0598608 1.33503 2.50684 -3.01839 -0.135528 3.41088 0.452173 -2.3231 -2.74976 -0.0505643 0.603698 
0.902281 -1.70904 -0.917208 -1.79409 2.02921 0.9531 -2.17915 0.68563 -1.39971 1.62433 2.16481 2.46554 1.43065 -1.80068 0.853748 1.36639 2.50288 2.42956 2.65234 -0.0391613 1.38216 2.48892 -3.14656 -0.133636 3.40363 0.533082 -2.2664 -2.7137 -0.0917598 0.665761 
0.951331 -1.71308 -0.819508 -1.87865 2.1116 0.919352 -2.04599 0.695837 -1.35448 1.64189 2.18772 2.47193 1.44497 -1.68569 0.85803 1.41696 2.56328 2.41289 2.68269 0.0065373 1.41626 2.45011 -3.2767 -0.0746455 3.4376 0.602212 -2.21482 -2.64139 -0.0490218 0.711517 
0.856159 -1.70705 -0.812455 -1.824 2.09154 0.886238 -2.05614 0.666792 -1.36238 1.67164 2.19174 2.43191 1.47837 -1.71992 0.774539 1.44373 2.52097 2.40434 2.58403 -0.0624484 1.36377 2.3479 -3.35507 -0.0578973 3.31024 0.528663 -2.18121 -2.62766 -0.102254 0.732853 
0.754877 -1.69015 -0.646998 -1.74614 2.04667 0.812801 -2.1039 0.719213 -1.41681 1.78257 2.22263 2.39617 1.63599 -1.88262 0.678454 1.47573 2.36876 2.45315 2.47043 -0.15847 1.24662 2.30383 -3.3013 -0.109767 3.18314 0.40069 -2.1257 -2.49291 -0.143745 0.748993 
0.565345 -1.61152 -0.348898 -1.71469 2.08256 0.757997 -2.14576 1.00371 -1.4689 1.9387 2.25771 2.35936 1.82342 -2.08743 0.645991 1.4822 2.14225 2.57404 2.32845 -0.220329 0.91655 2.31641 -3.30022 -0.219553 3.2506 0.336708 -2.1799 -2.22072 -0.14825 0.878928 
0.432404 -1.54431 -0.0355403 -1.69405 2.11743 0.738769 -2.16839 1.32224 -1.51027 2.08656 2.27504 2.3467 1.97073 -2.22138 0.61174 1.478 1.96922 2.66133 2.22456 -0.276057 0.569344 2.33521 -3.27312 -0.303444 3.2939 0.296467 -2.2318 -2.02607 -0.117806 1.01052 
0.358591 -1.52535 0.246375 -1.65553 2.15025 0.743779 -2.19749 1.61832 -1.51288 2.15002 2.30408 2.30976 2.07963 -2.29525 0.609201 1.45293 1.83506 2.74237 2.20242 -0.287365 0.268157 2.36419 -3.24092 -0.359909 3.31868 0.305448 -2.26689 -1.83098 -0.132711 1.09751 
0.179116 -1.45679 0.683258 -1.50524 2.16952 0.849628 -2.25407 1.61625 -1.63904 2.05738 2.30415 2.27905 2.33135 -2.3137 0.650638 1.41025 1.44161 2.80712 2.27647 -0.205093 0.18631 2.56614 -3.12894 -0.407922 3.17735 0.275478 -2.48523 -1.80246 -0.286265 1.41756 
0.036027 -1.42126 0.962457 -1.48248 2.19906 0.854911 -2.25083 1.74987 -1.67895 2.09497 2.36408 2.26255 2.48245 -2.40984 0.644007 1.36691 1.18067 2.88037 2.20881 -0.229222 0.0123595 2.61322 -3.09936 -0.52297 3.22004 0.271389 -2.51484 -1.69675 -0.296986 1.59041 
-0.0754567 -1.42524 1.38604 -1.3216 2.22938 0.861831 -2.17558 2.08563 -1.72459 2.2326 2.5102 2.20491 2.8236 -2.38482 0.638918 1.345 1.0732 2.92673 2.08123 -0.226834 -0.0604976 2.57978 -2.99464 -0.498244 3.27353 0.297 -2.43039 -1.61211 -0.239935 1.79003 
-0.139675 -1.40543 1.86022 -1.13995 2.24656 0.878476 -2.07799 2.48329 -1.74074 2.36815 2.64158 2.15591 3.18388 -2.34143 0.669618 1.34168 1.07211 2.96233 1.94694 -0.226223 -0.147047 2.50804 -2.89169 -0.439135 3.32392 0.302387 -2.35803 -1.56889 -0.180342 2.00769 
