Mean 0 Mean 1 Mean 2 Mean 3 Mean 4 Mean 5 Mean 6 Mean 7 Mean 8 Mean 9 Mean 10 Mean 11 Mean 12 Mean 13 Mean 14 Mean 15 Mean 16 Mean 17 Mean 18 Mean 19 Mean 20 Mean 21 Mean 22 Mean 23 Mean 24 Mean 25 Mean 26 Mean 27 Mean 28 Mean 29 
0.877583 0.957005 -2.93029 -1.30369 2.56351 -2.57923 0.943893 -2.4408 -2.17022 -0.964947 -1.07062 2.73602 -1.04681 0.994709 -1.23518 -2.14078 0.353155 2.71845 2.74674 0.139024 0.686232 0.779334 2.5046 -0.0501382 2.15877 -2.86103 -2.6521 -0.385944 0.677474 2.14802 
0.872952 0.952982 -2.92895 -1.3021 2.56603 -2.58997 0.939717 -2.44578 -2.19034 -0.977891 -1.08101 2.72978 -1.05977 0.982964 -1.22655 -2.11975 0.347708 2.71671 2.75269 0.112579 0.698586 0.778608 2.51851 -0.0416576 2.17289 -2.85556 -2.64803 -0.373492 0.682216 2.15696 
0.883868 0.955822 -2.91734 -1.29275 2.55586 -2.59239 0.941675 -2.4479 -2.18006 -0.96377 -1.06825 2.70919 -1.05574 1.00367 -1.23336 -2.10084 0.315227 2.72446 2.75948 0.103699 0.697277 0.766078 2.51501 -0.0368048 2.17322 -2.84874 -2.64911 -0.366271 0.662715 2.15184 
0.879535 0.961788 -2.90783 -1.2974 2.56987 -2.61895 0.942456 -2.43551 -2.17792 -0.986856 -1.06969 2.70353 -1.05219 1.00364 -1.22402 -2.10715 0.318423 2.73556 2.73386 0.139089 0.67695 0.743578 2.49623 -0.0147273 2.18404 -2.85602 -2.65478 -0.381129 0.667242 2.16148 
0.880955 0.969461 -2.89065 -1.3044 2.56594 -2.60211 0.935019 -2.43702 -2.18317 -0.985477 -1.06319 2.68929 -1.04888 1.00931 -1.21605 -2.09155 0.314904 2.73115 2.73651 0.12684 0.676761 0.742376 2.49783 -0.027598 2.18612 -2.85426 -2.66211 -0.379798 0.672553 2.159 
0.874646 0.972212 -2.8853 -1.30965 2.56295 -2.60212 0.929594 -2.43914 -2.19172 -0.987346 -1.05872 2.67617 -1.05073 1.00785 -1.21433 -2.0827 0.312958 2.72936 2.73632 0.123346 0.672191 0.740863 2.50111 -0.0305521 2.19026 -2.86105 -2.66918 -0.374852 0.675343 2.15421 
0.876699 0.976506 -2.87556 -1.32184 2.5464 -2.6029 0.925951 -2.42138 -2.18986 -0.986843 -1.05668 2.66546 -1.04801 1.01261 -1.20966 -2.06953 0.30283 2.73654 2.71341 0.13246 0.674874 0.732818 2.49158 -0.0339431 2.2011 -2.86886 -2.67456 -0.379142 0.690631 2.15232 
0.875181 0.977557 -2.86082 -1.32835 2.53637 -2.6053 0.923787 -2.42221 -2.20131 -0.978779 -1.04913 2.65295 -1.04675 1.01789 -1.21407 -2.05753 0.299557 2.733 2.7036 0.110482 0.675092 0.742043 2.49647 -0.0314999 2.21637 -2.88148 -2.68878 -0.367826 0.6948 2.15433 
0.873 0.978429 -2.8554 -1.34171 2.51925 -2.62011 0.911783 -2.41777 -2.21074 -0.973141 -1.03973 2.64564 -1.04893 1.02281 -1.22355 -2.0595 0.298666 2.73404 2.69296 0.100194 0.67344 0.74366 2.49606 -0.0271369 2.23184 -2.88758 -2.69904 -0.363992 0.712 2.15715 
0.864208 0.978162 -2.85374 -1.36444 2.49829 -2.62584 0.90459 -2.40603 -2.22378 -0.956981 -1.03046 2.64335 -1.05117 1.03245 -1.2264 -2.06171 0.294037 2.72879 2.67872 0.0952187 0.671173 0.745811 2.49824 -0.019934 2.24222 -2.89306 -2.70783 -0.352139 0.73155 2.16103 
0.864174 0.98098 -2.85535 -1.38197 2.48596 -2.63372 0.90106 -2.40376 -2.22756 -0.944177 -1.01507 2.63629 -1.04948 1.04068 -1.23754 -2.06472 0.29776 2.72292 2.66429 0.0867914 0.662615 0.744478 2.49409 -0.0220188 2.2559 -2.88463 -2.71543 -0.349361 0.747927 2.1452 
0.8577 0.987698 -2.8542 -1.39795 2.46879 -2.64295 0.903649 -2.40289 -2.22808 -0.919797 -1.01556 2.63737 -1.04641 1.04142 -1.23695 -2.06846 0.31454 2.71977 2.63838 0.0777219 0.670224 0.738205 2.48856 -0.0208301 2.25912 -2.89037 -2.72012 -0.347534 0.761228 2.13071 
0.868147 0.991566 -2.84015 -1.41149 2.46439 -2.65271 0.901697 -2.39436 -2.22524 -0.906415 -1.00754 2.63497 -1.05034 1.04032 -1.24057 -2.06829 0.32579 2.70157 2.6242 0.0717703 0.677036 0.735026 2.47408 -0.0135403 2.26075 -2.88868 -2.73795 -0.352238 0.768322 2.13397 
0.902846 1.00046 -2.83657 -1.40928 2.47155 -2.65347 0.900686 -2.37504 -2.19534 -0.893592 -1.00319 2.63005 -1.04989 1.04061 -1.21988 -2.06488 0.341407 2.69247 2.63949 0.073312 0.695228 0.715881 2.43001 0.00454619 2.27151 -2.89078 -2.76412 -0.350032 0.764633 2.14637 
0.893018 0.99933 -2.82765 -1.39713 2.46268 -2.66998 0.891888 -2.3633 -2.1976 -0.896565 -1.00005 2.62574 -1.0617 1.02968 -1.23171 -2.05749 0.357829 2.68932 2.64552 0.0814804 0.713477 0.709086 2.42644 -0.000333577 2.26451 -2.90664 -2.77129 -0.345795 0.788489 2.14562 
0.886015 0.990413 -2.81989 -1.38504 2.45979 -2.68675 0.893001 -2.35667 -2.19633 -0.901383 -1.00072 2.62231 -1.0699 1.02545 -1.25081 -2.03812 0.366678 2.69349 2.64763 0.0759594 0.724977 0.707678 2.42691 -0.00332933 2.25481 -2.91101 -2.77489 -0.343862 0.812518 2.14064 
0.869259 0.992751 -2.82461 -1.38522 2.45433 -2.71514 0.903277 -2.34326 -2.18847 -0.895931 -0.989983 2.62171 -1.07796 1.02608 -1.27999 -2.0374 0.38207 2.69016 2.63978 0.0826078 0.738386 0.7048 2.4305 -0.00229615 2.22149 -2.92345 -2.78302 -0.339668 0.84739 2.14685 
0.83961 0.989099 -2.82766 -1.38356 2.45287 -2.7441 0.912152 -2.33391 -2.18819 -0.888103 -0.970522 2.61381 -1.08469 1.02355 -1.31115 -2.04106 0.391629 2.68782 2.63226 0.088596 0.748978 0.707107 2.44256 -0.0024962 2.18977 -2.93053 -2.78586 -0.330864 0.880179 2.15319 
0.816258 0.985408 -2.8204 -1.35859 2.45634 -2.79065 0.920455 -2.32126 -2.19227 -0.870269 -0.916135 2.58644 -1.09373 1.00596 -1.32233 -2.05147 0.403767 2.69491 2.62936 0.0972025 0.765763 0.706626 2.46287 -0.0105625 2.16034 -2.96245 -2.78441 -0.314154 0.931353 2.17127 
0.798884 1.00109 -2.81129 -1.35431 2.46887 -2.83067 0.934429 -2.32875 -2.18877 -0.839314 -0.848518 2.54337 -1.08598 0.989019 -1.36359 -2.07552 0.412698 2.69128 2.63307 0.107515 0.789672 0.705225 2.47326 -0.0205499 2.12265 -2.99652 -2.80132 -0.284632 0.974336 2.17054 
0.793314 1.00849 -2.82105 -1.34404 2.48046 -2.87731 0.943374 -2.33129 -2.16358 -0.804689 -0.782384 2.51872 -1.06526 0.962749 -1.39898 -2.0944 0.402472 2.68285 2.61808 0.126032 0.814298 0.708102 2.4765 -0.0420286 2.11473 -3.01091 -2.81268 -0.274145 1.01305 2.15083 
0.806379 0.981937 -2.86408 -1.3134 2.46289 -2.92978 0.910758 -2.33997 -2.13655 -0.774219 -0.74982 2.52736 -1.01872 0.946449 -1.39629 -2.1081 0.350838 2.69588 2.59249 0.139388 0.81102 0.73093 2.47777 -0.066161 2.17351 -2.98878 -2.79276 -0.325932 1.04097 2.11526 
0.826718 0.947119 -2.90945 -1.27405 2.45324 -2.99519 0.867159 -2.34955 -2.09404 -0.743782 -0.700112 2.52777 -0.972099 0.928108 -1.39655 -2.13744 0.28337 2.71073 2.57055 0.168265 0.785455 0.76008 2.47823 -0.0872617 2.2434 -2.95568 -2.77177 -0.376814 1.07856 2.05379 
0.809073 0.952958 -2.90747 -1.26081 2.43397 -2.98568 0.853302 -2.39724 -2.10792 -0.756759 -0.681839 2.5549 -0.94608 0.914099 -1.39085 -2.11795 0.271394 2.73395 2.62146 0.193621 0.820427 0.765724 2.51642 -0.09971 2.24583 -2.95388 -2.77079 -0.40164 1.07771 2.08716 
0.812834 0.942562 -2.90483 -1.22868 2.4115 -2.95722 0.872379 -2.45867 -2.13606 -0.75166 -0.66471 2.56658 -0.936057 0.927529 -1.37213 -2.11224 0.255073 2.75326 2.68004 0.254737 0.862951 0.772727 2.5401 -0.112715 2.23125 -2.95602 -2.77615 -0.415544 1.06275 2.12082 
0.818865 0.932494 -2.90129 -1.19849 2.39221 -2.92902 0.889393 -2.51284 -2.15104 -0.735162 -0.646584 2.57224 -0.929131 0.957197 -1.35841 -2.11216 0.231357 2.77378 2.72959 0.30225 0.901265 0.773163 2.54872 -0.120242 2.2248 -2.95826 -2.7718 -0.416956 1.05534 2.15436 
0.847692 0.931565 -2.89989 -1.17773 2.38665 -2.90809 0.896507 -2.56643 -2.14153 -0.719576 -0.635604 2.58241 -0.918127 1.00089 -1.35238 -2.10339 0.220097 2.79485 2.77845 0.33399 0.935998 0.768494 2.55212 -0.133106 2.22421 -2.95731 -2.75971 -0.40861 1.0422 2.18615 
0.890675 0.929839 -2.90838 -1.16999 2.39447 -2.89003 0.902704 -2.60228 -2.12351 -0.703892 -0.654984 2.58108 -0.922188 1.05781 -1.33709 -2.10593 0.225534 2.80942 2.79033 0.293721 0.953811 0.752843 2.53318 -0.139564 2.2027 -2.96364 -2.73943 -0.389075 1.02506 2.18738 
0.935181 0.940423 -2.90211 -1.15239 2.4281 -2.88121 0.911685 -2.61453 -2.09462 -0.712631 -0.677542 2.59055 -0.939803 1.11087 -1.32652 -2.07101 0.230358 2.80448 2.80253 0.259901 0.979027 0.731468 2.49368 -0.152318 2.18163 -2.95495 -2.70747 -0.375488 1.00345 2.20346 
0.991082 0.966118 -2.88482 -1.15064 2.47022 -2.88318 0.912864 -2.60836 -2.0446 -0.724897 -0.70542 2.60089 -0.959652 1.1666 -1.33244 -2.03589 0.244123 2.80523 2.7952 0.241867 1.01633 0.701324 2.44745 -0.166341 2.15181 -2.94746 -2.65884 -0.362494 0.977648 2.21807 
1.05198 0.97586 -2.86506 -1.14614 2.50481 -2.87958 0.917161 -2.61794 -2.00689 -0.737786 -0.709266 2.61908 -0.968377 1.22767 -1.33465 -2.00965 0.244877 2.79247 2.81033 0.20488 1.05307 0.68625 2.41194 -0.174595 2.12286 -2.93037 -2.61827 -0.349994 0.944879 2.2454 
1.06623 0.975998 -2.86422 -1.15475 2.52455 -2.8469 0.906384 -2.62309 -2.00764 -0.746735 -0.704572 2.62899 -0.971809 1.25771 -1.30488 -2.01355 0.226389 2.7749 2.81045 0.155432 1.04628 0.674529 2.39771 -0.165879 2.11927 -2.89634 -2.61583 -0.336698 0.93959 2.27238 
1.06459 0.981328 -2.8806 -1.17385 2.53831 -2.79495 0.893289 -2.63761 -2.01964 -0.755869 -0.689704 2.63368 -0.976339 1.26445 -1.27047 -2.03104 0.209607 2.74315 2.80629 0.0972705 1.02301 0.664124 2.38506 -0.144771 2.09979 -2.86553 -2.63134 -0.314775 0.939845 2.28529 
1.05361 0.986337 -2.88591 -1.18405 2.5414 -2.74989 0.881341 -2.67044 -2.04991 -0.74963 -0.652745 2.63588 -0.983639 1.25946 -1.24583 -2.06476 0.190082 2.72336 2.79559 0.0428394 0.965976 0.658734 2.37247 -0.11717 2.0721 -2.84936 -2.63813 -0.294702 0.942583 2.28903 
1.06027 0.990869 -2.90502 -1.19058 2.55316 -2.71345 0.857833 -2.69921 -2.09985 -0.72016 -0.603137 2.6527 -0.967594 1.23258 -1.22272 -2.08483 0.135938 2.70119 2.78469 -0.032806 0.915693 0.655301 2.34953 -0.105178 2.05605 -2.85194 -2.63504 -0.278472 0.936107 2.28903 
1.05401 0.98791 -2.93333 -1.21059 2.56889 -2.69141 0.819887 -2.71223 -2.15449 -0.704578 -0.548293 2.67617 -0.961391 1.21259 -1.1959 -2.09795 0.0932911 2.68439 2.73413 -0.083653 0.889986 0.653704 2.34271 -0.103305 2.03648 -2.85237 -2.64122 -0.264517 0.929894 2.30129 
1.05887 1.00013 -2.9547 -1.23195 2.57509 -2.67164 0.807337 -2.71827 -2.22021 -0.687552 -0.478776 2.70142 -0.940188 1.18398 -1.1623 -2.10772 0.0331227 2.662 2.68698 -0.127296 0.877071 0.664798 2.34602 -0.116964 2.03762 -2.84274 -2.66947 -0.261229 0.90607 2.34101 
1.05892 1.03525 -2.97892 -1.25108 2.59472 -2.67729 0.806217 -2.72558 -2.26559 -0.657404 -0.425406 2.71693 -0.926271 1.11648 -1.13801 -2.11914 -0.0309052 2.64966 2.62369 -0.152948 0.845458 0.664867 2.33914 -0.140176 2.03876 -2.82663 -2.69244 -0.241421 0.88495 2.38994 
1.06254 1.06839 -3.00209 -1.26969 2.61481 -2.68637 0.804361 -2.72224 -2.2921 -0.637113 -0.387743 2.72761 -0.89989 1.03815 -1.11511 -2.12763 -0.0734961 2.65933 2.58819 -0.161909 0.821452 0.67075 2.34894 -0.163932 2.04898 -2.81487 -2.70761 -0.229474 0.859737 2.43942 
1.03772 1.11448 -3.01927 -1.28571 2.62249 -2.72072 0.795258 -2.72327 -2.31078 -0.613515 -0.375374 2.7223 -0.895342 0.956026 -1.10211 -2.1344 -0.0802141 2.68589 2.55566 -0.161198 0.769309 0.659783 2.3473 -0.176559 2.0376 -2.80927 -2.70016 -0.210389 0.868365 2.48962 
