Mean 0 Mean 1 Mean 2 Mean 3 Mean 4 Mean 5 Mean 6 Mean 7 Mean 8 Mean 9 Mean 10 Mean 11 Mean 12 Mean 13 Mean 14 Mean 15 Mean 16 Mean 17 Mean 18 Mean 19 Mean 20 Mean 21 Mean 22 Mean 23 Mean 24 Mean 25 Mean 26 Mean 27 Mean 28 Mean 29 
-1.40767 -1.98929 -1.51901 0.938977 2.16712 0.955046 0.893298 0.900259 0.970834 -2.63945 0.930026 2.18117 -1.77122 0.841245 0.924364 0.237727 0.3104 2.67763 1.06696 0.708695 0.634348 0.724861 0.285763 -2.62617 1.63399 -2.35636 -0.186584 -3.10936 0.725693 0.765989 
-1.38333 -2.00857 -1.50386 0.9756 2.13612 0.998683 0.892042 0.905817 0.950512 -2.60189 0.904657 2.17244 -1.82916 0.828797 0.934713 0.24701 0.324929 2.63835 2.18033 0.681637 0.586688 0.725151 0.327644 -2.6461 1.65928 -2.35761 -0.164041 -3.09949 0.719259 0.756663 
-1.37994 -2.01615 -1.48474 0.968146 2.11869 1.00234 0.884592 0.91787 0.927988 -2.59077 0.91947 2.17422 -1.85195 0.832877 0.932832 0.24086 0.322004 2.63785 2.55163 0.672666 0.583337 0.717414 0.339778 -2.64809 1.6702 -2.3594 -0.163737 -3.0948 0.724671 0.745695 
-1.40581 -1.98588 -1.48748 0.978097 2.11061 0.963441 0.87639 0.939338 0.906572 -2.59752 0.942405 2.16867 -1.87153 0.849451 0.916806 0.21881 0.313012 2.65156 2.72555 0.670747 0.593193 0.704244 0.346648 -2.63871 1.68826 -2.35655 -0.178227 -3.09488 0.743042 0.724543 
-1.42111 -1.97521 -1.4742 0.99446 2.08863 0.948499 0.869462 0.957366 0.882783 -2.58023 0.959059 2.16104 -1.90363 0.865387 0.911044 0.208166 0.307218 2.65048 2.83504 0.66024 0.585415 0.697532 0.349301 -2.64162 1.70005 -2.35174 -0.174828 -3.09857 0.754388 0.708587 
-1.44238 -1.95816 -1.46897 0.999768 2.07718 0.932 0.856918 0.972928 0.849839 -2.5721 0.970456 2.16056 -1.9325 0.889406 0.909113 0.205901 0.3011 2.65181 2.89277 0.654055 0.584046 0.693798 0.353112 -2.64027 1.7104 -2.3431 -0.163383 -3.10371 0.773021 0.69364 
-1.43548 -1.96093 -1.46332 0.994243 2.09332 0.944716 0.853259 0.978095 0.836377 -2.56667 0.975241 2.16119 -1.94154 0.892104 0.914313 0.207222 0.299804 2.64964 2.95156 0.651113 0.568196 0.695356 0.3486 -2.63365 1.70618 -2.35048 -0.185453 -3.11293 0.779497 0.676001 
-1.42369 -1.9743 -1.4625 0.985849 2.09969 0.971622 0.85152 0.972176 0.827034 -2.56189 0.987577 2.15905 -1.94399 0.892202 0.920818 0.21466 0.287552 2.63657 2.98936 0.629155 0.56102 0.707324 0.354171 -2.65421 1.70666 -2.36642 -0.186568 -3.1078 0.787125 0.67598 
-1.40809 -1.98894 -1.45624 0.978759 2.10654 0.994905 0.839915 0.967143 0.806319 -2.55266 0.995987 2.14923 -1.9419 0.890972 0.918715 0.227883 0.263275 2.62433 3.01747 0.621089 0.549274 0.717563 0.348211 -2.6655 1.70944 -2.37682 -0.18895 -3.10523 0.794896 0.659246 
-1.39428 -1.99883 -1.44907 0.97597 2.09034 1.01657 0.840447 0.962871 0.806602 -2.5258 0.98989 2.14431 -1.94362 0.890023 0.914424 0.240011 0.247031 2.60556 3.03885 0.604815 0.535974 0.715389 0.356472 -2.67084 1.71322 -2.37671 -0.182408 -3.10602 0.805556 0.652754 
-1.38631 -2.00712 -1.43256 0.970051 2.0765 1.02831 0.833482 0.962353 0.807065 -2.50198 0.983164 2.14764 -1.9381 0.888774 0.909565 0.248717 0.238089 2.59561 3.05922 0.601199 0.527048 0.712791 0.36109 -2.68185 1.71695 -2.3794 -0.190699 -3.10659 0.815068 0.64231 
-1.38113 -2.00997 -1.40751 0.968593 2.07162 1.03797 0.82974 0.958817 0.795998 -2.48019 0.964078 2.15097 -1.9407 0.872159 0.884826 0.261315 0.236172 2.58267 3.06593 0.600745 0.51876 0.72325 0.35785 -2.6917 1.70713 -2.38904 -0.188932 -3.11112 0.830368 0.63735 
-1.39018 -2.01038 -1.38324 0.967344 2.06816 1.04117 0.823035 0.953101 0.796481 -2.4518 0.941965 2.15696 -1.93102 0.857358 0.857694 0.268072 0.234682 2.57162 3.06792 0.602707 0.513001 0.727045 0.357672 -2.70056 1.70491 -2.3898 -0.191174 -3.10747 0.845853 0.627479 
-1.39139 -2.008 -1.36794 0.981511 2.06259 1.03771 0.822021 0.94311 0.796506 -2.41596 0.923228 2.16257 -1.92266 0.833841 0.837154 0.276903 0.223795 2.56783 3.06045 0.603314 0.516135 0.727881 0.354844 -2.70702 1.71039 -2.39134 -0.192871 -3.10568 0.860861 0.61485 
-1.39427 -2.00614 -1.36326 0.995112 2.04763 1.03387 0.822664 0.934604 0.797815 -2.37974 0.905734 2.15977 -1.91899 0.81797 0.822764 0.283643 0.220415 2.57004 3.04595 0.604294 0.527411 0.708939 0.348597 -2.71338 1.71298 -2.39332 -0.183846 -3.10149 0.879465 0.616845 
-1.40402 -2.01829 -1.35213 1.0134 2.04084 1.03787 0.823139 0.92594 0.796089 -2.34694 0.908968 2.16693 -1.91455 0.803182 0.807116 0.291984 0.19105 2.56153 3.04497 0.596159 0.528282 0.705126 0.335406 -2.71793 1.71555 -2.39414 -0.168177 -3.08475 0.882733 0.620995 
-1.42082 -2.03479 -1.34858 1.01591 2.01809 1.0456 0.809907 0.938452 0.808043 -2.32193 0.923906 2.16278 -1.90589 0.78633 0.789932 0.297229 0.190493 2.56125 3.06039 0.597906 0.539938 0.686303 0.340022 -2.71491 1.70696 -2.39428 -0.157141 -3.07222 0.896284 0.624876 
-1.4168 -2.0413 -1.3389 1.01411 2.02262 1.04942 0.802772 0.920772 0.814961 -2.32156 0.941497 2.17056 -1.89861 0.788245 0.768191 0.322774 0.195092 2.57871 3.09613 0.581682 0.554844 0.688758 0.350652 -2.71567 1.7039 -2.40209 -0.159351 -3.06857 0.909166 0.639536 
-1.41193 -2.03922 -1.33338 1.01823 2.03921 1.04592 0.793063 0.901153 0.826704 -2.32062 0.958585 2.1743 -1.8839 0.775481 0.746738 0.34462 0.193395 2.59202 3.13372 0.57682 0.56291 0.711609 0.356389 -2.70697 1.70456 -2.39529 -0.168421 -3.08428 0.914077 0.644117 
-1.39716 -2.03557 -1.34072 1.02411 2.04216 1.03443 0.777794 0.895568 0.849753 -2.31585 0.984325 2.17972 -1.86455 0.774674 0.745824 0.342361 0.180859 2.59501 3.15064 0.585649 0.558244 0.734539 0.354246 -2.7032 1.7218 -2.3794 -0.191132 -3.09861 0.932889 0.633199 
-1.40575 -2.03846 -1.35209 1.01585 2.04181 1.01973 0.76667 0.893396 0.860969 -2.31316 0.993734 2.17515 -1.84799 0.786688 0.757259 0.337008 0.180942 2.59795 3.14924 0.604254 0.551998 0.72582 0.347847 -2.69046 1.73087 -2.36251 -0.205569 -3.0983 0.950351 0.642952 
-1.41103 -2.04089 -1.3663 1.01146 2.06268 0.986938 0.748393 0.882786 0.870567 -2.31731 0.994265 2.16102 -1.84797 0.796612 0.766872 0.330443 0.182273 2.61254 3.13162 0.635125 0.548622 0.717785 0.340864 -2.68905 1.73071 -2.35997 -0.215718 -3.09894 0.960715 0.647223 
-1.41134 -2.04594 -1.38915 0.998702 2.06636 0.962916 0.7347 0.883223 0.887854 -2.31792 1.00528 2.16016 -1.84647 0.808556 0.782627 0.329453 0.175445 2.61872 3.13124 0.660482 0.545712 0.707311 0.338548 -2.67696 1.73083 -2.35284 -0.234624 -3.10968 0.961924 0.655813 
-1.41841 -2.05174 -1.40545 0.980854 2.06006 0.94055 0.730255 0.872041 0.89339 -2.31372 1.02586 2.16251 -1.8418 0.821972 0.795655 0.33671 0.174995 2.62788 3.13951 0.651439 0.546866 0.703745 0.335294 -2.67471 1.73161 -2.33718 -0.258373 -3.12062 0.958408 0.696831 
-1.41335 -2.07026 -1.4151 0.966206 2.04885 0.933111 0.735312 0.856261 0.885589 -2.30832 1.06473 2.15451 -1.83092 0.838159 0.811664 0.338909 0.155093 2.63173 3.11677 0.643708 0.538133 0.708223 0.329476 -2.68259 1.7304 -2.32905 -0.273841 -3.13116 0.963951 0.708646 
-1.41485 -2.08283 -1.4217 0.944335 2.04973 0.922809 0.740083 0.839197 0.862068 -2.29302 1.08103 2.16036 -1.81267 0.85553 0.832659 0.348691 0.147342 2.6347 3.10092 0.643842 0.53798 0.706439 0.310582 -2.69454 1.73871 -2.33124 -0.289216 -3.12131 0.963627 0.712053 
-1.41872 -2.11008 -1.46324 0.894356 2.04432 0.928939 0.702009 0.837514 0.861582 -2.25288 1.10155 2.14992 -1.82654 0.932916 0.814392 0.344564 0.142729 2.68417 3.16558 0.590739 0.503885 0.738856 0.28441 -2.71433 1.75363 -2.22193 -0.285742 -3.17994 0.944846 0.816025 
-1.4176 -2.11007 -1.48198 0.886676 2.04575 0.952451 0.686756 0.832125 0.854059 -2.25114 1.11008 2.13246 -1.82319 0.947955 0.822243 0.334589 0.142131 2.69669 3.16024 0.560998 0.475804 0.756011 0.276196 -2.71163 1.73061 -2.17548 -0.28939 -3.19504 0.93919 0.855641 
-1.42356 -2.11753 -1.50504 0.884631 2.04407 0.974639 0.656609 0.833086 0.84582 -2.25072 1.11717 2.13687 -1.81023 0.940076 0.816177 0.326873 0.137221 2.7054 3.1913 0.539431 0.481063 0.765062 0.290299 -2.70198 1.69534 -2.13814 -0.291422 -3.21107 0.924781 0.877029 
-1.42365 -2.12648 -1.51932 0.870532 2.06814 0.969638 0.663288 0.828404 0.846664 -2.22866 1.10377 2.13289 -1.78386 0.944998 0.809278 0.331361 0.133473 2.71299 3.19037 0.527798 0.497506 0.745442 0.266505 -2.68125 1.66739 -2.09328 -0.282623 -3.19742 0.923667 0.892495 
-1.42472 -2.11682 -1.52609 0.853914 2.11807 0.923771 0.683316 0.821684 0.835388 -2.21058 1.09931 2.12569 -1.74857 0.941573 0.815062 0.33913 0.126149 2.69832 3.17314 0.519721 0.513292 0.735737 0.243875 -2.65428 1.65862 -2.05426 -0.262255 -3.15816 0.923534 0.894314 
-1.4081 -2.11361 -1.52747 0.812663 2.15472 0.877193 0.727617 0.830091 0.859661 -2.16722 1.11756 2.12379 -1.71098 0.954366 0.830842 0.346395 0.12523 2.69194 3.15379 0.543154 0.50902 0.699637 0.202175 -2.62698 1.63239 -2.01013 -0.219232 -3.13291 0.95105 0.910116 
-1.34111 -2.14413 -1.58418 0.814202 2.19577 0.792927 0.682178 0.881964 0.955868 -2.11573 1.17468 2.10688 -1.67505 0.931987 0.847126 0.330927 0.0591581 2.69605 3.1641 0.589824 0.453472 0.675245 0.17914 -2.64191 1.53058 -1.94363 -0.198622 -3.15108 0.944792 0.956853 
-1.30471 -2.1459 -1.60961 0.812564 2.22185 0.790485 0.611358 0.899502 1.00226 -2.08209 1.20003 2.08236 -1.6595 0.921932 0.848518 0.308392 0.0338564 2.73081 3.19899 0.611156 0.428706 0.641227 0.199239 -2.63099 1.51487 -1.90527 -0.187702 -3.15899 0.926977 0.953242 
-1.34307 -2.15695 -1.63162 0.813999 2.24818 0.79594 0.538914 0.932066 1.05635 -2.03796 1.2149 2.04026 -1.64446 0.915991 0.831973 0.273378 -0.005197 2.77718 3.2544 0.626969 0.406524 0.606004 0.22734 -2.60975 1.51788 -1.87276 -0.189788 -3.17948 0.894345 0.951715 
-1.3091 -2.16462 -1.68047 0.7746 2.21825 0.816867 0.493239 0.881026 1.05406 -1.98781 1.20227 2.04693 -1.63068 0.921565 0.817268 0.262901 0.0269076 2.82967 3.28205 0.610436 0.393448 0.601279 0.231163 -2.63232 1.51902 -1.88108 -0.211785 -3.176 0.887461 0.928497 
-1.26182 -2.18202 -1.68717 0.734635 2.18564 0.85345 0.470511 0.831161 1.01375 -1.96358 1.15428 2.08161 -1.61137 0.916817 0.838755 0.282131 0.0222739 2.85865 3.25001 0.625886 0.421612 0.58256 0.228664 -2.69501 1.54241 -1.85904 -0.243164 -3.17291 0.863582 0.911558 
-1.20611 -2.18992 -1.70588 0.702705 2.15626 0.896549 0.431929 0.785323 0.968856 -1.93285 1.07276 2.12011 -1.58137 0.911023 0.87781 0.287224 0.0163437 2.8919 3.21275 0.640928 0.441533 0.560698 0.23831 -2.75973 1.57681 -1.84544 -0.256851 -3.16444 0.848799 0.890173 
-1.18339 -2.19134 -1.68279 0.687422 2.13342 0.911904 0.431089 0.753932 0.914844 -1.91964 0.978954 2.15772 -1.55453 0.905265 0.946907 0.314386 -0.019456 2.89518 3.16062 0.669088 0.46216 0.543398 0.247783 -2.83467 1.6075 -1.82844 -0.276048 -3.14797 0.832519 0.907238 
-1.21123 -2.18227 -1.65339 0.687087 2.11576 0.922959 0.436069 0.721501 0.865961 -1.90422 0.879253 2.1854 -1.53468 0.896166 0.996624 0.338093 -0.0502545 2.91532 3.11964 0.673232 0.460401 0.530249 0.272966 -2.87791 1.63136 -1.82706 -0.278441 -3.12962 0.835608 0.940751 
