Mean 0 Mean 1 Mean 2 Mean 3 Mean 4 Mean 5 Mean 6 Mean 7 Mean 8 Mean 9 Mean 10 Mean 11 Mean 12 Mean 13 Mean 14 Mean 15 Mean 16 Mean 17 Mean 18 Mean 19 Mean 20 Mean 21 Mean 22 Mean 23 Mean 24 Mean 25 Mean 26 Mean 27 Mean 28 Mean 29 
-1.9536 1.05389 -1.43419 -2.77803 2.45204 -1.44417 1.07532 -1.47558 -1.37209 -1.24686 2.01631 2.84791 -1.20428 0.853185 -2.3565 1.45637 3.01998 -0.369903 2.9368 -2.68936 -0.188558 2.88865 2.58594 0.426963 2.30865 1.08534 -2.51857 2.82329 -2.39744 2.80445 
-1.95586 1.0412 -1.42626 -2.78841 2.46795 -1.43174 1.06958 -1.47232 -1.37933 -1.25046 2.01494 2.83539 -1.20153 0.858966 -2.34636 1.473 3.00593 -0.367821 2.92974 -2.696 -0.183697 2.87895 2.58457 0.431051 2.3031 1.07928 -2.50548 2.81636 -2.39487 2.80195 
-1.95864 1.04202 -1.41735 -2.78912 2.47163 -1.43883 1.06682 -1.47517 -1.37712 -1.24834 2.01891 2.8265 -1.20299 0.85531 -2.34239 1.46715 2.99665 -0.373478 2.93148 -2.69171 -0.193453 2.87943 2.57901 0.435617 2.29555 1.0745 -2.51615 2.8117 -2.38505 2.79778 
-1.94899 1.0361 -1.42477 -2.77637 2.4724 -1.44209 1.06075 -1.49062 -1.37232 -1.25521 2.0278 2.80755 -1.18938 0.853087 -2.34964 1.46877 2.9986 -0.369643 2.93358 -2.67313 -0.205962 2.89003 2.57841 0.454713 2.28481 1.05861 -2.5454 2.80395 -2.37282 2.79275 
-1.9408 1.04039 -1.41563 -2.78797 2.47179 -1.44538 1.05445 -1.50178 -1.37678 -1.26285 2.03057 2.79514 -1.19572 0.861621 -2.36137 1.46827 3.00343 -0.373236 2.92419 -2.67286 -0.224652 2.90279 2.57965 0.478999 2.28295 1.05893 -2.5667 2.80471 -2.36477 2.79481 
-1.93593 1.03831 -1.40791 -2.7949 2.46303 -1.42007 1.05543 -1.54412 -1.36576 -1.27184 2.06495 2.77456 -1.20032 0.880949 -2.36889 1.48174 3.00728 -0.360989 2.89883 -2.64234 -0.234855 2.89919 2.57499 0.501801 2.26508 1.06526 -2.57937 2.79014 -2.34229 2.80832 
-1.94025 1.03662 -1.39739 -2.79592 2.46935 -1.41851 1.05132 -1.52195 -1.38999 -1.26075 2.06712 2.76564 -1.20996 0.886101 -2.37586 1.4892 3.00471 -0.350552 2.88736 -2.65427 -0.220076 2.88633 2.56974 0.506793 2.26788 1.04408 -2.56179 2.78567 -2.33045 2.81631 
-1.93526 1.03822 -1.41705 -2.79453 2.46104 -1.41905 1.0472 -1.53487 -1.39596 -1.23266 2.07879 2.74758 -1.2116 0.893251 -2.36302 1.49059 2.98891 -0.35356 2.89077 -2.66674 -0.193283 2.86615 2.55944 0.522248 2.26502 1.02674 -2.54367 2.77333 -2.31311 2.82576 
-1.94375 1.04298 -1.41728 -2.79145 2.45225 -1.4207 1.03675 -1.52971 -1.41974 -1.21415 2.08173 2.73095 -1.21986 0.893253 -2.36755 1.50384 2.99587 -0.348915 2.88541 -2.68077 -0.175353 2.86028 2.5509 0.530361 2.27144 0.995838 -2.52697 2.77159 -2.30477 2.83025 
-1.95518 1.0542 -1.41637 -2.78554 2.44194 -1.4219 1.0268 -1.52781 -1.44434 -1.20298 2.0756 2.71992 -1.22165 0.891984 -2.38308 1.5125 3.02058 -0.344256 2.87449 -2.70188 -0.164695 2.85416 2.54531 0.535815 2.27389 0.962146 -2.52305 2.76788 -2.30108 2.83223 
-1.97796 1.05216 -1.40938 -2.78927 2.42507 -1.41912 1.0081 -1.52918 -1.47022 -1.18582 2.06188 2.71779 -1.22512 0.89198 -2.3986 1.53149 3.02707 -0.344698 2.87546 -2.69936 -0.147355 2.84764 2.54563 0.537928 2.26236 0.940316 -2.51401 2.76313 -2.2922 2.82218 
-1.97191 1.0529 -1.41825 -2.78272 2.3986 -1.42311 1.00917 -1.54703 -1.49294 -1.17476 2.06356 2.69622 -1.23075 0.889946 -2.41036 1.53882 3.03858 -0.329582 2.88269 -2.70472 -0.133155 2.83142 2.53307 0.538494 2.26528 0.92545 -2.49962 2.76369 -2.27904 2.83226 
-1.97552 1.04504 -1.42381 -2.79886 2.36258 -1.42 0.99895 -1.54349 -1.51522 -1.15638 2.05453 2.68306 -1.22839 0.887041 -2.41002 1.55285 3.04169 -0.322931 2.87473 -2.69778 -0.132173 2.80335 2.52227 0.536175 2.26423 0.919559 -2.4771 2.77521 -2.26423 2.84095 
-1.97841 1.04051 -1.44123 -2.8178 2.32612 -1.41876 0.996861 -1.55508 -1.51771 -1.13155 2.05147 2.65787 -1.22585 0.886588 -2.39987 1.55169 3.02157 -0.3134 2.86689 -2.67414 -0.127882 2.77732 2.50721 0.53996 2.26759 0.929028 -2.45482 2.7739 -2.24777 2.84681 
-1.98745 1.03276 -1.44548 -2.83476 2.29772 -1.4187 1.00845 -1.55471 -1.51004 -1.11492 2.05481 2.64532 -1.22407 0.887532 -2.39504 1.55573 2.99931 -0.319774 2.83009 -2.65429 -0.125982 2.77961 2.49904 0.544298 2.24076 0.926079 -2.4524 2.75985 -2.24803 2.83198 
-2.00077 1.02491 -1.4529 -2.84113 2.26097 -1.42171 0.999383 -1.55228 -1.49979 -1.10892 2.04627 2.64572 -1.21319 0.882544 -2.396 1.56329 2.99591 -0.323677 2.80785 -2.66663 -0.126717 2.7849 2.48815 0.557193 2.21729 0.920778 -2.46653 2.75752 -2.24618 2.80987 
-2.00515 1.01451 -1.46579 -2.84742 2.23447 -1.43472 0.984362 -1.56177 -1.50327 -1.1133 2.02778 2.64527 -1.21685 0.893443 -2.39528 1.58173 2.98446 -0.33182 2.79489 -2.68185 -0.120764 2.79886 2.48158 0.560714 2.1857 0.912502 -2.47643 2.74618 -2.24014 2.79983 
-2.00857 1.00765 -1.46951 -2.84578 2.21137 -1.42808 0.969274 -1.56653 -1.49124 -1.11718 2.0289 2.63862 -1.21758 0.908673 -2.39218 1.59037 2.97043 -0.336384 2.78321 -2.68176 -0.117757 2.79797 2.4712 0.56904 2.15781 0.883152 -2.48079 2.73677 -2.23542 2.78558 
-2.01338 1.01402 -1.47248 -2.8382 2.1976 -1.42276 0.958983 -1.56928 -1.48173 -1.11287 2.03 2.64659 -1.20833 0.926054 -2.38844 1.58315 2.97089 -0.325651 2.77211 -2.6956 -0.114178 2.79612 2.46773 0.584113 2.13981 0.836447 -2.50398 2.73317 -2.22317 2.77689 
-2.01944 1.01444 -1.46584 -2.82686 2.18292 -1.41983 0.944896 -1.56538 -1.46748 -1.10406 2.01364 2.68461 -1.19667 0.94634 -2.40016 1.56546 2.96402 -0.293179 2.7746 -2.70994 -0.0901438 2.77396 2.47384 0.575659 2.10775 0.779334 -2.52559 2.73403 -2.20281 2.76737 
-2.04771 1.00355 -1.44231 -2.79303 2.13208 -1.41761 0.900585 -1.55144 -1.42782 -1.09034 1.99933 2.73506 -1.16436 0.955323 -2.42897 1.54615 2.92764 -0.250008 2.78697 -2.71538 -0.0546578 2.73066 2.49169 0.583979 2.05684 0.732306 -2.53519 2.74747 -2.18542 2.75379 
-2.06572 1.0054 -1.41749 -2.76392 2.12192 -1.42908 0.882489 -1.55906 -1.42516 -1.0773 1.97903 2.79709 -1.13651 0.977119 -2.45953 1.53886 2.89324 -0.199634 2.78568 -2.7357 -0.00399941 2.69676 2.51141 0.576957 2.00547 0.670141 -2.547 2.74659 -2.15911 2.75318 
-2.07632 1.00187 -1.37076 -2.72444 2.10578 -1.45151 0.882759 -1.55493 -1.41995 -1.05062 1.98194 2.8613 -1.10647 0.964328 -2.51109 1.55973 2.84568 -0.1532 2.75852 -2.76221 0.0534804 2.63141 2.55533 0.573542 1.93131 0.610097 -2.54894 2.75558 -2.12292 2.76616 
-2.06089 0.990628 -1.37007 -2.73958 2.06707 -1.45779 0.884363 -1.54085 -1.41987 -1.03474 1.97423 2.87086 -1.08813 0.931529 -2.48778 1.58466 2.86661 -0.149017 2.74825 -2.77772 0.0640101 2.60337 2.54968 0.577623 1.93591 0.625375 -2.57876 2.74992 -2.1266 2.77001 
-2.02457 0.987853 -1.38762 -2.77854 2.05318 -1.45613 0.910919 -1.54046 -1.46419 -1.03176 1.95333 2.88925 -1.08119 0.887303 -2.42212 1.62581 2.94315 -0.164748 2.73663 -2.81365 0.0793645 2.59558 2.51451 0.556123 1.98583 0.646248 -2.65319 2.73268 -2.14406 2.77742 
-1.99173 0.993761 -1.3966 -2.79861 2.05824 -1.454 0.939892 -1.55253 -1.4867 -1.03464 1.93076 2.89013 -1.07996 0.850802 -2.37676 1.668 2.99223 -0.181991 2.71884 -2.82067 0.090802 2.5891 2.48412 0.54387 2.00998 0.653914 -2.70282 2.70846 -2.1695 2.7809 
-1.96938 1.00733 -1.41578 -2.80883 2.06863 -1.46946 0.951954 -1.56142 -1.45314 -1.02007 1.9136 2.87407 -1.07807 0.85889 -2.33695 1.69225 2.9822 -0.1789 2.70019 -2.80078 0.0910373 2.57113 2.45983 0.536528 2.04571 0.651109 -2.724 2.68561 -2.17226 2.78254 
-1.97043 0.999302 -1.45073 -2.82357 2.12378 -1.49306 0.937624 -1.54896 -1.3978 -1.01008 1.9141 2.84891 -1.07479 0.862261 -2.31084 1.69776 2.97136 -0.181431 2.70646 -2.76137 0.0713155 2.56092 2.44466 0.541758 2.07689 0.663819 -2.73287 2.67253 -2.18617 2.76883 
-1.95505 0.98954 -1.4753 -2.83926 2.15183 -1.51039 0.912444 -1.52963 -1.36357 -0.988873 1.93963 2.84185 -1.08051 0.849115 -2.28924 1.67981 2.96443 -0.190829 2.7158 -2.732 0.0381681 2.54462 2.44844 0.542264 2.09972 0.681005 -2.71149 2.66437 -2.18675 2.78328 
-2.02527 0.963819 -1.48144 -2.8325 2.24314 -1.48908 0.834439 -1.49652 -1.28672 -0.970215 1.99674 2.77009 -1.07279 0.852561 -2.28712 1.62179 2.92167 -0.162724 2.76525 -2.68012 -0.017815 2.5388 2.47378 0.596592 2.13134 0.7329 -2.67274 2.66928 -2.19787 2.78264 
-2.11332 0.925776 -1.48184 -2.82148 2.34629 -1.45879 0.726648 -1.43333 -1.18901 -0.969011 2.04278 2.69384 -1.06496 0.845456 -2.29932 1.55682 2.85825 -0.125395 2.84611 -2.61567 -0.0758421 2.5262 2.50008 0.65283 2.14944 0.811572 -2.65063 2.66801 -2.22949 2.79176 
-2.14745 0.933202 -1.4773 -2.84947 2.38214 -1.43653 0.664591 -1.41509 -1.18693 -0.969401 2.05736 2.68598 -1.06943 0.818598 -2.29735 1.5482 2.8309 -0.121962 2.92937 -2.58637 -0.108571 2.5168 2.52837 0.646745 2.15479 0.853643 -2.62505 2.66236 -2.24319 2.81921 
-2.19743 0.914627 -1.47072 -2.8718 2.43051 -1.42516 0.586004 -1.37968 -1.17471 -0.984655 2.09999 2.64828 -1.07574 0.805278 -2.30678 1.50006 2.79209 -0.115497 3.0233 -2.57986 -0.124561 2.51259 2.56171 0.672794 2.14337 0.913239 -2.60685 2.65503 -2.25865 2.84253 
-2.21033 0.903802 -1.47779 -2.90727 2.45044 -1.40507 0.545576 -1.35557 -1.17698 -0.992568 2.11359 2.63419 -1.07897 0.796024 -2.30631 1.475 2.76079 -0.107881 3.10293 -2.57691 -0.12942 2.50201 2.5831 0.68741 2.13046 0.975805 -2.58047 2.64546 -2.28041 2.87199 
-2.20594 0.925724 -1.48088 -2.96639 2.46344 -1.39081 0.526731 -1.3436 -1.21227 -1.01489 2.10227 2.65355 -1.08824 0.80393 -2.29842 1.47295 2.76258 -0.103559 3.14557 -2.56561 -0.10434 2.51023 2.59081 0.668558 2.11028 1.02739 -2.56109 2.64831 -2.2786 2.88799 
-2.20145 0.93993 -1.4804 -3.02941 2.48222 -1.36933 0.520058 -1.33296 -1.26211 -1.0303 2.06833 2.67707 -1.07302 0.82439 -2.28762 1.47217 2.76722 -0.104558 3.15897 -2.59004 -0.0739433 2.51634 2.60103 0.648058 2.08683 1.0639 -2.53916 2.65087 -2.25576 2.88338 
-2.17048 0.962828 -1.46751 -3.07999 2.48617 -1.37238 0.528968 -1.33632 -1.31935 -0.999072 2.03452 2.69145 -1.06335 0.831054 -2.27506 1.47435 2.75712 -0.118155 3.15822 -2.60422 -0.065443 2.50135 2.60909 0.61162 2.06913 1.08815 -2.50313 2.65925 -2.25027 2.87391 
-2.13091 1.06064 -1.47708 -3.11435 2.47061 -1.36541 0.515692 -1.31616 -1.34808 -0.961301 2.04835 2.70676 -1.06115 0.794143 -2.24491 1.46329 2.74472 -0.180323 3.114 -2.61537 -0.0589226 2.47108 2.62424 0.588509 2.0369 1.09035 -2.4509 2.68273 -2.21108 2.84222 
-2.12296 1.15387 -1.49568 -3.15421 2.46138 -1.36917 0.51528 -1.30617 -1.38971 -0.95361 2.0605 2.70486 -1.0847 0.753471 -2.21275 1.47612 2.74247 -0.216741 3.02237 -2.64887 -0.0428818 2.48415 2.6329 0.574522 1.95145 1.09302 -2.41049 2.70405 -2.21629 2.82842 
-2.11255 1.22213 -1.52469 -3.21913 2.4662 -1.36153 0.539457 -1.29976 -1.43701 -0.954279 2.04744 2.69234 -1.12479 0.731744 -2.17412 1.5104 2.70362 -0.253301 2.92587 -2.6895 -0.000923443 2.51266 2.647 0.557018 1.84764 1.07863 -2.37428 2.71535 -2.25004 2.81101 
