Mean 0 Mean 1 Mean 2 Mean 3 Mean 4 Mean 5 Mean 6 Mean 7 Mean 8 Mean 9 Mean 10 Mean 11 Mean 12 Mean 13 Mean 14 Mean 15 Mean 16 Mean 17 Mean 18 Mean 19 Mean 20 Mean 21 Mean 22 Mean 23 Mean 24 Mean 25 Mean 26 Mean 27 Mean 28 Mean 29 
-1.3674 -1.33652 -1.88743 -1.43273 1.55244 -1.20429 1.02025 0.86131 -0.880753 -1.26952 1.54028 2.1808 -0.96266 -1.54584 -1.14882 -0.636377 2.47877 -0.11556 2.54416 0.374848 2.76095 0.434162 0.64779 2.3817 1.00405 -2.95653 0.611782 2.55383 0.389647 2.63445 
-1.35823 -1.33048 -1.90188 -1.41885 1.55129 -1.18597 1.01875 0.867585 -0.88245 -1.26351 1.54303 2.17762 -0.97581 -1.57174 -1.1694 -0.638249 2.48451 -0.129747 2.5443 0.368379 2.74739 0.440847 0.648547 2.38787 2.05958 -2.96108 0.618838 2.57643 1.81499 2.62365 
-1.38626 -1.32213 -1.97751 -1.33812 1.57743 -1.07336 0.98321 0.889947 -0.87581 -1.2804 1.53431 2.19642 -1.02274 -1.63089 -1.23865 -0.61288 2.54019 -0.209187 2.48658 0.329311 2.69021 0.486035 0.660537 2.38995 2.3901 -2.96919 0.619114 2.61921 2.34392 2.56958 
-1.37327 -1.33277 -1.96063 -1.35305 1.55488 -1.11826 0.982056 0.885048 -0.891965 -1.26342 1.55102 2.19006 -1.00488 -1.61056 -1.22592 -0.621568 2.52374 -0.1994 2.50985 0.340611 2.70093 0.484474 0.651457 2.39428 2.56041 -2.98339 0.620548 2.60984 2.56909 2.57158 
-1.3683 -1.331 -1.96704 -1.35831 1.54047 -1.13224 0.982528 0.884458 -0.910611 -1.26254 1.562 2.17884 -1.01432 -1.60726 -1.23199 -0.62377 2.52532 -0.200496 2.51464 0.341633 2.7012 0.471986 0.647822 2.40768 2.6527 -2.98511 0.634307 2.61554 2.72081 2.57047 
-1.36135 -1.34122 -1.98389 -1.35986 1.54088 -1.13303 0.979879 0.888351 -0.926559 -1.26333 1.57477 2.16998 -1.0307 -1.60246 -1.24486 -0.628686 2.52826 -0.204666 2.51433 0.333746 2.6945 0.47815 0.648196 2.41014 2.71584 -2.99048 0.64724 2.63003 2.81925 2.56396 
-1.36272 -1.33261 -1.97981 -1.37524 1.53851 -1.14815 0.983702 0.886771 -0.93052 -1.26155 1.57062 2.16338 -1.0371 -1.59355 -1.23835 -0.630427 2.52328 -0.202421 2.5164 0.337797 2.68413 0.462295 0.644104 2.42504 2.76505 -2.99059 0.62958 2.62473 2.89345 2.55422 
-1.35815 -1.3181 -1.98622 -1.37091 1.55773 -1.13888 0.984284 0.902354 -0.942863 -1.24989 1.56411 2.1318 -1.0476 -1.60782 -1.25012 -0.620335 2.52907 -0.198463 2.53314 0.35518 2.68299 0.448716 0.624819 2.45045 2.78016 -2.99726 0.592932 2.60812 2.94839 2.50158 
-1.34696 -1.30098 -1.9993 -1.35335 1.59721 -1.11526 0.984225 0.926237 -0.97687 -1.24489 1.56242 2.07855 -1.06567 -1.65493 -1.27543 -0.5954 2.55013 -0.19463 2.55475 0.39831 2.68295 0.427271 0.598054 2.48062 2.78167 -2.99501 0.535735 2.58586 2.99477 2.4072 
-1.35007 -1.29216 -2.00745 -1.35795 1.61146 -1.10962 0.986893 0.928308 -0.992276 -1.23674 1.57793 2.03951 -1.07079 -1.6707 -1.28917 -0.577667 2.55368 -0.190054 2.55376 0.419322 2.68068 0.409562 0.585255 2.48316 2.80516 -2.98506 0.52946 2.57748 3.03962 2.36319 
-1.38755 -1.30169 -2.00803 -1.38159 1.57538 -1.14258 0.935926 0.92021 -1.00623 -1.21824 1.61962 2.00346 -1.07472 -1.65737 -1.2846 -0.585826 2.5589 -0.174849 2.5176 0.401843 2.69488 0.381673 0.574543 2.46152 2.8653 -2.99331 0.589901 2.6244 3.10947 2.38416 
-1.41516 -1.30225 -2.00492 -1.39888 1.55506 -1.1882 0.901037 0.923172 -0.996254 -1.18161 1.6529 1.98388 -1.07918 -1.65176 -1.25175 -0.606973 2.55664 -0.164348 2.46169 0.366823 2.71121 0.358481 0.566953 2.43813 2.93408 -2.99463 0.628936 2.65968 3.15471 2.39251 
-1.40624 -1.29508 -2.00964 -1.41431 1.56079 -1.18627 0.912065 0.924716 -0.981945 -1.14369 1.65761 1.9675 -1.05927 -1.64901 -1.25701 -0.578464 2.51745 -0.196891 2.42555 0.316835 2.70761 0.40893 0.568461 2.45801 2.95077 -2.98948 0.641299 2.61691 3.1616 2.39926 
-1.40797 -1.30386 -2.00465 -1.40433 1.57636 -1.22575 0.901541 0.932629 -0.945574 -1.10808 1.67498 1.98847 -1.04374 -1.65253 -1.23453 -0.594877 2.48454 -0.189111 2.37684 0.308334 2.69222 0.423554 0.556268 2.44716 2.9896 -2.98511 0.630495 2.60643 3.19777 2.37611 
-1.40189 -1.32662 -1.96624 -1.40462 1.61283 -1.25209 0.8882 0.940234 -0.913811 -1.10632 1.69516 2.00401 -1.03481 -1.65516 -1.23485 -0.60107 2.44821 -0.184013 2.34901 0.311117 2.66686 0.447296 0.532037 2.42533 3.03972 -2.96572 0.60935 2.59597 3.22023 2.36175 
-1.4506 -1.3295 -1.92603 -1.45031 1.67864 -1.26064 0.889662 0.934607 -0.944508 -1.1275 1.71149 2.0182 -1.002 -1.64051 -1.25669 -0.614628 2.44976 -0.202987 2.34626 0.3255 2.63232 0.485094 0.572961 2.41315 3.03934 -2.99904 0.600431 2.63927 3.25138 2.33185 
-1.48955 -1.33447 -1.89347 -1.49021 1.73118 -1.26751 0.886685 0.922606 -0.969242 -1.14381 1.721 2.0308 -0.975417 -1.62941 -1.27562 -0.620129 2.4414 -0.210817 2.33886 0.345014 2.62407 0.508515 0.588609 2.39705 3.04466 -3.01322 0.581855 2.66361 3.26617 2.30747 
-1.50725 -1.34035 -1.87703 -1.50047 1.75845 -1.23802 0.875427 0.930785 -0.986406 -1.15865 1.71879 2.04077 -0.956383 -1.64388 -1.26465 -0.629707 2.44972 -0.209737 2.32724 0.347625 2.63785 0.505048 0.591068 2.3963 3.04546 -3.01064 0.559293 2.65857 3.27265 2.31702 
-1.5307 -1.32021 -1.86572 -1.52608 1.77902 -1.23554 0.879047 0.94001 -0.989422 -1.1381 1.72208 2.05284 -0.942215 -1.65137 -1.22547 -0.630275 2.47231 -0.220019 2.27901 0.313234 2.65978 0.474988 0.573938 2.40005 3.05467 -3.01181 0.53221 2.66025 3.25216 2.29468 
-1.56157 -1.27408 -1.87965 -1.56233 1.78098 -1.24146 0.895185 0.968738 -0.996523 -1.08419 1.72084 2.07021 -0.930078 -1.65908 -1.14679 -0.638788 2.51506 -0.237288 2.19443 0.220795 2.68897 0.409166 0.552631 2.40768 3.04916 -3.029 0.507057 2.65722 3.21716 2.25147 
-1.58737 -1.24411 -1.88548 -1.59248 1.77705 -1.24128 0.898958 0.986137 -1.00639 -1.05167 1.73168 2.08199 -0.925561 -1.65964 -1.11059 -0.646629 2.54583 -0.248882 2.14852 0.151068 2.72 0.362575 0.538927 2.40921 3.03242 -3.04132 0.491733 2.6473 3.20147 2.24468 
-1.58524 -1.26414 -1.88792 -1.57504 1.74623 -1.26162 0.861057 0.9607 -1.02377 -1.06094 1.7196 2.07633 -0.937191 -1.63893 -1.14516 -0.655069 2.53797 -0.231177 2.17453 0.143826 2.72669 0.386565 0.547551 2.40506 2.99 -3.05092 0.498845 2.61905 3.2433 2.29208 
-1.58917 -1.28052 -1.92099 -1.54954 1.72345 -1.26372 0.825939 0.927214 -1.03583 -1.08034 1.73207 2.05544 -0.938397 -1.63911 -1.17553 -0.671854 2.52812 -0.212447 2.21263 0.162381 2.72858 0.403577 0.557359 2.40188 2.97555 -3.03218 0.497925 2.60224 3.27308 2.31107 
-1.60662 -1.31013 -1.9401 -1.53351 1.67599 -1.27085 0.783657 0.896319 -1.07137 -1.09858 1.76506 2.00999 -0.944435 -1.66083 -1.20562 -0.689012 2.51851 -0.162458 2.23863 0.185673 2.73059 0.402513 0.571726 2.38864 2.98912 -3.00281 0.520654 2.59469 3.33497 2.31639 
-1.60553 -1.31901 -1.96328 -1.51929 1.66043 -1.27615 0.787318 0.874958 -1.08671 -1.10015 1.77579 2.00119 -0.960953 -1.67607 -1.21923 -0.69242 2.50589 -0.138986 2.25064 0.215819 2.73673 0.418019 0.576532 2.36989 2.98708 -2.99272 0.498886 2.58732 3.35314 2.32442 
-1.5995 -1.32328 -1.98061 -1.51377 1.65058 -1.26988 0.777338 0.864063 -1.09407 -1.08521 1.77907 2.01603 -0.974443 -1.67487 -1.23907 -0.693732 2.49936 -0.112389 2.28253 0.213667 2.73971 0.441618 0.589088 2.35072 2.97773 -2.99137 0.488332 2.57732 3.36545 2.35757 
-1.59603 -1.32973 -2.0073 -1.50352 1.63733 -1.28 0.764141 0.850448 -1.08761 -1.05989 1.78633 2.01777 -0.979812 -1.64018 -1.26146 -0.683595 2.50058 -0.0788164 2.31265 0.198271 2.72892 0.459602 0.60072 2.3206 2.95293 -2.96354 0.489343 2.5647 3.37048 2.40256 
-1.59096 -1.33583 -2.01749 -1.49893 1.63404 -1.30826 0.757128 0.843333 -1.0814 -1.03065 1.77248 2.05614 -0.989364 -1.62179 -1.27605 -0.672304 2.4979 -0.0780845 2.31092 0.189272 2.72223 0.481063 0.611193 2.32802 2.91459 -2.98544 0.498824 2.58073 3.39033 2.42327 
-1.58453 -1.33894 -2.0095 -1.47207 1.61717 -1.30308 0.756464 0.832926 -1.07577 -1.02437 1.74409 2.07744 -1.00361 -1.61572 -1.27266 -0.644227 2.50136 -0.0694219 2.29736 0.202525 2.7278 0.462493 0.608372 2.31334 2.88981 -3.01745 0.500082 2.57978 3.38895 2.42132 
-1.57936 -1.32411 -2.00492 -1.47039 1.60059 -1.30701 0.765491 0.823384 -1.05873 -1.02757 1.70542 2.09693 -1.01135 -1.60967 -1.24887 -0.617038 2.51069 -0.0604215 2.27768 0.201698 2.734 0.429857 0.611398 2.30452 2.86961 -3.03503 0.472304 2.58043 3.37387 2.41447 
-1.56873 -1.33344 -1.97477 -1.47219 1.60208 -1.29785 0.761561 0.802317 -1.02961 -1.01976 1.67395 2.10704 -1.03857 -1.57435 -1.22196 -0.591548 2.51382 -0.0077891 2.27723 0.217293 2.7175 0.412707 0.581263 2.28656 2.87052 -3.0157 0.452835 2.60531 3.36202 2.40412 
-1.57926 -1.30807 -1.97663 -1.48535 1.60732 -1.28963 0.766421 0.791649 -1.0535 -1.00311 1.65247 2.09823 -1.04185 -1.57804 -1.20081 -0.585967 2.54403 0.00575586 2.25462 0.187731 2.69885 0.383805 0.591516 2.28887 2.85072 -3.01693 0.43646 2.60511 3.36474 2.38997 
-1.58517 -1.28285 -1.98818 -1.49249 1.62115 -1.29179 0.77332 0.782112 -1.06748 -0.976991 1.64066 2.11042 -1.05483 -1.58756 -1.17251 -0.58714 2.56971 0.00740525 2.22226 0.135504 2.68614 0.363728 0.590757 2.29131 2.81576 -3.0279 0.469191 2.6131 3.38162 2.38614 
-1.59565 -1.21861 -1.99559 -1.49105 1.62432 -1.29395 0.819304 0.752956 -1.08344 -0.983073 1.68249 2.1467 -1.05053 -1.58998 -1.13681 -0.608323 2.56734 -0.0461006 2.13327 0.0642028 2.67427 0.334777 0.565366 2.28999 2.75581 -2.99369 0.479882 2.64381 3.42476 2.39891 
-1.61103 -1.16524 -1.98645 -1.49331 1.64349 -1.3252 0.84741 0.715455 -1.10363 -0.984419 1.72403 2.17777 -1.03985 -1.57418 -1.12132 -0.632235 2.53887 -0.100675 2.08997 0.00613981 2.66808 0.341444 0.541033 2.29829 2.69143 -2.96158 0.491215 2.67492 3.45867 2.43256 
-1.618 -1.13364 -1.97721 -1.48944 1.64539 -1.3512 0.841972 0.702533 -1.12209 -0.975842 1.75934 2.17524 -1.01075 -1.57016 -1.10809 -0.623257 2.53235 -0.109329 2.08941 -0.0173997 2.65745 0.34594 0.543368 2.28829 2.63419 -2.94379 0.519035 2.68564 3.46701 2.45418 
-1.59545 -1.12965 -1.95662 -1.49124 1.63446 -1.36356 0.831337 0.699485 -1.13399 -0.981883 1.77651 2.16571 -0.964219 -1.5615 -1.07427 -0.578392 2.52612 -0.09706 2.10621 -0.0368521 2.6342 0.332134 0.54761 2.2783 2.59674 -2.90371 0.524348 2.68122 3.44995 2.47402 
-1.59975 -1.10563 -1.93259 -1.50177 1.62572 -1.32207 0.837134 0.716916 -1.17384 -0.977027 1.78323 2.14206 -0.896847 -1.56987 -1.04042 -0.547703 2.55113 -0.0532681 2.09769 -0.0468473 2.62598 0.335168 0.561718 2.24991 2.55715 -2.86208 0.518385 2.67176 3.42325 2.45549 
-1.61852 -1.08063 -1.89075 -1.56826 1.62972 -1.29509 0.835548 0.727944 -1.22364 -0.965559 1.77113 2.08567 -0.844673 -1.52947 -1.00722 -0.561097 2.5879 0.00793625 2.03364 -0.101674 2.63168 0.314272 0.581457 2.22743 2.55101 -2.82584 0.527452 2.62049 3.39579 2.40015 
-1.62176 -1.09097 -1.7935 -1.69123 1.63581 -1.30933 0.840885 0.762093 -1.27796 -0.948026 1.77901 1.99899 -0.77106 -1.45884 -1.00526 -0.609104 2.59719 0.0914124 1.91734 -0.177831 2.6287 0.313736 0.582549 2.21327 2.54852 -2.75627 0.530391 2.53803 3.34628 2.38664 
