Mean 0 Mean 1 Mean 2 Mean 3 Mean 4 Mean 5 Mean 6 Mean 7 Mean 8 Mean 9 Mean 10 Mean 11 Mean 12 Mean 13 Mean 14 Mean 15 Mean 16 Mean 17 Mean 18 Mean 19 Mean 20 Mean 21 Mean 22 Mean 23 Mean 24 Mean 25 Mean 26 Mean 27 Mean 28 Mean 29 
0.984836 -1.39727 -2.55756 -1.34312 2.51688 -1.26186 1.02283 0.980076 -1.93986 -1.17278 2.6454 1.21404 0.972911 -1.16113 -2.29521 0.432047 -0.472873 2.73107 2.77806 0.240631 -0.469642 2.45414 2.88335 0.0397812 2.74705 -2.50481 0.35668 0.687878 2.77905 0.148824 
0.989349 -1.40273 -2.54986 -1.33908 2.51713 -1.27432 0.995379 0.996262 -1.93426 -1.1596 2.61796 1.17822 0.998566 -1.14989 -2.3015 0.438893 -0.472825 2.72614 2.76637 0.260847 -0.473209 2.464 2.87368 0.0211923 2.7644 -2.48352 0.366137 1.92618 2.78583 0.138936 
0.988167 -1.40558 -2.54954 -1.34434 2.51735 -1.27458 1.00118 1.00133 -1.94052 -1.15793 2.62028 1.18329 0.996184 -1.14822 -2.30273 0.431318 -0.462995 2.72325 2.76656 0.256853 -0.473889 2.45599 2.87538 0.0295776 2.76308 -2.48917 0.36445 2.35188 2.78048 0.131006 
0.993613 -1.40303 -2.54623 -1.35227 2.50662 -1.25734 1.00463 1.01044 -1.95315 -1.156 2.62553 1.1803 1.00252 -1.13882 -2.28965 0.430828 -0.471282 2.72804 2.76396 0.24447 -0.474346 2.45322 2.87239 0.0411407 2.75138 -2.48461 0.365429 2.5591 2.78976 0.125536 
0.998282 -1.40416 -2.5421 -1.36549 2.49045 -1.24773 0.997324 1.01059 -1.97457 -1.14668 2.62428 1.18606 1.01244 -1.13991 -2.26697 0.432521 -0.468299 2.73309 2.76707 0.239045 -0.477408 2.44503 2.86745 0.0435581 2.75044 -2.478 0.367115 2.68302 2.78662 0.127527 
1.00195 -1.40618 -2.53623 -1.37334 2.47825 -1.24725 0.991303 1.01505 -1.99017 -1.13972 2.61103 1.17311 1.02119 -1.1378 -2.26302 0.441168 -0.469546 2.73812 2.75884 0.243207 -0.477103 2.43659 2.85888 0.0415542 2.75727 -2.47801 0.365116 2.75839 2.79094 0.134734 
0.998101 -1.40405 -2.53724 -1.38337 2.46057 -1.24384 0.979936 1.01749 -2.00013 -1.13553 2.60192 1.16354 1.03031 -1.13755 -2.25643 0.443901 -0.475457 2.74326 2.74858 0.237697 -0.477277 2.42867 2.8494 0.0454524 2.76627 -2.47427 0.365613 2.81486 2.80127 0.141204 
0.989209 -1.4006 -2.53197 -1.38789 2.44996 -1.25019 0.982106 1.01322 -2.01255 -1.13959 2.59007 1.15506 1.02666 -1.14828 -2.25053 0.452807 -0.474506 2.74075 2.7481 0.240657 -0.48593 2.40937 2.84684 0.0569711 2.77385 -2.47669 0.364267 2.86062 2.80052 0.135927 
0.987142 -1.40036 -2.52709 -1.39607 2.43936 -1.24195 0.982198 1.01447 -2.00867 -1.13838 2.58764 1.14512 1.02782 -1.15935 -2.24616 0.459622 -0.483275 2.74291 2.73186 0.246052 -0.488959 2.40446 2.84428 0.0580601 2.78317 -2.4823 0.36838 2.89173 2.81119 0.120954 
0.984956 -1.39393 -2.51762 -1.40555 2.41785 -1.24181 0.981169 1.01571 -2.00134 -1.13351 2.5719 1.1374 1.03086 -1.16903 -2.24418 0.465209 -0.483409 2.74683 2.70978 0.254485 -0.485869 2.39708 2.83456 0.0719339 2.78681 -2.49927 0.375477 2.91103 2.8259 0.107884 
0.971781 -1.38663 -2.52054 -1.42151 2.39764 -1.23915 0.979336 1.02687 -2.00136 -1.13366 2.56131 1.12552 1.02732 -1.1685 -2.24173 0.476921 -0.492198 2.75567 2.69062 0.265376 -0.482817 2.3807 2.83332 0.0851135 2.78755 -2.49755 0.374305 2.92063 2.84339 0.0959733 
0.957928 -1.38693 -2.51784 -1.44402 2.38802 -1.24785 0.967168 1.03754 -1.99838 -1.12326 2.55741 1.11091 1.03045 -1.15143 -2.25005 0.477884 -0.501793 2.77565 2.66148 0.272727 -0.473411 2.37072 2.83711 0.0771456 2.7873 -2.50117 0.374626 2.92271 2.86663 0.0910567 
0.94948 -1.39361 -2.50876 -1.45685 2.38906 -1.25268 0.956388 1.04245 -1.99589 -1.10219 2.55864 1.09934 1.03903 -1.13017 -2.26099 0.470465 -0.508178 2.79501 2.62477 0.263137 -0.471023 2.35791 2.84744 0.0656334 2.79195 -2.50146 0.37251 2.92318 2.88978 0.0946496 
0.952885 -1.39725 -2.50962 -1.466 2.37289 -1.25762 0.941773 1.03395 -1.9839 -1.08493 2.54614 1.09971 1.04493 -1.12112 -2.27512 0.460428 -0.508133 2.81165 2.60218 0.260035 -0.469104 2.35666 2.85231 0.0546398 2.79943 -2.50087 0.369833 2.91916 2.91675 0.0866479 
0.956688 -1.40811 -2.51518 -1.46634 2.376 -1.26698 0.9252 1.04436 -1.974 -1.07149 2.54109 1.08959 1.03741 -1.111 -2.28995 0.451876 -0.518333 2.82215 2.56971 0.259825 -0.466406 2.3564 2.85501 0.0415938 2.79669 -2.50666 0.378322 2.90644 2.94728 0.0840725 
0.95186 -1.4161 -2.50534 -1.46199 2.3859 -1.26455 0.921312 1.05044 -1.97104 -1.05787 2.55157 1.07672 1.03311 -1.10366 -2.29864 0.448899 -0.521279 2.83108 2.54262 0.25413 -0.463557 2.35239 2.85598 0.0317882 2.79442 -2.51402 0.385129 2.90433 2.96961 0.0891299 
0.930046 -1.42045 -2.50396 -1.4593 2.39013 -1.27297 0.913196 1.05825 -1.97127 -1.03796 2.56446 1.07824 1.02384 -1.10461 -2.30394 0.448185 -0.529381 2.83363 2.51564 0.249951 -0.447908 2.34345 2.84597 0.0220691 2.78756 -2.523 0.37447 2.91301 2.98629 0.0750527 
0.911018 -1.41809 -2.51364 -1.45586 2.38423 -1.27538 0.900382 1.06229 -1.97559 -1.03506 2.56346 1.07255 1.01917 -1.1103 -2.31587 0.447173 -0.524708 2.83931 2.49962 0.238996 -0.434063 2.33703 2.85257 0.0154854 2.77449 -2.53875 0.371767 2.91136 3.00361 0.0794039 
0.892113 -1.4238 -2.51808 -1.45352 2.35594 -1.29628 0.889696 1.0695 -1.96841 -1.03399 2.59256 1.04995 1.0248 -1.12814 -2.33328 0.447576 -0.528941 2.83883 2.49195 0.244973 -0.40133 2.33171 2.85519 0.00626311 2.76368 -2.55487 0.365299 2.9164 3.02891 0.0908474 
0.865696 -1.426 -2.56023 -1.46476 2.3433 -1.33677 0.904393 1.13055 -1.96503 -0.996071 2.57856 1.0365 1.04671 -1.15031 -2.34629 0.454265 -0.545642 2.82352 2.44786 0.251945 -0.344242 2.32786 2.84988 0.00332625 2.75198 -2.58992 0.34455 2.89002 3.02808 0.0991626 
0.788989 -1.43579 -2.68557 -1.48722 2.34521 -1.44589 0.928964 1.29501 -1.95981 -0.87115 2.5585 1.01341 1.14832 -1.20413 -2.38799 0.448419 -0.596951 2.80512 2.33451 0.225514 -0.212573 2.34377 2.84231 -0.0171334 2.76949 -2.63887 0.317691 2.80291 3.026 0.117204 
0.754228 -1.43511 -2.77363 -1.49091 2.34681 -1.52772 0.93429 1.38123 -1.94374 -0.807727 2.55545 0.996054 1.20146 -1.23712 -2.40093 0.452171 -0.633792 2.80886 2.24928 0.225832 -0.13017 2.35247 2.82994 -0.0371016 2.78013 -2.68198 0.301209 2.74754 3.02569 0.112178 
0.722547 -1.44541 -2.83021 -1.49349 2.3535 -1.59632 0.934058 1.39576 -1.94468 -0.753007 2.6066 0.992384 1.24275 -1.2659 -2.40806 0.466684 -0.67324 2.82543 2.15652 0.247668 -0.0629233 2.36425 2.83341 -0.0716633 2.79812 -2.72064 0.284261 2.71803 3.0133 0.118766 
0.722154 -1.46777 -2.81812 -1.4909 2.35435 -1.59528 0.917426 1.3201 -1.94088 -0.758634 2.70669 1.02461 1.26594 -1.28045 -2.38834 0.495125 -0.702941 2.8511 2.08357 0.292743 -0.0294999 2.36821 2.86017 -0.0953618 2.82315 -2.72585 0.256702 2.73158 2.97716 0.12983 
0.722445 -1.5109 -2.80881 -1.49274 2.3619 -1.59352 0.900269 1.25158 -1.94749 -0.760118 2.8112 1.04414 1.27604 -1.27834 -2.34696 0.50631 -0.738269 2.87234 2.06773 0.354645 -0.0124893 2.36582 2.86475 -0.114395 2.83894 -2.74572 0.227105 2.76493 2.93451 0.143995 
0.747688 -1.49773 -2.79355 -1.47618 2.35907 -1.57732 0.884518 1.20495 -1.93766 -0.759767 2.86267 1.05925 1.2761 -1.2698 -2.34548 0.493528 -0.756787 2.86904 2.06393 0.3695 -0.0309069 2.39994 2.87315 -0.112311 2.85186 -2.71195 0.207332 2.78026 2.95418 0.170122 
0.764544 -1.49069 -2.76632 -1.46268 2.35493 -1.56107 0.86787 1.15614 -1.92946 -0.774518 2.89547 1.06229 1.27567 -1.25924 -2.35294 0.498355 -0.76514 2.87848 2.06505 0.367824 -0.031171 2.40355 2.88193 -0.11736 2.85631 -2.67859 0.205286 2.7985 2.96819 0.199128 
0.792147 -1.47172 -2.75406 -1.44916 2.3753 -1.55927 0.884086 1.13021 -1.90331 -0.779533 2.88404 1.06579 1.2618 -1.22707 -2.34405 0.531737 -0.763955 2.8678 2.11164 0.356256 -0.00696481 2.38891 2.85174 -0.128174 2.83832 -2.66449 0.206664 2.81852 2.95324 0.214445 
0.798191 -1.44017 -2.76213 -1.44438 2.38634 -1.5752 0.915738 1.13122 -1.88299 -0.763186 2.83635 1.06192 1.28306 -1.21358 -2.32766 0.579349 -0.763165 2.86383 2.12362 0.343043 0.0483414 2.35797 2.81986 -0.130795 2.8445 -2.66378 0.198306 2.80842 2.95084 0.24466 
0.823681 -1.40866 -2.73954 -1.43272 2.39176 -1.58218 0.928793 1.10869 -1.86469 -0.773477 2.78743 1.06083 1.28211 -1.177 -2.31895 0.625913 -0.748778 2.86428 2.16043 0.334125 0.0720371 2.32849 2.79088 -0.136739 2.83616 -2.66687 0.205558 2.82354 2.95384 0.252712 
0.832052 -1.39363 -2.71433 -1.43756 2.40805 -1.59324 0.926808 1.1 -1.87556 -0.757602 2.77287 1.06413 1.32301 -1.17409 -2.33892 0.645776 -0.750137 2.87537 2.17191 0.306543 0.0897383 2.31396 2.77229 -0.13437 2.81704 -2.66637 0.232975 2.83591 2.96171 0.267688 
0.832028 -1.36007 -2.71056 -1.43918 2.42299 -1.601 0.926218 1.09031 -1.87873 -0.736047 2.76103 1.06473 1.39316 -1.17101 -2.35042 0.655515 -0.754988 2.89144 2.19187 0.281189 0.111681 2.29876 2.75353 -0.138546 2.79054 -2.67909 0.264157 2.84994 2.95543 0.273372 
0.827694 -1.33856 -2.67994 -1.4292 2.42067 -1.60407 0.925613 1.05864 -1.90934 -0.727875 2.76446 1.05421 1.45029 -1.15685 -2.36905 0.655595 -0.743163 2.90728 2.19471 0.25011 0.0945558 2.28271 2.74174 -0.152929 2.74696 -2.68112 0.293559 2.88595 2.96348 0.266828 
0.799693 -1.32136 -2.63347 -1.42274 2.42138 -1.60099 0.910949 0.992655 -1.96456 -0.714534 2.7635 1.05418 1.50243 -1.1444 -2.38069 0.653853 -0.728749 2.92129 2.18649 0.223349 0.0606035 2.28668 2.74895 -0.183367 2.70245 -2.69556 0.30861 2.95023 2.94977 0.24333 
0.789005 -1.2786 -2.58247 -1.40323 2.42138 -1.59018 0.919982 0.925088 -2.01628 -0.682318 2.77908 1.05264 1.51911 -1.12859 -2.41039 0.657803 -0.751464 2.92657 2.15209 0.172501 0.031269 2.28391 2.7521 -0.215615 2.68266 -2.69837 0.352839 3.02975 2.97019 0.267297 
0.778262 -1.21526 -2.55568 -1.42179 2.41509 -1.58365 0.922494 0.846255 -2.07045 -0.678915 2.80428 1.06858 1.51814 -1.12364 -2.43678 0.663989 -0.798444 2.92566 2.12215 0.119136 0.0463777 2.28421 2.75069 -0.251565 2.66653 -2.71073 0.394515 3.0933 2.98066 0.295451 
0.772261 -1.16005 -2.53556 -1.43692 2.42046 -1.59022 0.929241 0.798076 -2.12884 -0.669532 2.82468 1.07288 1.51608 -1.12314 -2.48035 0.681228 -0.842639 2.89756 2.09278 0.0682773 0.0554926 2.2911 2.7497 -0.278822 2.62342 -2.70003 0.436511 3.14912 2.97577 0.317051 
0.792876 -1.10334 -2.56936 -1.41118 2.44203 -1.5768 0.940976 0.762313 -2.18944 -0.663552 2.80412 1.08088 1.46697 -1.0943 -2.5387 0.72304 -0.879805 2.86317 2.08704 0.0395401 0.0955129 2.34293 2.72094 -0.313136 2.55432 -2.70603 0.48715 3.18203 2.96015 0.34175 
0.795573 -1.04878 -2.60631 -1.3929 2.433 -1.56946 0.934964 0.741962 -2.22223 -0.68543 2.82161 1.07399 1.42792 -1.1077 -2.54898 0.723207 -0.913878 2.85869 2.08268 0.0253745 0.113667 2.36973 2.72935 -0.338825 2.51881 -2.66574 0.521696 3.23014 2.96377 0.364985 
0.779464 -1.00011 -2.63076 -1.39418 2.41949 -1.57072 0.920039 0.724984 -2.24911 -0.689489 2.87015 1.05312 1.34907 -1.11675 -2.52182 0.701485 -0.950736 2.86702 2.04964 0.00151533 0.0986212 2.37259 2.7604 -0.353307 2.49344 -2.62504 0.55338 3.2836 2.98276 0.400334 
