Mean 0 Mean 1 Mean 2 Mean 3 Mean 4 Mean 5 Mean 6 Mean 7 Mean 8 Mean 9 Mean 10 Mean 11 Mean 12 Mean 13 Mean 14 Mean 15 Mean 16 Mean 17 Mean 18 Mean 19 Mean 20 Mean 21 Mean 22 Mean 23 Mean 24 Mean 25 Mean 26 Mean 27 Mean 28 Mean 29 
-1.53624 -2.22376 -1.854 -2.36525 2.05776 0.96944 1.02466 0.850023 1.0268 -1.44991 2.56032 1.27036 -2.60553 1.04579 1.06634 -0.107709 2.73915 2.7947 2.81636 0.209512 0.487993 0.735049 1.11919 0.795592 1.14989 0.894119 -2.80253 -0.190612 0.378889 -0.130823 
-1.54057 -2.22005 -1.8546 -2.36929 2.06092 0.978416 1.02239 0.874415 1.02483 -1.47886 2.65362 1.25478 -2.57105 1.03943 1.07467 -0.109255 2.86415 2.91497 2.82363 0.213918 0.478531 0.71007 1.10775 0.793982 2.17873 0.917961 -2.81708 -0.184791 0.38732 -0.135652 
-1.52427 -2.22045 -1.86185 -2.3467 2.04699 0.978243 1.00462 0.880677 1.02486 -1.47394 2.70001 1.24565 -2.55581 1.04764 1.06476 -0.105709 2.90664 2.9355 2.8321 0.202766 0.484288 0.707077 1.10476 0.804611 2.51226 0.919652 -2.816 -0.187088 0.376892 -0.128904 
-1.50906 -2.2243 -1.86368 -2.32629 2.02019 0.984544 0.986294 0.887098 1.01405 -1.47385 2.72671 1.24153 -2.54673 1.05553 1.06257 -0.108119 2.92615 2.94107 2.84176 0.186824 0.485567 0.701266 1.10504 0.819841 2.67144 0.923376 -2.81844 -0.190143 0.365531 -0.121599 
-1.49647 -2.22921 -1.86382 -2.30517 2.00804 0.985398 0.965437 0.889879 1.00667 -1.47382 2.75163 1.2271 -2.54163 1.05938 1.05062 -0.101954 2.94769 2.94192 2.8394 0.186666 0.489298 0.694309 1.10028 0.829261 2.75085 0.922947 -2.81802 -0.192687 0.370047 -0.115375 
-1.47467 -2.23059 -1.86079 -2.29184 1.98533 0.987813 0.949739 0.890355 0.999797 -1.47339 2.76835 1.21426 -2.53405 1.06265 1.04039 -0.0914242 2.95314 2.93953 2.84401 0.187646 0.496078 0.687148 1.08946 0.845047 2.81435 0.933585 -2.81579 -0.200256 0.37184 -0.109511 
-1.45558 -2.2306 -1.86206 -2.28214 1.96614 0.992001 0.935595 0.879584 0.994791 -1.47453 2.78614 1.20565 -2.52647 1.06701 1.03492 -0.0845337 2.95134 2.93924 2.84724 0.183441 0.502103 0.682493 1.0836 0.852031 2.86036 0.937367 -2.81343 -0.202038 0.373247 -0.111231 
-1.44292 -2.23238 -1.86099 -2.26238 1.93817 0.998506 0.90805 0.860985 0.99334 -1.46941 2.80668 1.19762 -2.50641 1.07007 1.03359 -0.0842096 2.93869 2.93138 2.85717 0.165883 0.502205 0.679514 1.08759 0.844539 2.88709 0.949553 -2.81811 -0.205097 0.366328 -0.119732 
-1.44961 -2.22954 -1.86224 -2.25635 1.92233 1.00873 0.892577 0.854339 0.983114 -1.47491 2.81972 1.18564 -2.49586 1.06153 1.02945 -0.0805321 2.93311 2.92683 2.86372 0.159187 0.493939 0.668508 1.09483 0.856432 2.91021 0.968281 -2.81139 -0.199709 0.369814 -0.129042 
-1.45476 -2.22698 -1.86046 -2.25529 1.91292 1.01746 0.877374 0.857972 0.980362 -1.47113 2.83972 1.17655 -2.4879 1.06129 1.0174 -0.0785019 2.92931 2.92017 2.86339 0.15601 0.494187 0.670572 1.09769 0.85393 2.92885 0.97377 -2.80653 -0.199401 0.384571 -0.129102 
-1.46754 -2.22082 -1.8654 -2.25491 1.91352 1.02054 0.87511 0.851937 0.977642 -1.45913 2.85139 1.16485 -2.46844 1.06088 1.00306 -0.074152 2.92688 2.91401 2.85902 0.159001 0.495733 0.664274 1.0965 0.855919 2.94239 0.98373 -2.80127 -0.195223 0.401339 -0.132101 
-1.49043 -2.21313 -1.86511 -2.24869 1.92378 1.02476 0.854948 0.846736 0.971151 -1.45221 2.87129 1.14027 -2.44297 1.04915 0.992247 -0.0705461 2.9269 2.91197 2.85767 0.191213 0.500607 0.657256 1.09798 0.849509 2.96021 0.998039 -2.82455 -0.19827 0.415394 -0.160554 
-1.52335 -2.18256 -1.87093 -2.27835 1.93549 1.00653 0.875566 0.856501 0.990398 -1.37289 2.87117 1.13103 -2.44545 1.04466 1.05443 -0.079118 2.94387 2.91737 2.76667 0.141629 0.5227 0.63332 1.0843 0.85814 3.00281 0.992702 -2.81799 -0.16417 0.396732 -0.219044 
-1.53656 -2.18029 -1.86851 -2.27633 1.93986 1.00228 0.854968 0.863197 0.999611 -1.32899 2.87331 1.13703 -2.43519 1.03942 1.0595 -0.0857588 2.93562 2.92138 2.73417 0.124579 0.532571 0.63026 1.08209 0.853566 3.01903 0.985847 -2.82068 -0.164374 0.412875 -0.244086 
-1.54622 -2.19103 -1.86778 -2.24984 1.93718 0.999992 0.816188 0.87301 1.01048 -1.30723 2.87752 1.13953 -2.4235 1.02579 1.03351 -0.0925985 2.91253 2.92525 2.7235 0.128864 0.543785 0.63211 1.09194 0.850123 3.0263 0.983689 -2.82151 -0.180003 0.44848 -0.245182 
-1.56587 -2.1921 -1.86454 -2.23973 1.9252 0.993817 0.786313 0.870676 1.02686 -1.28474 2.89506 1.14113 -2.402 1.00842 1.01661 -0.0964313 2.90863 2.9325 2.71408 0.123707 0.563903 0.630085 1.10327 0.841781 3.04537 0.979223 -2.8273 -0.18795 0.463919 -0.242158 
-1.59583 -2.1943 -1.85704 -2.23614 1.91769 0.997689 0.761119 0.872897 1.0354 -1.26178 2.90042 1.14878 -2.38726 0.999557 0.988461 -0.100419 2.90416 2.93578 2.7019 0.11834 0.588039 0.628385 1.11422 0.839583 3.03725 0.970485 -2.84064 -0.196529 0.475648 -0.237336 
-1.60143 -2.1807 -1.85278 -2.23345 1.92724 0.99945 0.776329 0.888379 1.02572 -1.24338 2.9037 1.14866 -2.39989 0.993647 0.987975 -0.102949 2.91709 2.92981 2.67655 0.103447 0.593693 0.62468 1.11345 0.839043 3.03297 0.954957 -2.86668 -0.194995 0.475145 -0.248404 
-1.60406 -2.17362 -1.84999 -2.23107 1.93404 0.999432 0.778038 0.8855 1.0175 -1.24534 2.90783 1.14411 -2.41914 0.990479 0.991366 -0.0988784 2.92987 2.92911 2.66095 0.0978629 0.576403 0.617392 1.11275 0.840822 3.03256 0.953468 -2.89081 -0.190929 0.479912 -0.259802 
-1.60214 -2.18184 -1.86372 -2.20859 1.93456 0.96237 0.76923 0.877516 1.02476 -1.25701 2.92055 1.11935 -2.43881 0.982205 0.995866 -0.0919956 2.92715 2.93476 2.63933 0.115156 0.551211 0.613538 1.11385 0.830822 3.03804 0.943811 -2.91873 -0.179461 0.510303 -0.250437 
-1.60199 -2.18661 -1.86912 -2.1983 1.92947 0.935784 0.755834 0.865635 1.01924 -1.26896 2.92871 1.11623 -2.43249 0.973912 0.995207 -0.0829312 2.92128 2.94133 2.63742 0.131541 0.548665 0.621068 1.11972 0.813507 3.05541 0.94914 -2.94595 -0.180502 0.526988 -0.235908 
-1.60209 -2.19695 -1.89039 -2.19613 1.92176 0.913262 0.750086 0.867855 1.01258 -1.27605 2.94254 1.11259 -2.43011 0.974885 1.00354 -0.0809361 2.90394 2.93878 2.61939 0.153787 0.544655 0.618612 1.11896 0.791524 3.07747 0.961566 -2.9704 -0.18265 0.548707 -0.234627 
-1.60087 -2.21381 -1.92488 -2.18669 1.94065 0.907508 0.749717 0.869951 0.991349 -1.28439 2.95726 1.10986 -2.40851 0.963231 0.993921 -0.0916061 2.8865 2.9468 2.61234 0.173454 0.567137 0.62506 1.11937 0.774436 3.07996 0.974721 -3.00137 -0.18908 0.547458 -0.226013 
-1.61705 -2.21945 -1.9411 -2.18479 1.94977 0.897106 0.763988 0.859593 0.992632 -1.28669 2.93564 1.11525 -2.42235 0.972606 0.972653 -0.09479 2.87689 2.94016 2.6226 0.178519 0.570883 0.623807 1.11697 0.771178 3.06783 0.999886 -3.01595 -0.181484 0.551371 -0.207011 
-1.62282 -2.22936 -1.94014 -2.1832 1.94897 0.890463 0.767646 0.836455 0.990723 -1.28104 2.9292 1.1197 -2.42516 0.983355 0.958036 -0.0851568 2.85836 2.93632 2.61543 0.18799 0.563978 0.618503 1.11022 0.762508 3.0645 0.998042 -3.03797 -0.170416 0.56587 -0.190327 
-1.61447 -2.23443 -1.93594 -2.1818 1.96179 0.885707 0.768004 0.828449 1.02138 -1.28357 2.95249 1.1105 -2.40953 1.00101 0.957812 -0.0864574 2.84262 2.9388 2.60436 0.195614 0.538149 0.632154 1.0964 0.769744 3.07074 1.01206 -3.0276 -0.176896 0.592753 -0.172655 
-1.60561 -2.23924 -1.93331 -2.185 1.97294 0.884882 0.780889 0.825786 1.03812 -1.27691 2.98029 1.10305 -2.3787 1.02898 0.967376 -0.0806948 2.82264 2.93589 2.59306 0.207462 0.543075 0.649737 1.08137 0.777474 3.06962 1.02585 -3.00346 -0.176562 0.608719 -0.155168 
-1.59416 -2.22645 -1.92454 -2.17479 1.98194 0.90024 0.808598 0.819289 1.05124 -1.2831 3.00073 1.09219 -2.35786 1.06254 0.975563 -0.0741832 2.81315 2.92865 2.58211 0.213119 0.550353 0.665329 1.07155 0.787402 3.06008 1.04851 -2.96066 -0.168447 0.621736 -0.145597 
-1.57637 -2.22119 -1.91844 -2.17917 1.98684 0.892706 0.834724 0.823064 1.05132 -1.27871 2.99506 1.0919 -2.34812 1.0785 0.978421 -0.0499486 2.81335 2.92722 2.56997 0.213108 0.565772 0.661102 1.05385 0.784711 3.05385 1.08368 -2.93223 -0.162361 0.624806 -0.125658 
-1.54459 -2.21032 -1.90936 -2.1753 1.99567 0.881514 0.854413 0.828755 1.0718 -1.28216 2.97634 1.08866 -2.34279 1.10335 0.978658 -0.0172465 2.8155 2.92864 2.57631 0.216344 0.586127 0.642492 1.03687 0.780338 3.06013 1.1203 -2.89827 -0.159097 0.625849 -0.0996873 
-1.52427 -2.20387 -1.91392 -2.1948 2.00093 0.870687 0.852385 0.834872 1.07975 -1.27857 2.96012 1.10186 -2.34754 1.11794 0.993955 0.00260326 2.82061 2.93183 2.59423 0.208369 0.604958 0.631055 1.02946 0.784628 3.04611 1.14588 -2.84646 -0.159783 0.624487 -0.0890174 
-1.51793 -2.16825 -1.9167 -2.23142 2.00062 0.901299 0.862386 0.834564 1.06744 -1.26327 2.957 1.08285 -2.34019 1.11278 1.03253 0.0197477 2.83311 2.97259 2.59779 0.204321 0.597531 0.618916 1.04245 0.804177 3.06053 1.15646 -2.76166 -0.173497 0.6422 -0.115194 
-1.51323 -2.13317 -1.9329 -2.25658 2.00245 0.933085 0.870496 0.833353 1.04912 -1.2442 2.95459 1.07354 -2.32711 1.09859 1.06511 0.0440059 2.82754 2.9952 2.59949 0.196599 0.560611 0.59726 1.05426 0.808781 3.08102 1.1553 -2.70523 -0.189573 0.654978 -0.116894 
-1.51407 -2.11106 -1.94478 -2.29445 1.99452 0.978143 0.867831 0.836424 1.03811 -1.23265 2.94482 1.05454 -2.30673 1.08447 1.08586 0.0504052 2.80751 3.01222 2.58393 0.173087 0.540895 0.567942 1.05354 0.814999 3.10369 1.1786 -2.67805 -0.185819 0.669222 -0.105058 
-1.50222 -2.08533 -1.94638 -2.32931 1.98232 1.00927 0.857973 0.838559 1.0401 -1.21532 2.91535 1.05494 -2.27049 1.07499 1.08737 0.0612389 2.7642 3.00638 2.57361 0.137836 0.521593 0.544614 1.03697 0.796087 3.15551 1.21661 -2.68807 -0.163903 0.658546 -0.0653549 
-1.47592 -2.05729 -1.92023 -2.34295 1.95854 1.01963 0.861055 0.847827 1.02465 -1.21462 2.8473 1.06616 -2.21933 1.06103 1.07589 0.0928914 2.73462 3.00493 2.55832 0.0806531 0.498593 0.535335 1.01576 0.7649 3.2081 1.26992 -2.71501 -0.143271 0.647615 -0.02581 
-1.4494 -2.03848 -1.89552 -2.36535 1.93112 1.02875 0.858272 0.857339 1.02479 -1.20007 2.77482 1.06067 -2.16072 1.03395 1.06536 0.145477 2.69566 2.99534 2.55505 0.0371501 0.486859 0.52488 0.994604 0.70911 3.2741 1.31977 -2.74016 -0.120877 0.63125 0.0193254 
-1.4421 -2.01682 -1.87961 -2.38282 1.90876 1.05182 0.854369 0.854085 1.03304 -1.16734 2.69966 1.05275 -2.10108 1.02194 1.07909 0.20664 2.66223 2.97721 2.56018 0.0167346 0.497707 0.520658 0.975234 0.656949 3.30981 1.33856 -2.74144 -0.100826 0.627153 0.064399 
-1.44081 -1.98835 -1.87619 -2.38806 1.87929 1.04615 0.85942 0.845837 1.03908 -1.14441 2.6077 1.0349 -2.05558 1.00172 1.08439 0.258629 2.6221 2.95358 2.55143 0.0125696 0.503126 0.506602 0.960098 0.592894 3.35448 1.34638 -2.73134 -0.0659305 0.632866 0.124676 
-1.44243 -1.97532 -1.89708 -2.42271 1.85075 1.03455 0.857342 0.826893 1.05667 -1.11652 2.51135 0.995564 -1.99657 0.964544 1.06317 0.319764 2.57193 2.91349 2.54613 0.0211443 0.52304 0.490567 0.945092 0.544444 3.40902 1.35328 -2.73659 -0.0256316 0.613635 0.181648 
