Mean 0 Mean 1 Mean 2 Mean 3 Mean 4 Mean 5 Mean 6 Mean 7 Mean 8 Mean 9 Mean 10 Mean 11 Mean 12 Mean 13 Mean 14 Mean 15 Mean 16 Mean 17 Mean 18 Mean 19 Mean 20 Mean 21 Mean 22 Mean 23 Mean 24 Mean 25 Mean 26 Mean 27 Mean 28 Mean 29 
0.882047 -1.88718 -2.71519 -2.23519 1.16895 0.803357 0.904463 -2.53789 1.03086 -2.62909 1.46117 1.43576 0.943257 1.06845 -2.52893 0.807147 -0.516112 0.338824 2.8511 -2.94434 0.466822 0.51586 3.00885 2.91409 2.50687 -2.5626 0.0642159 -0.0964372 2.41575 2.46563 
0.886755 -1.89763 -2.71784 -2.2382 1.17134 0.807446 0.907127 -2.53842 1.02698 -2.62763 1.45947 1.42545 0.950456 1.07021 -2.52829 0.803177 -0.512625 0.339658 2.85432 -2.9364 0.464335 0.513928 3.01399 2.913 2.50738 -2.56139 0.0672383 -1.62266 2.76156 2.45985 
0.88517 -1.90545 -2.71725 -2.23945 1.1731 0.812484 0.900073 -2.54578 1.02578 -2.61621 1.44842 1.42167 0.961652 1.06583 -2.54753 0.798565 -0.506682 0.339772 2.85587 -2.92007 0.461344 0.519399 3.0102 2.91476 2.50588 -2.56267 0.0709201 -2.18538 2.88623 2.43902 
0.880757 -1.90369 -2.71269 -2.24188 1.17668 0.816875 0.89513 -2.54966 1.02053 -2.60498 1.45017 1.4201 0.961802 1.06372 -2.56001 0.801026 -0.504294 0.339185 2.85386 -2.91134 0.459383 0.525321 3.00053 2.92172 2.50017 -2.57009 0.070391 -2.46191 2.9536 2.4316 
0.877806 -1.89634 -2.70105 -2.25166 1.16499 0.817131 0.896758 -2.55992 1.01436 -2.58901 1.46042 1.41869 0.959711 1.06706 -2.56469 0.80891 -0.506828 0.341442 2.85492 -2.89952 0.463971 0.530622 2.99296 2.92267 2.50225 -2.57319 0.0698715 -2.6246 2.99404 2.42599 
0.86585 -1.8872 -2.69548 -2.26448 1.16185 0.812536 0.898023 -2.56816 1.01225 -2.58032 1.47653 1.40642 0.956692 1.0707 -2.56605 0.818254 -0.511121 0.351208 2.85194 -2.88922 0.468857 0.532302 2.98645 2.92378 2.50759 -2.57355 0.0652298 -2.74068 3.02411 2.42442 
0.850817 -1.87415 -2.69261 -2.27661 1.16677 0.812882 0.895347 -2.57006 1.00382 -2.57585 1.48987 1.39898 0.951011 1.0769 -2.56393 0.827054 -0.517321 0.359636 2.83887 -2.89436 0.471169 0.529615 2.98443 2.92843 2.51005 -2.57788 0.058667 -2.81848 3.0451 2.42273 
0.841984 -1.86117 -2.68561 -2.28864 1.16776 0.81325 0.894272 -2.56436 0.994343 -2.56601 1.50371 1.38951 0.947795 1.07985 -2.55643 0.830062 -0.52535 0.364291 2.82956 -2.89837 0.474577 0.518824 2.98023 2.93908 2.50765 -2.58308 0.059435 -2.87295 3.06214 2.42962 
0.832744 -1.84914 -2.67984 -2.29684 1.17078 0.804963 0.896616 -2.55086 0.975638 -2.5501 1.52234 1.38237 0.949452 1.07551 -2.54583 0.823579 -0.528772 0.37022 2.81017 -2.91609 0.473358 0.495797 2.97896 2.94791 2.50651 -2.59036 0.0566018 -2.90722 3.07916 2.43647 
0.827438 -1.84259 -2.66933 -2.30727 1.16628 0.797192 0.899917 -2.54072 0.94953 -2.53346 1.53802 1.38316 0.955616 1.07459 -2.53091 0.814264 -0.533712 0.375443 2.78394 -2.9454 0.470598 0.480361 2.97817 2.95358 2.51577 -2.59556 0.0486687 -2.92683 3.09359 2.4402 
0.82302 -1.8442 -2.66164 -2.32488 1.15281 0.792472 0.906384 -2.53714 0.916777 -2.51472 1.54565 1.39631 0.963877 1.07859 -2.5133 0.807801 -0.544612 0.384516 2.75352 -2.97641 0.466372 0.475616 2.97322 2.9576 2.53586 -2.59658 0.0323854 -2.94281 3.10228 2.43514 
0.821842 -1.85262 -2.64671 -2.3481 1.12885 0.798087 0.924828 -2.53198 0.868107 -2.49299 1.54481 1.43359 0.979132 1.07151 -2.47768 0.79823 -0.55541 0.388326 2.71916 -3.0335 0.457608 0.490694 2.96186 2.96734 2.56875 -2.59132 0.00786464 -2.94226 3.10275 2.43355 
0.801623 -1.84978 -2.63176 -2.36603 1.10345 0.79105 0.937587 -2.52919 0.844597 -2.47305 1.53315 1.44185 0.997568 1.07004 -2.45089 0.791032 -0.536344 0.407126 2.70095 -3.07009 0.465177 0.481644 2.95274 2.97261 2.58424 -2.59425 -0.0203471 -2.94661 3.11298 2.43562 
0.790672 -1.84431 -2.61729 -2.37237 1.09266 0.77879 0.947692 -2.53605 0.830034 -2.45343 1.53154 1.42728 1.00017 1.06871 -2.44589 0.794883 -0.514549 0.414387 2.69777 -3.07679 0.472908 0.473068 2.94444 2.97426 2.58152 -2.59648 -0.0404704 -2.96138 3.12802 2.42889 
0.78354 -1.84216 -2.60338 -2.37291 1.08247 0.768532 0.950368 -2.54901 0.816706 -2.43785 1.52419 1.41252 0.993726 1.06305 -2.45536 0.802561 -0.501822 0.418746 2.69893 -3.06798 0.479951 0.469937 2.93662 2.96968 2.57292 -2.60278 -0.049229 -2.98158 3.14278 2.41371 
0.783119 -1.83882 -2.5969 -2.3787 1.06774 0.768292 0.952378 -2.56025 0.810281 -2.42704 1.52173 1.4008 0.986475 1.06016 -2.45488 0.80973 -0.490802 0.416775 2.69971 -3.04951 0.485728 0.462799 2.92667 2.96642 2.57078 -2.60663 -0.0565636 -2.99297 3.14999 2.40865 
0.781271 -1.83911 -2.59545 -2.38723 1.04546 0.775178 0.953686 -2.56374 0.815499 -2.41729 1.52181 1.40265 0.989452 1.05573 -2.4516 0.812312 -0.489327 0.409653 2.6933 -3.04 0.496547 0.458908 2.92221 2.96834 2.56696 -2.60175 -0.0613638 -2.99709 3.15503 2.40653 
0.767787 -1.8468 -2.60238 -2.38607 1.01883 0.781656 0.951433 -2.57187 0.819373 -2.41168 1.53245 1.40713 0.992686 1.05529 -2.46011 0.812547 -0.481366 0.398246 2.69156 -3.03536 0.508831 0.463899 2.91937 2.97531 2.55511 -2.58946 -0.0683307 -2.98788 3.16077 2.40987 
0.747509 -1.85169 -2.61423 -2.38196 1.00082 0.779211 0.945375 -2.58023 0.824836 -2.41172 1.5371 1.41178 0.990931 1.05558 -2.47902 0.815239 -0.474249 0.386958 2.68648 -3.03346 0.515207 0.47212 2.92417 2.97944 2.54113 -2.5817 -0.0774086 -2.97802 3.16828 2.41915 
0.729338 -1.8439 -2.61271 -2.38467 1.01382 0.761577 0.935634 -2.58531 0.812943 -2.40867 1.53322 1.41617 0.995535 1.06616 -2.50676 0.82801 -0.464329 0.376641 2.66667 -3.03033 0.521098 0.477685 2.92921 2.96556 2.53266 -2.59509 -0.0872267 -2.97615 3.19384 2.41724 
0.708932 -1.84685 -2.61634 -2.37971 1.0087 0.733198 0.926026 -2.58027 0.802074 -2.40652 1.5216 1.42342 0.99513 1.06751 -2.51342 0.850851 -0.444276 0.368461 2.6401 -3.03099 0.530638 0.472099 2.92981 2.95234 2.52145 -2.59884 -0.095258 -2.99387 3.22022 2.4316 
0.678145 -1.86112 -2.61931 -2.3613 1.0033 0.691644 0.9149 -2.56513 0.788097 -2.39671 1.52779 1.42556 0.993696 1.05881 -2.50741 0.871962 -0.423719 0.370334 2.61672 -3.02804 0.548618 0.471016 2.94305 2.92782 2.51235 -2.60824 -0.0823433 -3.02263 3.25179 2.44879 
0.641549 -1.88313 -2.61173 -2.32406 1.01256 0.647664 0.899288 -2.54632 0.772581 -2.38673 1.55691 1.4245 0.992634 1.03687 -2.50147 0.890927 -0.405006 0.371878 2.59197 -3.03788 0.563648 0.479989 2.96215 2.90315 2.51411 -2.6084 -0.0686033 -3.04725 3.28674 2.47011 
0.610216 -1.91867 -2.57424 -2.28874 1.0384 0.608507 0.878203 -2.53249 0.745053 -2.38598 1.60761 1.4328 0.978937 1.00158 -2.50628 0.904953 -0.376699 0.359395 2.57481 -3.06486 0.57973 0.503467 2.97653 2.87415 2.50949 -2.60837 -0.0720965 -3.0703 3.31444 2.497 
0.607572 -1.92656 -2.48873 -2.30593 1.0742 0.606689 0.843758 -2.55719 0.726249 -2.43345 1.62686 1.44179 0.914525 0.963974 -2.55344 0.958954 -0.357768 0.275944 2.55217 -3.0806 0.595631 0.509413 2.95182 2.8606 2.47324 -2.61546 -0.115463 -3.09081 3.28565 2.51896 
0.60014 -1.93776 -2.39503 -2.33179 1.10673 0.609439 0.807277 -2.58577 0.710937 -2.48874 1.65296 1.44821 0.844268 0.92359 -2.60177 1.00824 -0.337157 0.183513 2.53315 -3.09305 0.610326 0.518166 2.93204 2.83876 2.43549 -2.62113 -0.157714 -3.11453 3.25657 2.54018 
0.61963 -1.91471 -2.4156 -2.33385 1.1161 0.59794 0.815718 -2.61058 0.711503 -2.4747 1.67275 1.4482 0.852413 0.914275 -2.59515 1.03369 -0.322329 0.198375 2.48865 -3.07033 0.623932 0.497616 2.91842 2.8341 2.43609 -2.63416 -0.161164 -3.09228 3.25947 2.55621 
0.650548 -1.90598 -2.45205 -2.33816 1.12456 0.596967 0.834305 -2.62489 0.700945 -2.4571 1.65713 1.4579 0.88269 0.899604 -2.57774 1.06194 -0.313011 0.207039 2.46115 -3.06719 0.654083 0.472626 2.90349 2.83267 2.45404 -2.63657 -0.190419 -3.08508 3.2425 2.58223 
0.692319 -1.89067 -2.47434 -2.32849 1.14012 0.59357 0.824777 -2.63753 0.70352 -2.44389 1.6534 1.46131 0.89029 0.874629 -2.57343 1.07922 -0.317272 0.224326 2.42925 -3.06775 0.668504 0.447889 2.88286 2.82636 2.45374 -2.65461 -0.203038 -3.07992 3.23391 2.59214 
0.714423 -1.87058 -2.48405 -2.31689 1.15244 0.590273 0.816586 -2.66011 0.725719 -2.4286 1.63217 1.46431 0.903684 0.896723 -2.58044 1.0921 -0.356215 0.253672 2.39851 -3.05889 0.680383 0.420955 2.87009 2.82938 2.43697 -2.68471 -0.187194 -3.08116 3.23942 2.59722 
0.740028 -1.84402 -2.5166 -2.29511 1.16934 0.581207 0.802817 -2.67396 0.746452 -2.41296 1.60881 1.46419 0.882657 0.922802 -2.58369 1.11025 -0.39741 0.275305 2.37011 -3.05617 0.679635 0.394217 2.85047 2.8316 2.42812 -2.71372 -0.150308 -3.07805 3.25374 2.60982 
0.757024 -1.81046 -2.54387 -2.28733 1.17837 0.571948 0.796544 -2.66908 0.76048 -2.40871 1.58764 1.45918 0.843603 0.93691 -2.54825 1.11415 -0.442308 0.300851 2.36285 -3.06593 0.666347 0.355464 2.82201 2.82678 2.42073 -2.74038 -0.117509 -3.08148 3.27955 2.60189 
0.778204 -1.81937 -2.58209 -2.31353 1.19407 0.572551 0.766406 -2.6508 0.758557 -2.39643 1.58123 1.47731 0.798504 0.962945 -2.50249 1.0896 -0.491751 0.337704 2.36262 -3.09367 0.634124 0.341151 2.81306 2.83093 2.40048 -2.78646 -0.0641006 -3.08768 3.32639 2.61386 
0.815679 -1.84796 -2.64035 -2.37291 1.20257 0.621102 0.739711 -2.61896 0.749922 -2.38813 1.57953 1.51947 0.748943 0.989999 -2.43988 1.05211 -0.562332 0.373448 2.37063 -3.16734 0.593127 0.32992 2.81181 2.8317 2.38836 -2.83063 -0.0386644 -3.12363 3.37522 2.6478 
0.889007 -1.88555 -2.66567 -2.41331 1.22422 0.645497 0.752265 -2.64003 0.685026 -2.35857 1.60651 1.58497 0.779707 0.944124 -2.37312 1.06385 -0.703169 0.338256 2.38747 -3.22712 0.6037 0.340368 2.79834 2.78659 2.4266 -2.87199 -0.097681 -3.13889 3.31469 2.66857 
0.968499 -1.9342 -2.68056 -2.44412 1.24426 0.650959 0.769827 -2.66393 0.607548 -2.32872 1.64283 1.64951 0.826682 0.886914 -2.30258 1.0745 -0.85144 0.296461 2.38422 -3.26006 0.614821 0.349535 2.78213 2.71939 2.47826 -2.92501 -0.169809 -3.15334 3.21981 2.68993 
1.04139 -2.00039 -2.69311 -2.47318 1.26558 0.638191 0.782347 -2.68553 0.524604 -2.2958 1.66225 1.71317 0.867515 0.842092 -2.23533 1.08486 -0.986459 0.260825 2.37581 -3.26418 0.618703 0.359992 2.76929 2.6513 2.5273 -2.99307 -0.223998 -3.16255 3.12709 2.71429 
1.08419 -2.06827 -2.69175 -2.49168 1.28203 0.603664 0.784833 -2.71085 0.454172 -2.26974 1.66776 1.76304 0.891558 0.815441 -2.18044 1.09164 -1.08002 0.249613 2.36137 -3.24548 0.618931 0.371989 2.76236 2.59371 2.55375 -3.07745 -0.242897 -3.15738 3.06288 2.74127 
1.11747 -2.12119 -2.67917 -2.50645 1.31576 0.567788 0.773416 -2.73208 0.395677 -2.24589 1.63697 1.81018 0.89003 0.805187 -2.11661 1.09907 -1.16077 0.260451 2.33025 -3.17991 0.621578 0.376563 2.74082 2.53617 2.5666 -3.19658 -0.260066 -3.14884 3.00546 2.76877 
1.11804 -2.15486 -2.67767 -2.52215 1.35472 0.523312 0.737465 -2.7627 0.377701 -2.20808 1.60286 1.811 0.83474 0.825866 -2.09335 1.07336 -1.19587 0.279696 2.2946 -3.13003 0.589563 0.381287 2.70778 2.5245 2.55021 -3.32647 -0.238175 -3.09718 2.99804 2.78294 
