Mean 0 Mean 1 Mean 2 Mean 3 Mean 4 Mean 5 Mean 6 Mean 7 Mean 8 Mean 9 Mean 10 Mean 11 Mean 12 Mean 13 Mean 14 Mean 15 Mean 16 Mean 17 Mean 18 Mean 19 Mean 20 Mean 21 Mean 22 Mean 23 Mean 24 Mean 25 Mean 26 Mean 27 Mean 28 Mean 29 
1.03509 -2.43939 -0.969116 -1.23073 2.40934 -1.20844 0.901204 -2.18464 -2.49412 -1.24506 2.39286 1.06796 -1.88516 0.89031 0.910816 -0.245549 1.4329 2.37644 2.47608 0.0635554 -0.439 -2.33475 2.54493 2.79456 -0.47665 -2.96 0.412172 2.51745 0.347276 0.291837 
1.0385 -2.42919 -0.96101 -1.25204 2.41771 -1.19631 0.905693 -2.17775 -2.49123 -1.24016 2.39833 1.05414 -1.89456 0.901036 0.916198 -0.25161 2.32386 2.38788 2.47014 0.0661632 -0.444116 -2.66519 2.53803 2.86122 -0.478893 -2.95177 0.417998 2.51867 0.351064 0.301633 
1.04681 -2.4253 -0.955495 -1.25938 2.42217 -1.18462 0.912545 -2.16991 -2.48991 -1.23375 2.40613 1.05216 -1.89212 0.90497 0.915928 -0.266466 2.61816 2.39176 2.46566 0.0611732 -0.450181 -2.77748 2.54086 2.88027 -0.478861 -2.95139 0.421651 2.52861 0.364003 0.31061 
1.04672 -2.43715 -0.954225 -1.26668 2.41448 -1.17759 0.91321 -2.17358 -2.49568 -1.22336 2.42104 1.0546 -1.89188 0.90818 0.919917 -0.262197 2.7602 2.39065 2.47019 0.0620446 -0.451922 -2.83049 2.54928 2.8847 -0.483463 -2.95332 0.430315 2.5415 0.366319 0.319893 
1.0453 -2.43557 -0.94757 -1.27858 2.41506 -1.16184 0.915959 -2.16306 -2.50372 -1.22371 2.43408 1.05849 -1.88361 0.919669 0.928232 -0.265352 2.84431 2.4065 2.46207 0.0478223 -0.45752 -2.86871 2.5477 2.8978 -0.479179 -2.95582 0.431423 2.53842 0.359908 0.332693 
1.04068 -2.4516 -0.954975 -1.26763 2.41743 -1.14891 0.924637 -2.1652 -2.49098 -1.22517 2.43994 1.07339 -1.8609 0.933743 0.925579 -0.28536 2.8886 2.41267 2.46636 0.0239912 -0.45217 -2.87232 2.55136 2.8912 -0.467271 -2.98052 0.421489 2.55398 0.364214 0.356262 
1.03591 -2.45388 -0.963165 -1.26264 2.41281 -1.14931 0.923358 -2.17991 -2.49156 -1.22452 2.44004 1.08656 -1.85917 0.938077 0.922146 -0.283187 2.92156 2.41512 2.46759 0.0126702 -0.443667 -2.8915 2.55275 2.89831 -0.459373 -2.99343 0.416865 2.56108 0.373924 0.366861 
1.02666 -2.44871 -0.956737 -1.26147 2.40355 -1.15696 0.921992 -2.18774 -2.49387 -1.21881 2.43354 1.09023 -1.85801 0.943862 0.916339 -0.273508 2.94363 2.42251 2.46336 0.00796292 -0.434454 -2.92346 2.55739 2.90829 -0.45125 -3.00173 0.409353 2.5616 0.384094 0.37686 
1.01569 -2.43921 -0.9486 -1.26565 2.39346 -1.16746 0.913467 -2.19886 -2.50387 -1.21155 2.43107 1.08533 -1.86112 0.945901 0.912069 -0.263142 2.96095 2.42462 2.46167 0.0095801 -0.431413 -2.94769 2.55599 2.91424 -0.450027 -3.00176 0.412791 2.55803 0.395636 0.378731 
1.01587 -2.43446 -0.934823 -1.28079 2.39113 -1.17273 0.909214 -2.19454 -2.51864 -1.19832 2.4405 1.07208 -1.87124 0.951788 0.904568 -0.26721 2.97512 2.41986 2.45313 0.00906395 -0.439711 -2.95523 2.54406 2.9169 -0.450856 -3.00627 0.414405 2.55127 0.409186 0.378487 
1.01315 -2.42159 -0.924061 -1.29889 2.38676 -1.17097 0.905139 -2.18519 -2.52277 -1.18261 2.44579 1.04628 -1.87169 0.960597 0.888055 -0.271022 2.98358 2.42445 2.44325 0.014256 -0.442589 -2.97489 2.53138 2.91847 -0.447611 -3.0072 0.42176 2.54842 0.43016 0.369014 
1.01013 -2.40197 -0.919225 -1.32346 2.37589 -1.17342 0.907047 -2.16889 -2.51096 -1.15387 2.44548 1.01949 -1.87844 0.966453 0.900022 -0.280477 2.9886 2.43923 2.40445 0.0173196 -0.441548 -3.00814 2.5155 2.92586 -0.441439 -3.00692 0.430157 2.54211 0.450172 0.347142 
1.00304 -2.37831 -0.920222 -1.33799 2.37245 -1.18002 0.906575 -2.17905 -2.50258 -1.11531 2.45374 0.990172 -1.87859 0.971533 0.907876 -0.297235 3.00418 2.451 2.38181 0.0162893 -0.441554 -3.04482 2.50285 2.93945 -0.440615 -3.0072 0.42862 2.54542 0.471331 0.330546 
1.00269 -2.3615 -0.926612 -1.34595 2.3764 -1.18759 0.905033 -2.19571 -2.49681 -1.08762 2.46688 0.964812 -1.88365 0.975406 0.917838 -0.317312 3.01048 2.46883 2.36438 0.0179931 -0.44111 -3.07772 2.49187 2.94648 -0.437317 -3.00168 0.424088 2.54744 0.487165 0.321437 
0.989371 -2.34536 -0.923782 -1.35854 2.37577 -1.20098 0.90222 -2.19342 -2.49938 -1.05523 2.47471 0.946129 -1.89166 0.978502 0.926192 -0.327749 3.02312 2.47911 2.33294 0.017166 -0.438995 -3.10953 2.48552 2.94854 -0.434011 -2.99372 0.411601 2.54994 0.500383 0.30315 
0.971619 -2.32893 -0.922927 -1.36925 2.38146 -1.21702 0.896715 -2.18014 -2.50944 -1.04322 2.47555 0.91902 -1.91507 0.978055 0.916694 -0.33709 3.05323 2.49382 2.30128 0.0307439 -0.439887 -3.13233 2.48188 2.94067 -0.447111 -3.00489 0.393503 2.54507 0.520968 0.296564 
0.964662 -2.31559 -0.924103 -1.36707 2.40722 -1.23394 0.894056 -2.16771 -2.52352 -1.03613 2.48252 0.892007 -1.9376 0.962743 0.906128 -0.327543 3.07463 2.51157 2.26342 0.0420154 -0.433305 -3.15086 2.48088 2.9243 -0.461111 -3.01786 0.371663 2.54401 0.530809 0.283666 
0.97281 -2.32001 -0.923824 -1.3638 2.4177 -1.24153 0.893729 -2.15849 -2.53683 -1.03437 2.49455 0.875538 -1.95899 0.951508 0.896611 -0.311451 3.07815 2.52399 2.23749 0.0585307 -0.430928 -3.1569 2.47569 2.91896 -0.472086 -3.03616 0.343863 2.53535 0.538699 0.271519 
0.987036 -2.33229 -0.915143 -1.37066 2.42085 -1.24441 0.900779 -2.16295 -2.53654 -1.03859 2.51984 0.858216 -1.97457 0.956034 0.887593 -0.290463 3.06645 2.53403 2.23322 0.0868613 -0.433636 -3.15636 2.44787 2.92187 -0.462936 -3.03012 0.317171 2.53279 0.541842 0.262796 
0.997293 -2.32916 -0.924363 -1.36542 2.41288 -1.24051 0.91729 -2.16813 -2.5248 -1.03814 2.53712 0.833945 -1.96768 0.950287 0.884731 -0.275864 3.0573 2.51531 2.21834 0.0974647 -0.437437 -3.16149 2.4335 2.94035 -0.465087 -3.0215 0.298793 2.53281 0.546342 0.265039 
1.00509 -2.32776 -0.935504 -1.37494 2.39795 -1.2299 0.927183 -2.17118 -2.50578 -1.03792 2.55829 0.80206 -1.96437 0.948113 0.881823 -0.270513 3.05031 2.48959 2.20423 0.0940001 -0.445921 -3.16583 2.4111 2.96555 -0.476627 -3.0184 0.293539 2.5342 0.555252 0.275167 
1.00174 -2.33149 -0.936742 -1.37029 2.36554 -1.22234 0.925385 -2.17292 -2.48311 -1.0373 2.57407 0.787279 -1.95372 0.940026 0.876829 -0.275437 3.04567 2.47275 2.18571 0.0842634 -0.458739 -3.17143 2.40621 2.97842 -0.477385 -3.00586 0.288317 2.5347 0.564817 0.277742 
0.993117 -2.33426 -0.948921 -1.362 2.34143 -1.23034 0.917747 -2.16526 -2.45986 -1.03363 2.56967 0.787612 -1.92993 0.930663 0.87903 -0.275443 3.03597 2.47554 2.16798 0.069688 -0.459163 -3.18815 2.40066 2.97657 -0.469923 -2.99525 0.269938 2.5301 0.563646 0.268268 
0.97028 -2.32236 -0.980846 -1.36915 2.35332 -1.24316 0.914607 -2.17148 -2.43866 -1.0374 2.5692 0.787669 -1.92387 0.925239 0.870836 -0.269403 3.03259 2.4576 2.1565 0.0630854 -0.450486 -3.19038 2.40731 2.98011 -0.492386 -2.97074 0.259345 2.52983 0.554358 0.274195 
0.960982 -2.32189 -0.998012 -1.37743 2.35712 -1.25616 0.901632 -2.1799 -2.43947 -1.04064 2.56684 0.799391 -1.92442 0.92371 0.857455 -0.254363 3.02949 2.44269 2.14422 0.0424546 -0.462506 -3.19476 2.42267 2.97861 -0.49481 -2.96 0.243612 2.52529 0.556715 0.28748 
0.932411 -2.30756 -1.04195 -1.37998 2.34716 -1.27158 0.912475 -2.16951 -2.43309 -1.05128 2.55277 0.792525 -1.95445 0.90207 0.844534 -0.219255 3.01155 2.41195 2.13869 0.0257283 -0.422674 -3.21797 2.43227 2.97516 -0.524593 -2.95131 0.235164 2.50964 0.550609 0.307903 
0.928931 -2.30978 -1.04306 -1.36266 2.3376 -1.28524 0.894964 -2.18215 -2.43426 -1.04624 2.5678 0.794737 -1.94216 0.897191 0.810733 -0.203907 3.00373 2.42122 2.12628 -0.00473708 -0.413572 -3.23798 2.45465 2.96647 -0.528912 -2.96176 0.232257 2.50786 0.568241 0.34145 
0.922623 -2.31904 -1.02513 -1.35291 2.31415 -1.28448 0.88597 -2.19393 -2.45082 -1.04936 2.59798 0.771142 -1.92683 0.894367 0.797345 -0.220739 2.98808 2.43029 2.10532 -0.0377256 -0.441701 -3.24732 2.46501 2.97344 -0.512511 -2.94635 0.238823 2.50203 0.59951 0.3621 
0.923851 -2.33178 -0.986307 -1.34267 2.27331 -1.28521 0.864994 -2.222 -2.50281 -1.07026 2.67385 0.729789 -1.92586 0.884394 0.77094 -0.252083 2.96174 2.44475 2.08979 -0.0855054 -0.483879 -3.24696 2.46638 2.97789 -0.504388 -2.95613 0.281592 2.51881 0.67512 0.377475 
0.939279 -2.34349 -0.916452 -1.3188 2.25548 -1.28182 0.885218 -2.2576 -2.51843 -1.0742 2.71747 0.713645 -1.89271 0.888071 0.755005 -0.256311 2.94148 2.44999 2.06918 -0.11306 -0.530175 -3.24677 2.45623 2.98853 -0.52401 -2.9922 0.33549 2.54365 0.709167 0.377321 
0.950391 -2.36656 -0.837337 -1.29887 2.24193 -1.28103 0.889053 -2.28439 -2.53917 -1.08627 2.75435 0.687302 -1.8453 0.878009 0.752989 -0.270827 2.92782 2.46465 2.04416 -0.130549 -0.586042 -3.24052 2.45363 3.00529 -0.542589 -3.00606 0.395912 2.55337 0.745063 0.383604 
0.942825 -2.37895 -0.796155 -1.30513 2.23199 -1.29788 0.843552 -2.31723 -2.55981 -1.07306 2.77758 0.691691 -1.80469 0.852346 0.741254 -0.275304 2.91653 2.48163 2.03644 -0.15017 -0.601624 -3.23782 2.46117 3.0085 -0.576781 -3.02604 0.45878 2.55691 0.76761 0.389938 
0.942468 -2.38039 -0.756285 -1.28717 2.23547 -1.28998 0.818825 -2.34094 -2.57093 -1.05593 2.79898 0.708718 -1.76407 0.846772 0.737419 -0.258555 2.88893 2.48548 2.05045 -0.158096 -0.608523 -3.22388 2.48385 3.02109 -0.604053 -3.03442 0.513967 2.54438 0.775224 0.388977 
0.95548 -2.36259 -0.699146 -1.25955 2.25708 -1.27483 0.819569 -2.3385 -2.58655 -1.02854 2.83344 0.708023 -1.72279 0.818193 0.721854 -0.229354 2.84655 2.49347 2.05595 -0.1705 -0.62669 -3.21541 2.51352 3.03665 -0.633153 -3.04209 0.588505 2.53406 0.78681 0.385205 
1.00621 -2.34083 -0.663624 -1.25075 2.31824 -1.25977 0.815921 -2.29341 -2.5768 -0.970145 2.85993 0.741867 -1.67442 0.769241 0.681639 -0.166119 2.77977 2.49203 2.09329 -0.179098 -0.609206 -3.19723 2.57268 3.05236 -0.676341 -3.02007 0.672386 2.51893 0.782212 0.363206 
1.02086 -2.33174 -0.644673 -1.24601 2.35986 -1.25243 0.789692 -2.23805 -2.56662 -0.932113 2.88214 0.745317 -1.64129 0.74439 0.658297 -0.143163 2.72324 2.50463 2.12437 -0.182572 -0.614213 -3.19302 2.60015 3.06844 -0.696465 -2.99512 0.721348 2.49677 0.775088 0.375776 
1.00648 -2.30753 -0.663859 -1.25972 2.3875 -1.23719 0.75825 -2.19649 -2.54377 -0.894114 2.87725 0.733183 -1.62314 0.754313 0.662557 -0.161792 2.68318 2.532 2.13374 -0.182505 -0.625634 -3.21851 2.58461 3.06476 -0.682605 -2.9672 0.723518 2.47815 0.753915 0.428697 
0.981136 -2.2476 -0.728849 -1.30021 2.41826 -1.22861 0.703582 -2.19065 -2.51011 -0.873669 2.87787 0.696423 -1.59733 0.745749 0.67308 -0.19907 2.65703 2.56299 2.11955 -0.177292 -0.617288 -3.23282 2.59356 3.04369 -0.694065 -2.91602 0.720227 2.47076 0.718457 0.471183 
0.936983 -2.19119 -0.795205 -1.32369 2.43917 -1.22662 0.671892 -2.19627 -2.47924 -0.83572 2.88047 0.659477 -1.57963 0.72886 0.704444 -0.218698 2.63426 2.59911 2.10624 -0.158526 -0.62539 -3.25532 2.60042 3.01162 -0.681681 -2.87942 0.708772 2.51358 0.680351 0.533461 
0.893874 -2.14211 -0.848602 -1.3456 2.46898 -1.22481 0.670587 -2.20208 -2.45495 -0.803876 2.88858 0.637736 -1.54331 0.703053 0.737798 -0.226003 2.61828 2.61891 2.09191 -0.136777 -0.639125 -3.26627 2.60192 2.97675 -0.679773 -2.85148 0.701076 2.56033 0.64685 0.614388 
