Mean 0 Mean 1 Mean 2 Mean 3 Mean 4 Mean 5 Mean 6 Mean 7 Mean 8 Mean 9 Mean 10 Mean 11 Mean 12 Mean 13 Mean 14 Mean 15 Mean 16 Mean 17 Mean 18 Mean 19 Mean 20 Mean 21 Mean 22 Mean 23 Mean 24 Mean 25 Mean 26 Mean 27 Mean 28 Mean 29 
-1.03617 -2.30727 -2.58701 -1.24752 2.52299 -1.31317 0.872068 1.14008 -1.36699 -0.798097 2.62077 1.23246 0.872779 -1.10752 -1.23721 -0.909864 -0.232988 2.37658 2.81869 -0.586185 -0.381729 0.149866 2.66667 2.74173 2.23761 -2.47878 -2.66699 -2.60737 2.43067 -0.60248 
-1.02418 -2.30707 -2.58193 -1.23611 2.53419 -1.2887 0.879265 1.12086 -1.37536 -0.817326 2.61623 1.22528 0.873199 -1.09433 -1.22948 -0.917608 -0.232995 2.373 2.82001 -0.584433 -0.398314 0.152891 2.67222 2.74021 2.2534 -2.4692 -2.67 -2.61629 2.42697 -0.608269 
-1.02172 -2.30853 -2.57901 -1.23795 2.5363 -1.2682 0.883065 1.11383 -1.38114 -0.819119 2.6189 1.21699 0.880998 -1.08073 -1.22793 -0.913116 -0.243026 2.37136 2.8184 -0.592385 -0.409843 0.15108 2.67768 2.73046 2.26526 -2.45596 -2.6679 -2.6172 2.426 -0.609724 
-1.01868 -2.31215 -2.57038 -1.24072 2.52454 -1.25764 0.882349 1.10592 -1.39235 -0.819822 2.62431 1.21188 0.890201 -1.07176 -1.22476 -0.908587 -0.245417 2.37086 2.81257 -0.597855 -0.4111 0.149036 2.68744 2.73418 2.26872 -2.45067 -2.67359 -2.61202 2.43011 -0.61055 
-1.01895 -2.31494 -2.56357 -1.24178 2.52507 -1.24426 0.885211 1.10527 -1.39216 -0.817805 2.62962 1.20866 0.893021 -1.06047 -1.22333 -0.901573 -0.260977 2.37504 2.799 -0.608338 -0.411869 0.142305 2.69165 2.73705 2.26689 -2.4445 -2.66951 -2.61277 2.4404 -0.609156 
-1.0129 -2.30626 -2.55461 -1.24772 2.52013 -1.23439 0.891048 1.09626 -1.39561 -0.820381 2.63868 1.19812 0.891853 -1.05474 -1.22562 -0.895 -0.262143 2.37227 2.78979 -0.618028 -0.414306 0.151798 2.69527 2.73982 2.27136 -2.44171 -2.67585 -2.60858 2.44897 -0.614081 
-1.01928 -2.31174 -2.55226 -1.24941 2.49831 -1.24344 0.88821 1.09576 -1.40745 -0.828935 2.63804 1.19427 0.892679 -1.04729 -1.23912 -0.897264 -0.251665 2.3671 2.78441 -0.617809 -0.415335 0.143895 2.69314 2.75241 2.26304 -2.45293 -2.6697 -2.60583 2.45967 -0.607981 
-1.01153 -2.31318 -2.54809 -1.24944 2.49177 -1.23645 0.884218 1.08475 -1.41507 -0.832526 2.63962 1.20063 0.893176 -1.04524 -1.24825 -0.901658 -0.259593 2.36758 2.78097 -0.630875 -0.424895 0.142684 2.69185 2.75674 2.27073 -2.45341 -2.67091 -2.61435 2.46398 -0.615691 
-1.00438 -2.31181 -2.53877 -1.24303 2.49704 -1.21698 0.88131 1.06825 -1.42839 -0.825448 2.64013 1.20513 0.889853 -1.03476 -1.25437 -0.898638 -0.278372 2.37033 2.77378 -0.645705 -0.437082 0.147424 2.69337 2.75045 2.28837 -2.45369 -2.66268 -2.62421 2.4749 -0.628318 
-0.996805 -2.30144 -2.53069 -1.24167 2.49463 -1.20063 0.885623 1.0601 -1.43794 -0.820215 2.63434 1.21072 0.888339 -1.0418 -1.26572 -0.901123 -0.287216 2.36858 2.76113 -0.650234 -0.448596 0.153456 2.69478 2.75534 2.28906 -2.45543 -2.66304 -2.64108 2.48882 -0.6555 
-1.00631 -2.2861 -2.53809 -1.26358 2.49547 -1.21299 0.89224 1.06111 -1.42582 -0.77503 2.63598 1.20495 0.893921 -1.04186 -1.25156 -0.907199 -0.281948 2.37299 2.71635 -0.666482 -0.434433 0.129592 2.68334 2.75447 2.30208 -2.46138 -2.65624 -2.6277 2.48518 -0.693142 
-1.01369 -2.28129 -2.53506 -1.28026 2.49284 -1.20887 0.887733 1.0575 -1.43225 -0.757336 2.62229 1.21112 0.894332 -1.03668 -1.25782 -0.903707 -0.274295 2.37774 2.70373 -0.663165 -0.43602 0.116475 2.675 2.75525 2.29776 -2.46571 -2.6547 -2.62401 2.50037 -0.699501 
-1.04233 -2.28579 -2.54738 -1.30246 2.48957 -1.22049 0.879927 1.07998 -1.44442 -0.712054 2.6122 1.19817 0.902718 -1.0321 -1.27948 -0.89844 -0.27682 2.38094 2.6626 -0.665547 -0.417901 0.10883 2.67983 2.75017 2.29801 -2.48033 -2.65497 -2.62241 2.52624 -0.697508 
-1.06488 -2.27606 -2.54867 -1.31624 2.48495 -1.24136 0.876027 1.07986 -1.43626 -0.684245 2.60557 1.18985 0.903359 -1.02065 -1.26605 -0.899592 -0.263931 2.39055 2.61876 -0.6874 -0.412392 0.0918114 2.67335 2.74576 2.29579 -2.48017 -2.65433 -2.61361 2.53109 -0.716555 
-1.07276 -2.27413 -2.5458 -1.31628 2.47205 -1.24916 0.853966 1.06254 -1.43221 -0.676974 2.60437 1.18574 0.900367 -1.01669 -1.27567 -0.896258 -0.254295 2.39117 2.61065 -0.681669 -0.415822 0.0852252 2.67203 2.73504 2.28689 -2.48301 -2.65462 -2.61224 2.55759 -0.716413 
-1.0853 -2.27127 -2.54758 -1.31825 2.46049 -1.25453 0.834956 1.05166 -1.43246 -0.66975 2.59668 1.18116 0.888484 -1.00726 -1.2866 -0.904251 -0.232807 2.40893 2.60492 -0.676197 -0.424122 0.0808037 2.68052 2.72301 2.27744 -2.49895 -2.66614 -2.61461 2.58451 -0.718071 
-1.10044 -2.27949 -2.55705 -1.30509 2.44964 -1.27881 0.814933 1.03802 -1.43943 -0.659175 2.6139 1.15737 0.87432 -1.015 -1.2943 -0.89765 -0.246992 2.4262 2.57852 -0.664247 -0.414618 0.06472 2.68428 2.70278 2.27577 -2.51108 -2.66786 -2.60485 2.60709 -0.694915 
-1.11624 -2.29411 -2.55969 -1.28807 2.43758 -1.30165 0.782842 1.03625 -1.45737 -0.653328 2.64263 1.11525 0.853897 -1.03009 -1.30975 -0.902177 -0.249211 2.45235 2.55928 -0.661295 -0.403942 0.0468943 2.68317 2.68033 2.27345 -2.54459 -2.66407 -2.58992 2.64075 -0.669396 
-1.13191 -2.3008 -2.57158 -1.26912 2.4242 -1.32616 0.757381 1.03291 -1.45981 -0.655576 2.65278 1.08714 0.842201 -1.043 -1.33002 -0.898983 -0.24501 2.47211 2.54088 -0.653353 -0.396925 0.0329773 2.68962 2.67367 2.25054 -2.56782 -2.67009 -2.58141 2.66901 -0.65572 
-1.13892 -2.31432 -2.57263 -1.26417 2.41005 -1.34761 0.727058 1.03145 -1.46563 -0.657702 2.68179 1.05603 0.837809 -1.04563 -1.34462 -0.909331 -0.248902 2.48811 2.52056 -0.646861 -0.410532 0.025851 2.6937 2.67051 2.24257 -2.58883 -2.66874 -2.58258 2.70781 -0.640105 
-1.14967 -2.32259 -2.57903 -1.25712 2.40483 -1.37786 0.710266 1.03933 -1.47377 -0.650353 2.72028 1.02294 0.829804 -1.05952 -1.36264 -0.913969 -0.254895 2.49795 2.50121 -0.645513 -0.40559 0.0199261 2.69775 2.65401 2.2365 -2.61295 -2.67224 -2.57876 2.73506 -0.615799 
-1.15815 -2.32164 -2.5785 -1.25622 2.40605 -1.40618 0.69276 1.02468 -1.47369 -0.646904 2.75015 0.994222 0.814135 -1.05764 -1.37397 -0.911842 -0.26036 2.51982 2.50307 -0.625256 -0.407722 0.0168149 2.69594 2.64888 2.24496 -2.62162 -2.67735 -2.58278 2.74274 -0.592773 
-1.16862 -2.33518 -2.58593 -1.25331 2.40706 -1.45232 0.678537 1.02436 -1.47853 -0.6284 2.77429 0.977568 0.807011 -1.06102 -1.39061 -0.903551 -0.286872 2.53467 2.47933 -0.605448 -0.399188 0.0104219 2.68927 2.64837 2.24227 -2.63842 -2.6802 -2.58703 2.75918 -0.586608 
-1.17126 -2.34236 -2.60715 -1.2497 2.42757 -1.51521 0.667781 1.00059 -1.4807 -0.599227 2.81717 0.95915 0.79708 -1.07054 -1.38487 -0.893889 -0.314275 2.54992 2.44538 -0.566087 -0.401193 0.027744 2.67121 2.62847 2.25551 -2.65488 -2.68109 -2.57397 2.76368 -0.60315 
-1.1677 -2.37324 -2.62767 -1.25554 2.41134 -1.56344 0.659943 0.965613 -1.50469 -0.564475 2.8949 0.978651 0.807148 -1.08683 -1.35643 -0.878224 -0.358607 2.56731 2.40274 -0.508862 -0.370452 0.040058 2.65814 2.58223 2.28333 -2.69209 -2.716 -2.5681 2.73874 -0.648145 
-1.15828 -2.40064 -2.64345 -1.26384 2.39552 -1.59582 0.656262 0.939063 -1.54337 -0.529712 2.96728 1.00778 0.825113 -1.09915 -1.32314 -0.862296 -0.404908 2.58372 2.36043 -0.458169 -0.329488 0.0612807 2.64014 2.54414 2.30278 -2.7416 -2.75229 -2.56686 2.7115 -0.679718 
-1.15774 -2.41049 -2.66083 -1.2751 2.37707 -1.61098 0.664822 0.900458 -1.5884 -0.510625 3.00899 1.03169 0.841036 -1.10302 -1.29437 -0.838191 -0.432722 2.59516 2.33246 -0.422835 -0.291877 0.0647084 2.62394 2.50931 2.30091 -2.7837 -2.78234 -2.56499 2.67646 -0.669112 
-1.1607 -2.3961 -2.66975 -1.25938 2.39465 -1.62902 0.666582 0.8853 -1.58267 -0.506454 2.98697 1.01805 0.841754 -1.12801 -1.32167 -0.835208 -0.44118 2.61233 2.33301 -0.404295 -0.302869 0.0566932 2.61384 2.51076 2.28927 -2.76383 -2.78079 -2.55251 2.69059 -0.655753 
-1.14514 -2.40249 -2.66909 -1.24047 2.39988 -1.65768 0.649387 0.889138 -1.55594 -0.485444 2.97116 1.01776 0.865229 -1.14494 -1.35839 -0.836533 -0.472289 2.62799 2.32452 -0.404977 -0.31858 0.0319556 2.60796 2.51323 2.27326 -2.75965 -2.75123 -2.54505 2.70002 -0.629958 
-1.13735 -2.38499 -2.65392 -1.22733 2.40415 -1.6707 0.640854 0.883686 -1.51746 -0.454054 2.95946 1.02516 0.89205 -1.15868 -1.39769 -0.837499 -0.486529 2.63901 2.30959 -0.409196 -0.323486 0.00328773 2.6094 2.52324 2.24326 -2.76772 -2.7193 -2.52081 2.69939 -0.610399 
-1.11917 -2.36068 -2.64218 -1.20865 2.42168 -1.68911 0.629649 0.863027 -1.49175 -0.426471 2.94324 1.02598 0.918174 -1.16364 -1.42629 -0.826209 -0.495891 2.65584 2.285 -0.412171 -0.331291 -0.008026 2.60741 2.51884 2.15414 -2.76074 -2.67073 -2.49438 2.69724 -0.604618 
-1.10569 -2.33093 -2.63688 -1.21059 2.44657 -1.7099 0.611767 0.84518 -1.47613 -0.40532 2.92143 1.02653 0.917422 -1.17587 -1.44262 -0.828819 -0.489534 2.66266 2.24857 -0.405319 -0.354891 -0.0220234 2.59557 2.51418 2.07498 -2.75813 -2.63249 -2.45873 2.69677 -0.608094 
-1.09615 -2.2998 -2.64839 -1.22698 2.4703 -1.70343 0.59834 0.842609 -1.4606 -0.38824 2.89924 1.04008 0.901242 -1.18263 -1.43137 -0.835705 -0.481558 2.65376 2.2279 -0.406421 -0.378604 -0.0439527 2.57099 2.52139 2.02597 -2.76144 -2.61291 -2.43689 2.69483 -0.597653 
-1.10271 -2.24706 -2.66253 -1.243 2.48288 -1.67767 0.622686 0.815191 -1.46975 -0.398731 2.87575 1.07115 0.887122 -1.17776 -1.4202 -0.86067 -0.490091 2.60731 2.16482 -0.455232 -0.405856 -0.0559113 2.54238 2.51937 1.9688 -2.71913 -2.6233 -2.41621 2.71061 -0.594627 
-1.11025 -2.21263 -2.68041 -1.25393 2.49193 -1.66643 0.625318 0.789121 -1.48715 -0.395025 2.85208 1.0912 0.88992 -1.18424 -1.41388 -0.868596 -0.499655 2.58241 2.12005 -0.498984 -0.44926 -0.0650428 2.51928 2.52002 1.92772 -2.67595 -2.61689 -2.39588 2.72161 -0.578435 
-1.10638 -2.1644 -2.69656 -1.25283 2.50709 -1.67467 0.644471 0.76758 -1.50177 -0.392028 2.8318 1.10548 0.890583 -1.20141 -1.42069 -0.86392 -0.516347 2.56159 2.07559 -0.531471 -0.49039 -0.0650716 2.49723 2.51652 1.88565 -2.61801 -2.61899 -2.36386 2.72351 -0.54657 
-1.1108 -2.07582 -2.68289 -1.26321 2.51005 -1.67835 0.711788 0.754606 -1.51517 -0.423823 2.82199 1.14069 0.893836 -1.19862 -1.42125 -0.886816 -0.544537 2.5096 1.98393 -0.607266 -0.522258 -0.0672006 2.46329 2.51548 1.80823 -2.51437 -2.65874 -2.33785 2.75358 -0.496958 
-1.1158 -1.99359 -2.66627 -1.27952 2.51475 -1.68831 0.764923 0.747666 -1.5353 -0.444675 2.82343 1.16719 0.881916 -1.20073 -1.41981 -0.904026 -0.562587 2.46682 1.88281 -0.669509 -0.529548 -0.071206 2.44052 2.52235 1.73952 -2.43138 -2.68023 -2.32199 2.76808 -0.454858 
-1.13237 -1.88866 -2.65885 -1.30283 2.52357 -1.71402 0.824673 0.725079 -1.56061 -0.460408 2.84523 1.19905 0.867615 -1.19371 -1.41399 -0.935066 -0.590862 2.41397 1.77073 -0.739674 -0.544549 -0.0797199 2.39992 2.53551 1.67274 -2.3548 -2.70266 -2.30222 2.80685 -0.404392 
-1.13665 -1.85485 -2.65024 -1.31466 2.54248 -1.77788 0.825188 0.724246 -1.57467 -0.452298 2.87126 1.18125 0.815777 -1.20964 -1.41178 -0.982579 -0.614689 2.40445 1.65294 -0.766407 -0.581336 -0.0986903 2.34976 2.54937 1.62818 -2.31244 -2.67875 -2.28153 2.83714 -0.362151 
