Mean 0 Mean 1 Mean 2 Mean 3 Mean 4 Mean 5 Mean 6 Mean 7 Mean 8 Mean 9 Mean 10 Mean 11 Mean 12 Mean 13 Mean 14 Mean 15 Mean 16 Mean 17 Mean 18 Mean 19 Mean 20 Mean 21 Mean 22 Mean 23 Mean 24 Mean 25 Mean 26 Mean 27 Mean 28 Mean 29 
-1.99509 -1.82333 -1.4961 1.16319 1.56336 -1.53204 0.920794 -1.68952 -1.19048 -2.25103 2.34174 1.32313 -1.2348 0.894248 -2.55538 1.0629 -0.0110769 0.520033 -2.99251 0.0977864 2.46132 0.634399 1.97425 -0.524159 2.70462 -1.14821 -2.8193 2.45519 0.366234 -0.212552 
-2.00151 -1.82084 -1.50364 1.16236 1.56457 -1.52628 0.921505 -1.68917 -1.18549 -2.25695 2.34132 1.31494 -1.2211 0.892711 -2.54629 1.06891 -0.0128274 0.517567 -2.9926 0.0926712 2.46201 0.630146 1.97047 -0.530256 2.85442 -1.14273 -2.82321 2.46105 0.37106 -0.205834 
-1.99514 -1.82007 -1.51567 1.14176 1.55317 -1.53086 0.913958 -1.68245 -1.19565 -2.25806 2.33706 1.31456 -1.21474 0.89731 -2.52824 1.07214 -0.0122091 0.522552 -2.98047 0.089171 2.47594 0.622441 1.96965 -0.543986 2.89793 -1.13036 -2.81696 2.48383 0.366953 -0.195191 
-2.00555 -1.81613 -1.52603 1.132 1.5396 -1.52455 0.922118 -1.68797 -1.19889 -2.24604 2.3381 1.31245 -1.20545 0.909141 -2.52551 1.06412 -0.0100566 0.515269 -2.9869 0.0802485 2.46295 0.622032 1.96252 -0.542934 2.91544 -1.13203 -2.8131 2.48629 0.378022 -0.201141 
-2.00306 -1.80824 -1.53105 1.12418 1.52407 -1.51404 0.930704 -1.70205 -1.20151 -2.23717 2.33934 1.30641 -1.20742 0.918828 -2.52666 1.05926 -0.00657205 0.511267 -2.97962 0.0703119 2.45023 0.625554 1.95458 -0.536918 2.92575 -1.12488 -2.7979 2.48932 0.38415 -0.20346 
-1.98823 -1.79916 -1.53399 1.11246 1.519 -1.5077 0.932293 -1.71136 -1.2042 -2.23933 2.34441 1.29178 -1.21265 0.926544 -2.53151 1.05708 -0.00348162 0.511659 -2.97299 0.0621424 2.44061 0.622899 1.94581 -0.531444 2.93326 -1.12443 -2.78506 2.48726 0.385884 -0.205818 
-1.988 -1.781 -1.53315 1.09688 1.50688 -1.4994 0.931083 -1.737 -1.21166 -2.24368 2.3508 1.27595 -1.20617 0.936242 -2.54288 1.05441 -0.0111826 0.523468 -2.96481 0.0771548 2.4367 0.619455 1.92023 -0.508633 2.94273 -1.13238 -2.76756 2.45201 0.385985 -0.189278 
-1.99632 -1.76601 -1.52515 1.08591 1.5144 -1.50241 0.929287 -1.75609 -1.22603 -2.24707 2.34666 1.26657 -1.20696 0.944111 -2.55577 1.05143 -0.0166569 0.537744 -2.96491 0.0987925 2.42952 0.611265 1.9047 -0.482094 2.94635 -1.14133 -2.76895 2.41472 0.390676 -0.184915 
-1.99959 -1.75503 -1.51877 1.07118 1.51255 -1.50357 0.924541 -1.77023 -1.23917 -2.25304 2.33687 1.26736 -1.2073 0.949123 -2.55576 1.05349 -0.0253437 0.548296 -2.97479 0.107479 2.43485 0.60699 1.89434 -0.476429 2.95716 -1.15739 -2.75917 2.39259 0.399249 -0.175207 
-2.0016 -1.75182 -1.51286 1.05871 1.52847 -1.48219 0.927452 -1.76152 -1.248 -2.25724 2.33042 1.2556 -1.20576 0.95298 -2.57209 1.03622 -0.0203613 0.581249 -3.01624 0.0923264 2.41136 0.599352 1.88401 -0.468968 2.96483 -1.17826 -2.75225 2.34383 0.41585 -0.135551 
-1.9975 -1.7602 -1.51645 1.04952 1.54388 -1.46295 0.926452 -1.75183 -1.24858 -2.25616 2.32986 1.26231 -1.22204 0.966172 -2.57994 1.03006 -0.0151773 0.600086 -3.05936 0.0701014 2.39084 0.60115 1.89167 -0.48377 2.97432 -1.20563 -2.76639 2.31905 0.442665 -0.126359 
-1.99287 -1.77095 -1.51769 1.03626 1.54935 -1.45859 0.919139 -1.74604 -1.25187 -2.24855 2.32244 1.27344 -1.22885 0.982554 -2.59084 1.03883 -0.0172188 0.601436 -3.08858 0.057048 2.38247 0.605115 1.90706 -0.491737 2.9756 -1.21833 -2.7854 2.31527 0.462794 -0.133641 
-1.98659 -1.78387 -1.51913 1.02808 1.55441 -1.45477 0.911793 -1.73214 -1.25621 -2.24063 2.31177 1.2768 -1.24132 0.99601 -2.59937 1.0388 -0.0172306 0.607207 -3.1207 0.0370056 2.37271 0.607033 1.9224 -0.495648 2.98147 -1.23 -2.80126 2.30573 0.483042 -0.133596 
-1.99247 -1.7922 -1.52251 1.02771 1.55242 -1.46451 0.907276 -1.7298 -1.25704 -2.221 2.30142 1.27867 -1.25117 1.00414 -2.5972 1.04109 -0.0209217 0.60618 -3.14761 0.0202501 2.37248 0.60303 1.92773 -0.492496 2.98254 -1.22917 -2.80819 2.3068 0.493767 -0.150317 
-2.00993 -1.79618 -1.52168 1.02026 1.54645 -1.47737 0.899594 -1.74618 -1.25502 -2.20319 2.29985 1.29289 -1.24902 1.00849 -2.58063 1.04345 -0.023851 0.594118 -3.16955 0.00776686 2.37278 0.601937 1.93037 -0.483687 2.97562 -1.22103 -2.82163 2.32265 0.494546 -0.17951 
-2.0161 -1.81035 -1.51585 1.0196 1.54429 -1.48785 0.884301 -1.75307 -1.24972 -2.19076 2.29623 1.28943 -1.24709 1.02065 -2.58564 1.04277 -0.0301949 0.595191 -3.18877 0.00251629 2.37287 0.594778 1.93285 -0.475129 2.96511 -1.22472 -2.83088 2.32346 0.508888 -0.19368 
-2.03239 -1.82346 -1.50675 1.01645 1.54784 -1.5093 0.864313 -1.77511 -1.23946 -2.17325 2.30356 1.29364 -1.22609 1.03527 -2.59185 1.05732 -0.047953 0.58895 -3.19342 0.00127348 2.38872 0.598711 1.92326 -0.472462 2.95449 -1.21771 -2.8525 2.33865 0.515273 -0.224746 
-2.04025 -1.83557 -1.50902 1.00854 1.53963 -1.53191 0.851348 -1.80521 -1.22982 -2.16292 2.31351 1.29929 -1.20684 1.06226 -2.59774 1.06506 -0.0702901 0.585881 -3.19567 0.00510648 2.40151 0.618893 1.91662 -0.483619 2.94377 -1.21209 -2.85838 2.34455 0.534463 -0.239367 
-2.04225 -1.85512 -1.50387 1.00436 1.55393 -1.55544 0.847624 -1.81165 -1.21229 -2.1443 2.33289 1.29536 -1.1867 1.07686 -2.6069 1.07362 -0.0982736 0.590907 -3.19545 -0.000501095 2.40539 0.642905 1.90742 -0.48648 2.93078 -1.19725 -2.85118 2.33916 0.54929 -0.254014 
-2.04561 -1.85721 -1.52248 1.01314 1.55498 -1.55736 0.824432 -1.80968 -1.20543 -2.14641 2.34429 1.28485 -1.15418 1.0686 -2.59733 1.05063 -0.101326 0.597727 -3.21143 0.0107867 2.41041 0.645132 1.92041 -0.487365 2.93184 -1.1925 -2.85728 2.33794 0.573131 -0.268212 
-2.04456 -1.87606 -1.53922 1.01586 1.55032 -1.59484 0.804346 -1.79633 -1.19352 -2.11912 2.37489 1.26725 -1.12849 1.07061 -2.59832 1.02238 -0.118959 0.605323 -3.22967 0.00834815 2.39557 0.649123 1.92945 -0.494901 2.95704 -1.17983 -2.86025 2.32934 0.604974 -0.281905 
-2.04533 -1.87487 -1.56386 1.02593 1.53608 -1.64746 0.804817 -1.80967 -1.18143 -2.11135 2.40336 1.28551 -1.11577 1.06543 -2.58408 1.0251 -0.138786 0.589776 -3.24548 0.0141669 2.38592 0.650527 1.92871 -0.508634 2.97931 -1.18262 -2.87498 2.33179 0.624793 -0.302449 
-2.04401 -1.87815 -1.58357 1.03327 1.52926 -1.69699 0.800304 -1.81629 -1.15751 -2.1038 2.42126 1.3005 -1.10242 1.05783 -2.56936 1.03073 -0.151936 0.580297 -3.25752 0.0199005 2.36411 0.64251 1.92517 -0.514723 2.99944 -1.17073 -2.88919 2.33218 0.649452 -0.322884 
-2.04204 -1.87734 -1.60314 1.04668 1.52254 -1.74403 0.798165 -1.82384 -1.13661 -2.10031 2.42475 1.32386 -1.09986 1.05794 -2.56351 1.03173 -0.16276 0.573902 -3.26071 0.0177556 2.34995 0.640645 1.92648 -0.526876 3.01478 -1.15448 -2.91444 2.3243 0.658629 -0.329982 
-2.04391 -1.86824 -1.63187 1.05572 1.51184 -1.77746 0.792539 -1.84609 -1.12371 -2.10146 2.43196 1.34087 -1.0978 1.06044 -2.557 1.04538 -0.165078 0.558339 -3.25967 0.0213165 2.33337 0.635309 1.93965 -0.541555 3.02386 -1.14071 -2.92689 2.32307 0.652299 -0.33254 
-2.04465 -1.83558 -1.65968 1.06104 1.50262 -1.7908 0.796775 -1.87122 -1.1247 -2.10376 2.44021 1.35442 -1.09077 1.06323 -2.55993 1.06633 -0.162611 0.540561 -3.24951 0.0126654 2.32281 0.627325 1.95443 -0.556274 3.018 -1.13987 -2.92383 2.33486 0.646945 -0.3043 
-2.04386 -1.80148 -1.6812 1.05768 1.50469 -1.80183 0.792136 -1.91372 -1.11301 -2.09996 2.43811 1.37402 -1.04978 1.06342 -2.55474 1.08717 -0.164329 0.533481 -3.22377 0.0179214 2.3327 0.639946 1.95803 -0.579543 3.00084 -1.1224 -2.91303 2.34106 0.62827 -0.299861 
-2.04941 -1.77636 -1.69832 1.05104 1.51257 -1.81083 0.78808 -1.95779 -1.09953 -2.07875 2.43202 1.37015 -1.01025 1.07167 -2.54733 1.09942 -0.16738 0.548993 -3.20855 0.0310234 2.33933 0.6442 1.95507 -0.596271 2.98835 -1.08591 -2.90896 2.34901 0.609619 -0.282014 
-2.06386 -1.77339 -1.70923 1.05038 1.51759 -1.82161 0.779807 -2.00561 -1.09834 -2.05291 2.44285 1.3512 -0.979274 1.08474 -2.53716 1.10199 -0.171585 0.582306 -3.21044 0.0388926 2.34648 0.639351 1.96304 -0.610121 2.98757 -1.04628 -2.91215 2.38074 0.601047 -0.25375 
-2.06702 -1.79197 -1.7213 1.00776 1.52737 -1.8207 0.752227 -2.01333 -1.10426 -2.05957 2.41501 1.34912 -0.935709 1.10105 -2.52833 1.09816 -0.161993 0.625967 -3.21018 0.0432378 2.36074 0.633505 1.98583 -0.615902 2.97624 -0.999968 -2.92681 2.38924 0.578538 -0.238549 
-2.04506 -1.78392 -1.72528 0.983914 1.54077 -1.83027 0.743137 -2.0206 -1.10979 -2.04686 2.37723 1.33941 -0.907813 1.10648 -2.52856 1.12288 -0.172499 0.639707 -3.19418 0.0625919 2.36268 0.622357 1.97369 -0.640005 2.96694 -0.962682 -2.92342 2.38213 0.542854 -0.203421 
-2.02416 -1.78286 -1.73159 0.987542 1.56643 -1.84731 0.738758 -2.02989 -1.09657 -2.02966 2.36587 1.31098 -0.872996 1.10802 -2.55178 1.12811 -0.18634 0.660829 -3.17753 0.0549713 2.35659 0.620764 1.9631 -0.643443 2.94138 -0.923408 -2.92104 2.3835 0.523666 -0.189537 
-1.99204 -1.7989 -1.73896 0.989961 1.5846 -1.868 0.729532 -2.01911 -1.10125 -1.9969 2.37587 1.29498 -0.843099 1.10671 -2.57776 1.13556 -0.218314 0.678684 -3.16739 0.0416165 2.35363 0.629656 1.94014 -0.645935 2.89481 -0.893678 -2.89092 2.36791 0.502919 -0.15989 
-1.98019 -1.79833 -1.74066 0.991256 1.59584 -1.88323 0.706101 -1.99344 -1.08846 -1.96823 2.399 1.28078 -0.801602 1.09026 -2.59258 1.1263 -0.25262 0.677576 -3.14094 0.0436289 2.34531 0.617895 1.91847 -0.648683 2.84864 -0.853189 -2.87219 2.3606 0.490672 -0.122323 
-1.95809 -1.78969 -1.74352 0.997067 1.58139 -1.87256 0.694733 -1.999 -1.09886 -1.97304 2.39002 1.27646 -0.754593 1.0656 -2.59544 1.11919 -0.256376 0.680189 -3.13413 0.0583234 2.35557 0.61112 1.93297 -0.645852 2.82042 -0.833283 -2.85359 2.36894 0.47923 -0.102912 
-1.91881 -1.74828 -1.74088 1.02981 1.55523 -1.85093 0.684652 -2.01077 -1.08715 -1.97353 2.37742 1.28192 -0.702794 1.05056 -2.58916 1.12625 -0.256007 0.671352 -3.13475 0.0681589 2.3921 0.613529 1.97461 -0.658341 2.78804 -0.817459 -2.8165 2.40197 0.451409 -0.121557 
-1.90801 -1.70102 -1.75648 1.11121 1.51616 -1.832 0.690726 -1.98907 -1.05754 -1.9683 2.36097 1.26726 -0.649514 1.02036 -2.62392 1.113 -0.284495 0.622066 -3.17385 0.0845966 2.42289 0.604219 2.0145 -0.632621 2.79125 -0.820071 -2.81608 2.4372 0.429524 -0.119548 
-1.91442 -1.64745 -1.76685 1.21566 1.47653 -1.76958 0.688688 -1.97643 -1.02732 -1.94471 2.29086 1.27167 -0.624215 0.98124 -2.66266 1.1301 -0.309797 0.57509 -3.22349 0.0819651 2.46793 0.557435 2.04405 -0.617728 2.81548 -0.817003 -2.79211 2.47398 0.417937 -0.115118 
-1.90818 -1.58194 -1.79837 1.32976 1.43675 -1.66178 0.699472 -1.96258 -0.959046 -1.94805 2.23364 1.31366 -0.600072 0.943337 -2.69468 1.13289 -0.332574 0.504047 -3.30226 0.098778 2.51654 0.531351 2.08114 -0.566932 2.83427 -0.806974 -2.76016 2.50486 0.390547 -0.127775 
-1.88706 -1.52616 -1.81448 1.38397 1.42016 -1.56643 0.718032 -1.95651 -0.939384 -1.95201 2.22986 1.39285 -0.589785 0.911123 -2.69115 1.12629 -0.335256 0.455311 -3.41273 0.0970469 2.53802 0.524809 2.12725 -0.510554 2.81892 -0.806194 -2.71978 2.50571 0.386345 -0.173698 
