Mean 0 Mean 1 Mean 2 Mean 3 Mean 4 Mean 5 Mean 6 Mean 7 Mean 8 Mean 9 Mean 10 Mean 11 Mean 12 Mean 13 Mean 14 Mean 15 Mean 16 Mean 17 Mean 18 Mean 19 Mean 20 Mean 21 Mean 22 Mean 23 Mean 24 Mean 25 Mean 26 Mean 27 Mean 28 Mean 29 
-2.11731 0.998778 -1.37424 -0.987605 2.42808 -1.86745 1.12163 0.806511 -1.55736 -2.01537 2.56895 2.55923 -1.49408 -1.3922 1.151 2.50361 -0.308804 -0.572566 2.6738 -0.907625 0.702087 -0.157149 -2.4746 -0.279368 1.65463 0.168842 0.15352 0.470423 2.95335 2.77278 
-2.12204 1.00056 -1.38346 -0.992043 2.4343 -1.87218 1.11879 0.808245 -1.56693 -2.00622 2.57231 2.55605 -1.49003 -1.38125 1.14659 2.50402 -0.302432 -0.566612 2.67584 -0.912868 0.69747 -0.147 -2.46773 -0.280151 1.64921 0.162087 0.165638 0.468099 2.95528 2.76761 
-2.12454 0.999468 -1.38409 -0.996221 2.43549 -1.88018 1.11188 0.808314 -1.56497 -1.99861 2.57365 2.55443 -1.48947 -1.38376 1.14939 2.49793 -0.300027 -0.575336 2.67206 -0.915772 0.696101 -0.140194 -2.46248 -0.277394 1.65157 0.163813 0.166309 0.47167 2.95126 2.75433 
-2.12485 1.00014 -1.38831 -0.998575 2.44243 -1.88098 1.10682 0.813245 -1.56633 -1.99504 2.58061 2.54143 -1.48738 -1.3795 1.15318 2.49536 -0.306724 -0.570274 2.66548 -0.918615 0.686428 -0.134693 -2.45726 -0.272918 1.64868 0.159227 0.175631 0.469313 2.95817 2.73977 
-2.12269 0.995444 -1.37668 -0.989747 2.43281 -1.87418 1.09363 0.816105 -1.56112 -2.00896 2.57879 2.52126 -1.48336 -1.38307 1.16238 2.50783 -0.32619 -0.56651 2.65902 -0.910798 0.676408 -0.149223 -2.47201 -0.250979 1.65173 0.170947 0.148969 0.475582 2.95847 2.73067 
-2.12287 0.999282 -1.36463 -0.984355 2.43383 -1.86464 1.08112 0.823536 -1.56348 -2.01635 2.57068 2.49693 -1.48972 -1.39203 1.16996 2.52219 -0.34314 -0.564762 2.64915 -0.906107 0.6672 -0.168782 -2.48736 -0.23158 1.64573 0.179981 0.123862 0.475932 2.96028 2.7107 
-2.12663 0.996627 -1.35843 -0.989131 2.42446 -1.86341 1.07 0.831099 -1.57274 -2.02426 2.56525 2.47607 -1.49379 -1.38954 1.16892 2.53907 -0.352187 -0.567602 2.63514 -0.910062 0.662686 -0.180672 -2.48595 -0.221143 1.64427 0.179886 0.115223 0.47907 2.96718 2.71012 
-2.12897 0.992585 -1.35741 -1.00222 2.41658 -1.86171 1.04479 0.833404 -1.59063 -2.03545 2.56276 2.4598 -1.49748 -1.38559 1.17101 2.55389 -0.35699 -0.571074 2.61494 -0.922718 0.653593 -0.187351 -2.48139 -0.215638 1.65304 0.181033 0.118417 0.488772 2.97042 2.71729 
-2.13713 0.981339 -1.34778 -1.02528 2.39785 -1.85643 1.00284 0.839623 -1.6123 -2.0402 2.56784 2.43893 -1.50675 -1.38558 1.1604 2.57083 -0.348736 -0.58349 2.58445 -0.931091 0.641865 -0.179557 -2.48052 -0.222974 1.64676 0.176058 0.122652 0.496441 2.9831 2.73331 
-2.15447 0.977356 -1.34898 -1.02968 2.38033 -1.84469 0.97348 0.831424 -1.63066 -2.04618 2.55588 2.43187 -1.51047 -1.38928 1.15936 2.58665 -0.351595 -0.583592 2.5677 -0.931828 0.637271 -0.193149 -2.47172 -0.221096 1.64374 0.170647 0.130881 0.503498 2.99707 2.73447 
-2.17082 0.977286 -1.36254 -1.03339 2.36793 -1.84006 0.957648 0.823213 -1.65008 -2.0556 2.54459 2.4251 -1.52301 -1.39799 1.16098 2.60214 -0.352051 -0.582081 2.54364 -0.92751 0.625404 -0.208261 -2.46267 -0.226487 1.63571 0.161513 0.139175 0.511224 3.00598 2.73007 
-2.18929 0.982725 -1.37732 -1.03746 2.36146 -1.83258 0.953861 0.818367 -1.66547 -2.07107 2.52457 2.41756 -1.53671 -1.41487 1.16115 2.61953 -0.342207 -0.586502 2.51942 -0.91605 0.599959 -0.22598 -2.44477 -0.21277 1.61752 0.160089 0.128875 0.511522 3.00529 2.71143 
-2.19347 0.980899 -1.38698 -1.04189 2.35322 -1.83979 0.955298 0.812481 -1.67257 -2.0753 2.50881 2.41389 -1.55578 -1.41865 1.16043 2.63265 -0.330478 -0.582853 2.48802 -0.912091 0.588611 -0.221701 -2.43691 -0.218867 1.60558 0.140549 0.111928 0.501702 3.00912 2.70301 
-2.19208 0.969618 -1.38585 -1.04499 2.34805 -1.84601 0.955733 0.811153 -1.67964 -2.08103 2.48618 2.40534 -1.57654 -1.42624 1.154 2.64863 -0.321484 -0.582619 2.46 -0.915635 0.582239 -0.217377 -2.43408 -0.22698 1.59233 0.118712 0.0994576 0.486958 3.01994 2.7142 
-2.19027 0.956596 -1.38151 -1.03809 2.34572 -1.85944 0.954914 0.821843 -1.68217 -2.07781 2.46451 2.39791 -1.58982 -1.43922 1.13297 2.66482 -0.32383 -0.587373 2.42813 -0.921946 0.591081 -0.211684 -2.43501 -0.236273 1.5896 0.105909 0.0838039 0.472221 3.03531 2.72956 
-2.18051 0.94277 -1.35962 -1.02615 2.34883 -1.86708 0.954358 0.835911 -1.68668 -2.0786 2.43657 2.39023 -1.60983 -1.45245 1.11948 2.68486 -0.342124 -0.583171 2.40132 -0.924623 0.594096 -0.210929 -2.43788 -0.255243 1.59564 0.103499 0.0718282 0.455456 3.05197 2.74656 
-2.18095 0.919913 -1.34483 -1.00491 2.33162 -1.8855 0.929291 0.845797 -1.69202 -2.07956 2.41869 2.3739 -1.623 -1.45283 1.10243 2.68725 -0.357477 -0.569269 2.38495 -0.938715 0.599469 -0.218577 -2.43384 -0.272197 1.59906 0.110673 0.0682099 0.447235 3.08477 2.76454 
-2.19368 0.894678 -1.33563 -1.01113 2.30735 -1.88836 0.910046 0.865038 -1.69961 -2.07486 2.41192 2.3632 -1.63425 -1.45022 1.09508 2.69102 -0.369722 -0.566243 2.36938 -0.934959 0.613973 -0.235525 -2.43445 -0.275052 1.58974 0.109475 0.0844013 0.4395 3.11382 2.78724 
-2.20189 0.871155 -1.34322 -1.00579 2.28064 -1.89626 0.900773 0.883794 -1.69481 -2.05982 2.40411 2.35572 -1.6344 -1.44411 1.09431 2.68631 -0.382979 -0.553964 2.35297 -0.934329 0.628526 -0.257166 -2.42701 -0.273938 1.57962 0.10415 0.100854 0.43088 3.144 2.80847 
-2.21266 0.846884 -1.3451 -1.03402 2.24729 -1.89151 0.880893 0.901989 -1.70773 -2.04142 2.40852 2.34538 -1.6336 -1.43283 1.09968 2.68501 -0.404178 -0.544553 2.34464 -0.914781 0.632743 -0.280459 -2.42864 -0.282504 1.57209 0.102007 0.1389 0.417894 3.16837 2.85104 
-2.23063 0.824567 -1.36114 -1.0324 2.2092 -1.89721 0.871704 0.913777 -1.71807 -2.02773 2.41504 2.3408 -1.63247 -1.43849 1.10032 2.68796 -0.433946 -0.535134 2.32811 -0.879112 0.65723 -0.309779 -2.42411 -0.288013 1.55809 0.0976406 0.161962 0.415812 3.20782 2.87394 
-2.22314 0.812144 -1.37547 -1.03228 2.19924 -1.91298 0.867228 0.90859 -1.71121 -2.00449 2.42657 2.3453 -1.62728 -1.43025 1.10059 2.67644 -0.44706 -0.522886 2.32743 -0.855272 0.665588 -0.311629 -2.4369 -0.301035 1.55492 0.0828561 0.173029 0.396448 3.2305 2.85924 
-2.20505 0.804229 -1.41146 -1.03004 2.20369 -1.93894 0.847819 0.900832 -1.68371 -1.97201 2.43759 2.36396 -1.61252 -1.43594 1.09587 2.66369 -0.467837 -0.520051 2.33444 -0.830657 0.659397 -0.298451 -2.45493 -0.320398 1.56937 0.0672897 0.168426 0.379203 3.24001 2.80411 
-2.18139 0.797994 -1.4507 -1.01811 2.21347 -1.97047 0.82671 0.889652 -1.64548 -1.93679 2.46007 2.37452 -1.58325 -1.44576 1.08973 2.6636 -0.491209 -0.514504 2.33795 -0.819726 0.646031 -0.290051 -2.4746 -0.341843 1.60499 0.0656281 0.168667 0.368153 3.24331 2.7489 
-2.17053 0.774065 -1.44486 -1.01438 2.22205 -1.98063 0.788878 0.852555 -1.62773 -1.91168 2.45769 2.40527 -1.56107 -1.44037 1.05113 2.6769 -0.527352 -0.519172 2.34531 -0.809039 0.652313 -0.288788 -2.50717 -0.35368 1.58827 0.0362159 0.159324 0.371099 3.23993 2.69355 
-2.16351 0.758529 -1.44607 -1.01639 2.23956 -1.99266 0.765548 0.81734 -1.62353 -1.90851 2.45808 2.42468 -1.53243 -1.43231 1.02754 2.70097 -0.537853 -0.517314 2.35195 -0.808037 0.662927 -0.282421 -2.5192 -0.362043 1.56049 -0.00162001 0.144276 0.372225 3.24227 2.66184 
-2.17243 0.736565 -1.44281 -1.02125 2.26241 -2.00883 0.741677 0.778484 -1.63398 -1.92084 2.44864 2.45731 -1.51411 -1.41889 1.01065 2.7265 -0.529141 -0.51905 2.36549 -0.814438 0.66115 -0.280012 -2.51112 -0.374468 1.5255 -0.045512 0.11106 0.38535 3.24001 2.64035 
-2.17169 0.712991 -1.45089 -1.04784 2.29574 -2.04808 0.727907 0.736249 -1.63263 -1.93225 2.45823 2.48028 -1.49258 -1.42328 1.02938 2.74307 -0.494224 -0.519387 2.36188 -0.832433 0.638373 -0.273636 -2.48828 -0.384506 1.49295 -0.0797143 0.0633361 0.402441 3.23065 2.62998 
-2.15793 0.699568 -1.44857 -1.05434 2.32519 -2.07245 0.731839 0.705813 -1.62263 -1.91478 2.48656 2.47976 -1.49025 -1.40917 1.03867 2.75452 -0.490849 -0.497609 2.35913 -0.84861 0.624919 -0.274962 -2.50595 -0.390862 1.47323 -0.0846964 0.0521904 0.417973 3.22269 2.63128 
-2.14602 0.706068 -1.45834 -1.07203 2.3531 -2.07878 0.723312 0.689692 -1.62254 -1.90071 2.49313 2.47467 -1.49629 -1.39625 1.04696 2.76428 -0.482253 -0.475686 2.35126 -0.864442 0.625807 -0.281804 -2.53531 -0.404383 1.45168 -0.0877842 0.0554955 0.417499 3.2128 2.62074 
-2.14577 0.732624 -1.45421 -1.08454 2.37205 -2.07625 0.707801 0.671832 -1.63235 -1.88132 2.49492 2.4803 -1.50361 -1.39218 1.07127 2.76409 -0.468704 -0.465102 2.34558 -0.88149 0.638618 -0.286665 -2.56466 -0.427275 1.42062 -0.0977264 0.0736139 0.427051 3.20017 2.5855 
-2.14977 0.760731 -1.44557 -1.09799 2.37856 -2.0668 0.670951 0.642975 -1.65096 -1.85116 2.46537 2.50032 -1.50296 -1.39812 1.08734 2.75489 -0.467541 -0.46832 2.33165 -0.914814 0.657254 -0.305352 -2.60372 -0.470503 1.39154 -0.107853 0.0827352 0.442069 3.19136 2.52711 
-2.1464 0.806233 -1.46434 -1.13418 2.38453 -2.06146 0.6391 0.615332 -1.66837 -1.82758 2.44208 2.52157 -1.46676 -1.40271 1.11364 2.75391 -0.444304 -0.472242 2.31962 -0.960147 0.675858 -0.308649 -2.61588 -0.510599 1.36284 -0.0724956 0.104133 0.444185 3.16536 2.48889 
-2.15366 0.82088 -1.47208 -1.16553 2.38527 -2.04159 0.610558 0.598218 -1.69227 -1.79921 2.41124 2.54555 -1.44226 -1.39799 1.11375 2.74705 -0.443481 -0.484452 2.3004 -0.991899 0.69037 -0.314374 -2.62389 -0.537097 1.3365 -0.0473835 0.115222 0.4526 3.14566 2.45164 
-2.14263 0.854704 -1.47345 -1.19985 2.39655 -2.01963 0.579873 0.572328 -1.69819 -1.77799 2.39027 2.5527 -1.39195 -1.38883 1.1213 2.7476 -0.449626 -0.479538 2.28897 -1.00366 0.702436 -0.315351 -2.60602 -0.564402 1.32559 -0.00142193 0.135165 0.487789 3.13561 2.42407 
-2.14751 0.887155 -1.46889 -1.21196 2.40096 -1.99165 0.553225 0.5431 -1.71044 -1.75638 2.35499 2.56844 -1.34831 -1.38756 1.10546 2.74006 -0.488012 -0.485435 2.28609 -1.00724 0.702957 -0.302224 -2.58038 -0.599011 1.31131 0.0191721 0.145906 0.52317 3.12505 2.39212 
-2.15228 0.906195 -1.4768 -1.22568 2.40124 -1.95909 0.520664 0.518274 -1.72892 -1.73868 2.32288 2.57166 -1.31771 -1.39703 1.09521 2.73544 -0.553684 -0.500057 2.29521 -1.01367 0.716722 -0.282294 -2.5587 -0.630987 1.30641 0.0431985 0.144576 0.550285 3.09518 2.36597 
-2.17095 0.922553 -1.49891 -1.24201 2.42509 -1.93729 0.501432 0.504352 -1.76777 -1.73585 2.30244 2.57013 -1.29329 -1.41839 1.07325 2.73101 -0.596407 -0.514123 2.29607 -1.02656 0.728257 -0.275098 -2.52884 -0.645101 1.31966 0.0721203 0.12381 0.559259 3.05009 2.37641 
-2.22446 0.935501 -1.53737 -1.25687 2.45842 -1.92174 0.478625 0.487367 -1.83699 -1.7351 2.29993 2.56897 -1.27289 -1.45621 1.04507 2.72271 -0.600044 -0.512622 2.28602 -1.05513 0.741197 -0.268219 -2.4568 -0.653146 1.34334 0.128157 0.100662 0.567571 3.0053 2.36923 
-2.30322 0.951217 -1.57203 -1.27568 2.49964 -1.95217 0.447548 0.463062 -1.91129 -1.70191 2.34326 2.55753 -1.27239 -1.50629 1.02787 2.70348 -0.558354 -0.453649 2.25054 -1.08467 0.738517 -0.267807 -2.39629 -0.661532 1.36776 0.207875 0.098437 0.58118 2.99535 2.34771 
