Mean 0 Mean 1 Mean 2 Mean 3 Mean 4 Mean 5 Mean 6 Mean 7 Mean 8 Mean 9 Mean 10 Mean 11 Mean 12 Mean 13 Mean 14 Mean 15 Mean 16 Mean 17 Mean 18 Mean 19 Mean 20 Mean 21 Mean 22 Mean 23 Mean 24 Mean 25 Mean 26 Mean 27 Mean 28 Mean 29 
-2.19262 -1.1398 -1.23573 -1.57973 2.16508 -2.42185 0.770124 -1.75331 -1.45461 -1.50494 1.59351 1.50524 -2.1077 0.982257 0.883716 -0.681819 -0.487952 0.0365281 2.77598 -2.22377 -0.224194 0.831156 0.0526365 0.0059748 2.96741 -2.73336 -2.89808 2.43602 -2.76643 0.55693 
-2.1866 -1.14558 -1.23665 -1.58669 2.1684 -2.43006 0.772075 -1.75538 -1.45604 -1.51286 1.59594 1.50664 -2.0958 0.977189 0.881613 -0.673235 -0.488392 0.0370898 2.77405 -2.21851 -0.229415 0.834673 0.0523539 0.0166812 2.9702 -2.73219 -2.90282 2.44197 -2.76092 0.565483 
-2.19158 -1.14187 -1.2378 -1.58039 2.16574 -2.41333 0.781404 -1.74773 -1.47011 -1.5176 1.6101 1.49204 -2.09601 0.980064 0.884129 -0.680799 -0.496945 0.0286296 2.77846 -2.22844 -0.228955 0.822848 0.049771 0.0248031 2.95823 -2.72904 -2.8966 2.43966 -2.76292 0.569786 
-2.19398 -1.14313 -1.24023 -1.58075 2.16121 -2.39624 0.791086 -1.74637 -1.47445 -1.5093 1.63333 1.48003 -2.09238 0.979543 0.884982 -0.682918 -0.50199 0.0240706 2.77346 -2.24021 -0.233103 0.825645 0.0610699 0.0256162 2.95008 -2.73533 -2.88968 2.44755 -2.76203 0.561142 
-2.20144 -1.13885 -1.23375 -1.58691 2.15668 -2.38359 0.794675 -1.75052 -1.47797 -1.5064 1.64992 1.47606 -2.08687 0.983735 0.883433 -0.689721 -0.513144 0.0243975 2.77381 -2.25038 -0.230914 0.826555 0.0652613 0.0174522 2.94657 -2.7314 -2.88504 2.44667 -2.75889 0.555742 
-2.2081 -1.13606 -1.23181 -1.5913 2.1541 -2.36893 0.808351 -1.75487 -1.49215 -1.50477 1.68003 1.45623 -2.09176 0.986799 0.887256 -0.701465 -0.526276 0.0218757 2.78593 -2.25631 -0.225422 0.813709 0.0691906 0.0241609 2.94256 -2.7309 -2.87639 2.44687 -2.76776 0.56947 
-2.20409 -1.13711 -1.23276 -1.60031 2.15851 -2.35317 0.815002 -1.76301 -1.50239 -1.4994 1.70967 1.45178 -2.09094 0.992081 0.889992 -0.704309 -0.541171 0.0191954 2.78254 -2.26697 -0.221449 0.819066 0.076862 0.0153302 2.94366 -2.73108 -2.87194 2.45416 -2.76328 0.568507 
-2.21879 -1.12656 -1.21839 -1.61237 2.15345 -2.34283 0.818625 -1.77429 -1.53943 -1.50289 1.73229 1.42859 -2.08159 0.991752 0.881921 -0.699295 -0.554408 0.0221317 2.79219 -2.26185 -0.218847 0.792897 0.0629147 0.0443221 2.92635 -2.73082 -2.83636 2.44072 -2.7603 0.607536 
-2.2336 -1.11476 -1.21121 -1.62621 2.15568 -2.34258 0.826848 -1.78552 -1.58171 -1.50524 1.75224 1.41151 -2.06846 0.983557 0.875089 -0.696556 -0.565981 0.0240801 2.7937 -2.25591 -0.210529 0.761609 0.0478106 0.0667896 2.91209 -2.73084 -2.79143 2.43268 -2.74633 0.647256 
-2.23261 -1.13442 -1.2087 -1.64329 2.12413 -2.3408 0.817131 -1.79288 -1.60443 -1.48274 1.7626 1.42954 -2.05688 0.990572 0.869269 -0.685636 -0.593853 0.0349051 2.78911 -2.24075 -0.203282 0.759679 0.0446342 0.0463154 2.92139 -2.74164 -2.82292 2.4337 -2.73125 0.633049 
-2.24688 -1.14457 -1.19986 -1.63631 2.09979 -2.33128 0.782077 -1.81875 -1.61538 -1.46735 1.76965 1.43985 -2.05123 1.00227 0.865357 -0.671759 -0.611624 0.0434666 2.80391 -2.22693 -0.196277 0.763687 0.0460394 0.0120762 2.92659 -2.74956 -2.83401 2.42558 -2.71489 0.603052 
-2.24788 -1.15807 -1.19072 -1.65057 2.08196 -2.3292 0.782785 -1.82099 -1.63247 -1.45583 1.78494 1.44527 -2.05948 1.0096 0.85299 -0.666067 -0.634383 0.040818 2.78682 -2.21693 -0.201495 0.787211 0.0415478 -0.00497638 2.93518 -2.7608 -2.85018 2.4222 -2.69752 0.583558 
-2.25345 -1.17722 -1.174 -1.66216 2.05665 -2.33395 0.784825 -1.82467 -1.65158 -1.43779 1.79732 1.4402 -2.06862 1.01951 0.84274 -0.662479 -0.653633 0.0394668 2.77503 -2.20123 -0.196152 0.790715 0.0369263 -0.0193591 2.94355 -2.76091 -2.85739 2.42114 -2.68409 0.578658 
-2.24903 -1.19617 -1.17353 -1.67506 2.03461 -2.34732 0.783728 -1.83135 -1.66099 -1.41706 1.80842 1.4259 -2.07232 1.02371 0.827818 -0.656299 -0.666399 0.0338233 2.76065 -2.18164 -0.176319 0.784208 0.0211273 -0.0198429 2.94658 -2.75778 -2.87612 2.41659 -2.66874 0.580535 
-2.24398 -1.19897 -1.17575 -1.67813 2.01659 -2.35905 0.770426 -1.85648 -1.66116 -1.39694 1.79756 1.43367 -2.07293 1.02569 0.82096 -0.656593 -0.658541 0.0224117 2.75416 -2.17755 -0.170216 0.775633 0.0101206 -0.0245287 2.94946 -2.74716 -2.8663 2.42041 -2.64971 0.56696 
-2.24838 -1.22416 -1.1658 -1.69602 1.99363 -2.37199 0.751409 -1.85758 -1.67211 -1.3825 1.80837 1.43585 -2.0728 1.02943 0.813844 -0.63897 -0.678515 0.0170683 2.72336 -2.15496 -0.150856 0.76564 -0.00711852 -0.0481953 2.95796 -2.74873 -2.88174 2.42273 -2.63919 0.560003 
-2.26688 -1.26734 -1.1469 -1.69707 1.95634 -2.39239 0.66532 -1.83373 -1.68485 -1.39663 1.84424 1.38861 -2.08706 1.01601 0.788757 -0.659539 -0.679868 0.0295716 2.69142 -2.16692 -0.152828 0.750273 -0.0255086 -0.0673783 2.98574 -2.75006 -2.85084 2.44179 -2.56516 0.580763 
-2.27369 -1.27606 -1.14154 -1.70634 1.96861 -2.37771 0.646669 -1.81796 -1.70747 -1.39272 1.83298 1.39812 -2.05223 0.993781 0.802543 -0.663889 -0.659663 0.0395449 2.67437 -2.20068 -0.144854 0.767449 -0.0344396 -0.0523148 2.99303 -2.73987 -2.86766 2.44641 -2.54908 0.575608 
-2.26597 -1.31292 -1.10716 -1.69709 2.03189 -2.38762 0.645328 -1.79928 -1.70321 -1.37292 1.84347 1.40493 -2.05887 0.98648 0.774786 -0.612901 -0.687506 0.0561574 2.70489 -2.23671 -0.132208 0.814829 -0.0614076 -0.0298933 2.96852 -2.75039 -2.8523 2.44 -2.54414 0.553916 
-2.26683 -1.31512 -1.11285 -1.69322 2.02513 -2.40502 0.65305 -1.79978 -1.694 -1.37285 1.84219 1.41652 -2.05711 0.983364 0.773528 -0.609524 -0.696536 0.0624944 2.67852 -2.21583 -0.134413 0.799169 -0.0551518 -0.0389003 2.96815 -2.7537 -2.87245 2.44525 -2.53191 0.553511 
-2.24205 -1.29774 -1.12241 -1.67344 2.04443 -2.42321 0.681472 -1.82753 -1.66322 -1.38269 1.82555 1.43749 -2.05532 0.986466 0.758854 -0.582489 -0.698728 0.051295 2.65981 -2.17231 -0.107739 0.780019 -0.0533972 -0.0563823 2.95967 -2.74478 -2.85465 2.45454 -2.53179 0.559688 
-2.26031 -1.27218 -1.12472 -1.6621 2.04187 -2.41939 0.681692 -1.84512 -1.63292 -1.39069 1.84995 1.44636 -2.03436 0.963666 0.74904 -0.57351 -0.691766 0.063661 2.67987 -2.16203 -0.0976743 0.775305 -0.00644187 -0.0557469 2.96342 -2.74771 -2.88225 2.44587 -2.53943 0.580034 
-2.27851 -1.24577 -1.12333 -1.65643 2.03938 -2.41837 0.669989 -1.86444 -1.61817 -1.38759 1.86693 1.45885 -2.02272 0.94219 0.743756 -0.563913 -0.682225 0.0900183 2.69888 -2.1678 -0.081947 0.769499 0.0353931 -0.0601473 2.9602 -2.78515 -2.90452 2.43375 -2.54299 0.602595 
-2.29813 -1.22397 -1.11948 -1.66664 2.05242 -2.42381 0.64317 -1.88363 -1.60041 -1.39234 1.86648 1.46995 -2.01844 0.923418 0.737966 -0.560064 -0.678303 0.0798104 2.68794 -2.1647 -0.081029 0.768192 0.0505569 -0.0588166 2.93636 -2.81618 -2.93256 2.42992 -2.54496 0.595608 
-2.31403 -1.21001 -1.18191 -1.66982 2.03828 -2.42413 0.643592 -1.881 -1.59793 -1.40318 1.85228 1.48093 -2.03866 0.901475 0.756709 -0.525139 -0.678297 0.0452091 2.66663 -2.16997 -0.0497275 0.75607 0.0382529 -0.0663761 2.91148 -2.85031 -2.96119 2.39635 -2.55178 0.586305 
-2.33934 -1.22447 -1.27603 -1.66068 2.06441 -2.41667 0.627849 -1.88874 -1.61606 -1.4207 1.8339 1.49333 -2.09377 0.850531 0.714293 -0.480402 -0.683703 -0.0172424 2.664 -2.18576 -0.0229064 0.775007 -0.000414558 -0.0731306 2.86694 -2.8802 -2.96473 2.35496 -2.57261 0.588335 
-2.35129 -1.1999 -1.31811 -1.62788 2.07153 -2.4191 0.645769 -1.91783 -1.61268 -1.40624 1.84786 1.48295 -2.11685 0.786963 0.663584 -0.440808 -0.653644 -0.0440366 2.66813 -2.20521 0.0166848 0.787579 -0.03907 -0.0981515 2.81551 -2.93106 -2.96949 2.35339 -2.55612 0.598046 
-2.35191 -1.18916 -1.318 -1.61529 2.04935 -2.41513 0.651277 -1.94011 -1.61978 -1.39509 1.85106 1.49048 -2.09938 0.787322 0.686977 -0.422459 -0.666533 -0.0398635 2.65992 -2.19595 0.0291427 0.778555 -0.0552577 -0.110657 2.81025 -2.95139 -2.96763 2.35177 -2.55092 0.587941 
-2.35203 -1.15341 -1.31921 -1.60031 2.04369 -2.41534 0.656574 -1.99149 -1.61809 -1.38091 1.78665 1.51312 -2.0526 0.782657 0.717421 -0.403768 -0.686265 -0.0349064 2.66558 -2.17438 0.0569753 0.785986 -0.0737911 -0.152718 2.79134 -2.95313 -2.95724 2.36393 -2.57089 0.561128 
-2.3606 -1.14522 -1.3168 -1.60672 2.03195 -2.413 0.672027 -2.00678 -1.62315 -1.36883 1.71548 1.53629 -2.04105 0.821058 0.756968 -0.400507 -0.727834 -0.0345684 2.66348 -2.15468 0.0824439 0.747182 -0.0906173 -0.167291 2.79967 -2.96589 -2.98572 2.36658 -2.59164 0.561034 
-2.37087 -1.16141 -1.29619 -1.63758 2.03969 -2.4295 0.685568 -2.01184 -1.63688 -1.35005 1.67482 1.55105 -2.0088 0.853039 0.789527 -0.416782 -0.762045 -0.0306957 2.66161 -2.13219 0.0893658 0.707368 -0.107091 -0.166357 2.81924 -2.96676 -3.01627 2.39447 -2.59864 0.563525 
-2.36151 -1.21142 -1.26566 -1.68045 2.04707 -2.44725 0.696911 -2.02256 -1.66681 -1.305 1.60756 1.57136 -1.97104 0.896152 0.839544 -0.412952 -0.814974 0.000293893 2.61915 -2.0759 0.117493 0.664989 -0.136602 -0.18334 2.85941 -3.00683 -3.03631 2.40933 -2.6182 0.567703 
-2.38144 -1.27393 -1.25785 -1.69983 2.07639 -2.47115 0.642202 -2.01044 -1.65727 -1.26758 1.55662 1.55479 -1.93704 0.914931 0.886286 -0.436019 -0.897554 0.0489634 2.59086 -2.00883 0.130046 0.629041 -0.132719 -0.199314 2.88969 -3.04203 -3.06173 2.39544 -2.68645 0.578196 
-2.3674 -1.3245 -1.26428 -1.71413 2.0731 -2.50907 0.616417 -2.0283 -1.72015 -1.24799 1.46736 1.58213 -1.9055 0.908877 0.957779 -0.42018 -0.964845 0.0819176 2.5075 -1.9413 0.17595 0.59822 -0.122737 -0.276759 2.91732 -3.14217 -3.10925 2.36525 -2.7766 0.594605 
-2.34702 -1.34184 -1.27201 -1.74179 2.07455 -2.52902 0.604627 -2.02237 -1.7718 -1.24346 1.3702 1.59609 -1.89434 0.895647 1.01212 -0.393381 -0.993306 0.0922481 2.44553 -1.87352 0.184931 0.560661 -0.120532 -0.341059 2.96155 -3.2287 -3.14369 2.3574 -2.83882 0.606478 
-2.32982 -1.33013 -1.29831 -1.79061 2.08119 -2.51072 0.599972 -2.01926 -1.81453 -1.22482 1.26993 1.64684 -1.90374 0.865304 1.10014 -0.3733 -0.989186 0.0735518 2.3597 -1.75073 0.202585 0.508173 -0.123475 -0.410518 2.96688 -3.31873 -3.16082 2.33573 -2.8608 0.571184 
-2.28139 -1.34634 -1.29714 -1.80498 2.09668 -2.50474 0.603925 -2.03125 -1.89393 -1.21857 1.17747 1.72048 -1.90892 0.839673 1.20884 -0.340829 -1.02095 0.0735287 2.28204 -1.61216 0.227339 0.495402 -0.130974 -0.507411 2.97568 -3.46775 -3.20229 2.30943 -2.92267 0.55614 
-2.25172 -1.29814 -1.32513 -1.84874 2.11051 -2.43331 0.587751 -2.00559 -1.9254 -1.21929 1.09993 1.80237 -1.93973 0.801297 1.3162 -0.349919 -1.17907 0.0310781 2.21184 -1.43233 0.219749 0.431983 -0.143707 -0.549438 2.91588 -3.57299 -3.19094 2.27357 -2.89036 0.444447 
-2.21665 -1.29889 -1.33523 -1.86673 2.12412 -2.40705 0.586083 -2.01192 -1.9716 -1.21847 1.03602 1.86051 -1.94664 0.791345 1.39455 -0.33604 -1.28758 0.0344212 2.16341 -1.27406 0.207464 0.437197 -0.148071 -0.592958 2.91354 -3.70247 -3.20639 2.26281 -2.89575 0.410789 
-2.17395 -1.29215 -1.34322 -1.88391 2.12847 -2.37922 0.600939 -2.02603 -1.98186 -1.20064 1.02909 1.906 -1.93734 0.789397 1.4529 -0.320321 -1.32448 0.0252965 2.13952 -1.12039 0.181475 0.436933 -0.160467 -0.605501 2.93316 -3.83024 -3.19752 2.27451 -2.86979 0.406415 
