Mean 0 Mean 1 Mean 2 Mean 3 Mean 4 Mean 5 Mean 6 Mean 7 Mean 8 Mean 9 Mean 10 Mean 11 Mean 12 Mean 13 Mean 14 Mean 15 Mean 16 Mean 17 Mean 18 Mean 19 Mean 20 Mean 21 Mean 22 Mean 23 Mean 24 Mean 25 Mean 26 Mean 27 Mean 28 Mean 29 
-1.20616 0.961837 -1.35585 1.02162 2.61669 -2.39472 0.940883 0.881835 -2.45651 -2.17698 2.39009 2.65397 1.09695 1.01122 -1.08415 1.97347 -0.00737031 -0.719019 -0.738403 -2.75539 2.6258 0.390442 0.405356 -2.80101 2.73315 -2.36394 -2.71981 0.0838841 0.442207 1.98543 
-1.20825 0.981742 -1.34034 0.999894 2.63674 -2.38598 0.936981 0.873416 -2.43763 -2.18796 2.41167 2.65166 1.08434 1.00784 -1.08564 1.9767 -0.0403758 -0.717743 -0.74145 -2.75582 2.62186 0.400626 0.40399 -2.79219 2.71498 -2.36531 -2.72442 0.491819 0.450019 1.98887 
-1.20616 0.980575 -1.34499 1.00444 2.63967 -2.38414 0.918158 0.880926 -2.44601 -2.1825 2.42896 2.65393 1.0913 1.01833 -1.09013 1.97009 -0.0425147 -0.727327 -0.738705 -2.75314 2.61997 0.415203 0.413371 -2.79655 2.70431 -2.36446 -2.73662 1.47449 0.454774 1.97575 
-1.20726 0.974076 -1.33931 0.998046 2.63275 -2.38298 0.919718 0.88411 -2.44393 -2.17437 2.43958 2.65149 1.09648 1.02568 -1.0875 1.9601 -0.0447522 -0.729478 -0.737638 -2.75433 2.61546 0.415203 0.414803 -2.78851 2.7009 -2.3697 -2.73692 1.96629 0.457896 1.97935 
-1.20486 0.966864 -1.34421 0.996725 2.63212 -2.39311 0.921118 0.893364 -2.44375 -2.16097 2.45739 2.64217 1.10078 1.03073 -1.08971 1.94182 -0.0504428 -0.729218 -0.739373 -2.74806 2.61902 0.419777 0.41365 -2.78997 2.70551 -2.3762 -2.72985 2.25691 0.465911 1.97282 
-1.20667 0.969441 -1.35242 0.994093 2.63553 -2.39885 0.917937 0.903133 -2.44545 -2.15791 2.47383 2.62994 1.10179 1.03315 -1.09263 1.93602 -0.0533589 -0.730578 -0.735787 -2.74833 2.62822 0.422292 0.414023 -2.79584 2.70911 -2.38024 -2.73355 2.44555 0.466676 1.96351 
-1.20902 0.971255 -1.3614 0.989105 2.63881 -2.40088 0.921975 0.913053 -2.44733 -2.15187 2.49241 2.60918 1.10177 1.03492 -1.10145 1.93027 -0.0587251 -0.733116 -0.727419 -2.75103 2.63528 0.427335 0.409478 -2.7985 2.71511 -2.38634 -2.7328 2.57702 0.475717 1.95803 
-1.20982 0.970183 -1.36886 0.986299 2.63474 -2.38777 0.930119 0.919218 -2.45463 -2.14435 2.49933 2.58385 1.09872 1.03629 -1.1108 1.94884 -0.0647879 -0.740844 -0.73647 -2.7691 2.63292 0.429312 0.40547 -2.78625 2.70766 -2.3873 -2.73545 2.66095 0.489285 1.95551 
-1.22047 0.975668 -1.38002 0.978758 2.62857 -2.37274 0.927297 0.921356 -2.45542 -2.14107 2.50298 2.55816 1.09908 1.03263 -1.12272 1.96543 -0.0744779 -0.750554 -0.751034 -2.78788 2.62531 0.432879 0.401566 -2.76667 2.70615 -2.37829 -2.72609 2.72996 0.507619 1.95312 
-1.22457 0.984099 -1.38552 0.968371 2.62054 -2.35784 0.930766 0.924317 -2.45854 -2.12998 2.5069 2.53697 1.10076 1.03082 -1.1371 1.98325 -0.0820403 -0.764629 -0.761429 -2.80795 2.62157 0.440605 0.393995 -2.74638 2.70489 -2.36904 -2.71895 2.78079 0.521159 1.9468 
-1.22718 0.995122 -1.39437 0.954881 2.60431 -2.33952 0.929233 0.923988 -2.46058 -2.11727 2.50605 2.53112 1.10826 1.0232 -1.14279 1.9923 -0.0953739 -0.779143 -0.778237 -2.82283 2.61365 0.452441 0.392446 -2.71711 2.70481 -2.36302 -2.71477 2.81461 0.533396 1.93024 
-1.23961 0.990436 -1.40492 0.944514 2.58242 -2.33314 0.922872 0.935448 -2.46085 -2.10238 2.5025 2.52153 1.11357 1.01389 -1.15589 2.00533 -0.0995989 -0.783558 -0.793651 -2.82777 2.61603 0.444099 0.388411 -2.69806 2.69736 -2.3553 -2.70906 2.85596 0.541773 1.93084 
-1.24485 0.985992 -1.40375 0.930186 2.5605 -2.32859 0.923135 0.94794 -2.46509 -2.09259 2.49114 2.51792 1.10875 1.01123 -1.16725 2.01752 -0.105931 -0.788 -0.812087 -2.82491 2.62576 0.448334 0.38456 -2.68532 2.68749 -2.35927 -2.71331 2.87454 0.557982 1.93324 
-1.25401 0.98383 -1.40948 0.930602 2.55024 -2.32849 0.925654 0.947803 -2.47985 -2.07143 2.47787 2.50602 1.10665 1.00338 -1.18672 2.03756 -0.115559 -0.796187 -0.830157 -2.82118 2.64094 0.454904 0.384871 -2.67749 2.67943 -2.36547 -2.70741 2.88985 0.574007 1.92493 
-1.26362 0.976488 -1.42034 0.93973 2.53872 -2.3374 0.933483 0.947087 -2.48583 -2.05608 2.46548 2.50278 1.10232 0.99945 -1.19439 2.05992 -0.122497 -0.807493 -0.853408 -2.8146 2.65702 0.446346 0.387828 -2.66812 2.66973 -2.35438 -2.70413 2.91061 0.586317 1.92004 
-1.26829 0.969661 -1.42507 0.944607 2.53121 -2.34094 0.943376 0.956734 -2.4851 -2.03905 2.46382 2.49506 1.09971 0.995528 -1.20383 2.0758 -0.136042 -0.814239 -0.877716 -2.81882 2.66599 0.453307 0.387559 -2.65849 2.65973 -2.35625 -2.70633 2.92183 0.600326 1.91702 
-1.27538 0.954469 -1.42017 0.937403 2.52818 -2.33567 0.948189 0.97359 -2.48344 -2.02292 2.47457 2.49203 1.0937 1.0016 -1.20601 2.08077 -0.158092 -0.807805 -0.888474 -2.81824 2.67377 0.467744 0.379949 -2.65682 2.65188 -2.3632 -2.71311 2.93059 0.610321 1.91253 
-1.28236 0.940319 -1.39567 0.927985 2.52377 -2.31346 0.949401 0.977407 -2.47624 -2.01002 2.49848 2.49468 1.08985 1.01492 -1.19992 2.07593 -0.169995 -0.791598 -0.887005 -2.81988 2.66568 0.47283 0.37579 -2.65708 2.64657 -2.3614 -2.72079 2.95214 0.620993 1.91941 
-1.27717 0.929559 -1.38403 0.914593 2.50701 -2.29674 0.939043 0.986367 -2.47444 -2.00346 2.51384 2.50491 1.09738 1.00857 -1.18519 2.06909 -0.165958 -0.790356 -0.896484 -2.8274 2.65617 0.473072 0.368037 -2.64569 2.64739 -2.35468 -2.74372 2.9691 0.62662 1.92454 
-1.25944 0.923877 -1.38069 0.87831 2.46714 -2.29439 0.942206 0.990738 -2.52815 -1.99407 2.49803 2.55152 1.13732 0.951001 -1.12686 2.07671 -0.0918289 -0.782801 -0.918033 -2.87468 2.66394 0.483796 0.351581 -2.64327 2.69092 -2.32651 -2.82356 2.99453 0.600988 1.93941 
-1.24935 0.92205 -1.38572 0.855188 2.43575 -2.2899 0.938916 0.997184 -2.55817 -1.98656 2.48818 2.59264 1.16556 0.910592 -1.08555 2.07746 -0.0475332 -0.782283 -0.934472 -2.91323 2.67634 0.495932 0.343616 -2.64594 2.71626 -2.31195 -2.87471 3.01034 0.584454 1.94348 
-1.23138 0.917409 -1.38444 0.841888 2.43271 -2.29105 0.936294 0.997111 -2.58657 -1.97416 2.50066 2.62551 1.17932 0.897709 -1.06458 2.07126 -0.0203838 -0.778468 -0.945777 -2.95149 2.67416 0.514586 0.339588 -2.65573 2.73751 -2.30543 -2.90507 3.01015 0.592064 1.96052 
-1.21755 0.912944 -1.3783 0.83929 2.44316 -2.28283 0.934004 0.992208 -2.61477 -1.96006 2.52179 2.65209 1.18129 0.890322 -1.05962 2.06675 0.00247399 -0.773158 -0.951876 -2.98481 2.67284 0.529569 0.342731 -2.67002 2.74666 -2.31656 -2.92106 3.01542 0.602226 1.97359 
-1.21925 0.902765 -1.3787 0.841033 2.47206 -2.25901 0.917578 0.991475 -2.60324 -1.93659 2.54566 2.66149 1.16733 0.919593 -1.08532 2.05374 -0.0134901 -0.765014 -0.959149 -3.00606 2.65221 0.547403 0.361151 -2.67625 2.74559 -2.33397 -2.9104 3.02491 0.629708 1.98545 
-1.21349 0.885522 -1.38835 0.838583 2.49954 -2.22948 0.898011 0.987837 -2.58137 -1.91085 2.56285 2.68206 1.1576 0.940812 -1.10889 2.04048 -0.0346184 -0.761289 -0.969076 -3.02421 2.6341 0.56588 0.376299 -2.67861 2.74163 -2.36553 -2.89939 3.03739 0.652915 1.98808 
-1.223 0.870512 -1.3957 0.834167 2.53323 -2.18303 0.883015 0.981334 -2.56648 -1.88042 2.56769 2.7114 1.15597 0.959455 -1.13173 2.04356 -0.0645052 -0.75837 -0.966417 -3.04624 2.62777 0.590275 0.377169 -2.67856 2.73739 -2.38778 -2.88405 3.05997 0.66554 1.97283 
-1.22899 0.87369 -1.39958 0.853393 2.55776 -2.1547 0.870278 0.973655 -2.56007 -1.87098 2.56814 2.71957 1.16833 0.96464 -1.15958 2.04059 -0.0927333 -0.748423 -0.963913 -3.0461 2.63289 0.593181 0.38343 -2.67737 2.73677 -2.3825 -2.87884 3.076 0.661645 1.94659 
-1.22304 0.863928 -1.41891 0.875307 2.59132 -2.13313 0.859915 0.96636 -2.54268 -1.8684 2.57022 2.71822 1.17681 0.961322 -1.18632 2.04652 -0.128326 -0.749927 -0.960091 -3.04743 2.64288 0.591636 0.370956 -2.66579 2.71639 -2.38658 -2.87681 3.07705 0.64316 1.94469 
-1.21989 0.84997 -1.44141 0.895143 2.62281 -2.15397 0.852546 0.957913 -2.52406 -1.86869 2.54467 2.71384 1.18965 0.969376 -1.21439 2.04817 -0.165339 -0.732281 -0.957665 -3.03407 2.65318 0.585535 0.36325 -2.67084 2.706 -2.39985 -2.87468 3.081 0.617407 1.93234 
-1.19127 0.841721 -1.45649 0.916479 2.65555 -2.19746 0.858101 0.93639 -2.49559 -1.87703 2.53785 2.71163 1.19151 0.981738 -1.23966 2.05938 -0.182615 -0.726156 -0.951165 -3.01888 2.66189 0.573584 0.352687 -2.68132 2.67969 -2.41357 -2.86436 3.08399 0.589352 1.93055 
-1.15365 0.824288 -1.48971 0.946683 2.69769 -2.26903 0.850955 0.914098 -2.47457 -1.88281 2.53655 2.70966 1.19715 0.998342 -1.27331 2.07272 -0.204664 -0.712888 -0.944113 -3.00908 2.64766 0.576473 0.35488 -2.69402 2.62919 -2.44296 -2.84002 3.08776 0.562464 1.91733 
-1.13307 0.793125 -1.52563 0.945712 2.7338 -2.34397 0.842384 0.889003 -2.47352 -1.87393 2.54073 2.71186 1.19267 1.01785 -1.29387 2.08171 -0.238295 -0.712771 -0.942347 -3.02778 2.62024 0.597934 0.36255 -2.706 2.56872 -2.46705 -2.81517 3.10668 0.567352 1.90857 
-1.11156 0.753854 -1.58123 0.924306 2.75292 -2.38751 0.830377 0.895278 -2.46825 -1.87691 2.55978 2.69806 1.17773 1.02702 -1.28871 2.08205 -0.275744 -0.704644 -0.963934 -3.0568 2.58777 0.599685 0.376741 -2.71455 2.48544 -2.45857 -2.78643 3.11192 0.610744 1.92841 
-1.09982 0.722692 -1.61119 0.896078 2.7833 -2.4373 0.831459 0.899095 -2.47445 -1.87099 2.57539 2.68922 1.2105 1.03731 -1.2804 2.07637 -0.34507 -0.717116 -0.970598 -3.07997 2.56963 0.626867 0.365059 -2.72816 2.42791 -2.41222 -2.79186 3.13587 0.630258 1.96229 
-1.12875 0.664866 -1.65127 0.847677 2.78069 -2.48081 0.820312 0.92188 -2.50596 -1.8774 2.60364 2.67034 1.21884 1.03278 -1.25099 2.07419 -0.396092 -0.725465 -0.981985 -3.10086 2.57095 0.631214 0.380958 -2.75518 2.34929 -2.33303 -2.79515 3.16563 0.576344 2.00016 
-1.18336 0.644607 -1.69176 0.831049 2.79583 -2.51895 0.820328 0.956236 -2.55653 -1.90771 2.68373 2.65077 1.23334 1.03058 -1.16367 2.0605 -0.432063 -0.749791 -0.988551 -3.09311 2.56733 0.636983 0.410685 -2.80028 2.27758 -2.26519 -2.8208 3.22648 0.577456 2.03403 
-1.2602 0.650605 -1.72083 0.842422 2.80537 -2.55448 0.827648 0.973864 -2.64808 -1.93739 2.79257 2.6282 1.24839 1.04146 -1.0709 2.0523 -0.464506 -0.774455 -0.97929 -3.07958 2.56228 0.634215 0.437424 -2.86224 2.21516 -2.21233 -2.85205 3.30017 0.604363 2.06454 
-1.27554 0.667587 -1.69871 0.895604 2.82641 -2.60692 0.843042 0.970933 -2.69772 -1.9696 2.83686 2.60663 1.26992 1.06011 -0.994461 2.06741 -0.507768 -0.758694 -0.960962 -3.07176 2.54633 0.611282 0.423455 -2.91248 2.17336 -2.16548 -2.89214 3.33844 0.610106 2.10003 
-1.20336 0.665284 -1.65604 0.951032 2.88535 -2.66159 0.843485 0.948963 -2.6735 -1.98177 2.80645 2.57581 1.29103 1.08221 -0.915863 2.1171 -0.577472 -0.711604 -0.915545 -3.06932 2.53883 0.53524 0.356356 -2.9021 2.14388 -2.14925 -2.91366 3.32245 0.565616 2.13843 
-1.15745 0.68892 -1.64738 1.02324 2.92913 -2.68475 0.828094 0.911293 -2.63862 -1.97283 2.77123 2.55875 1.31555 1.10564 -0.847316 2.13578 -0.618067 -0.67139 -0.87849 -3.06062 2.55364 0.485358 0.3113 -2.88932 2.13163 -2.16392 -2.89442 3.32433 0.54228 2.17563 
