Mean 0 Mean 1 Mean 2 Mean 3 Mean 4 Mean 5 Mean 6 Mean 7 Mean 8 Mean 9 Mean 10 Mean 11 Mean 12 Mean 13 Mean 14 Mean 15 Mean 16 Mean 17 Mean 18 Mean 19 Mean 20 Mean 21 Mean 22 Mean 23 Mean 24 Mean 25 Mean 26 Mean 27 Mean 28 Mean 29 
-2.38478 1.15827 -2.25436 -1.06148 1.40174 -2.26038 0.910191 0.882955 -1.484 -2.57426 2.37191 1.98246 -1.16458 -1.04273 -1.42755 3.07712 2.78692 2.77393 2.70891 0.18725 0.272148 0.293174 0.366725 0.0694518 2.79502 0.221744 0.160659 -0.723595 2.69748 2.5896 
-2.37632 1.16403 -2.24122 -1.0644 1.40596 -2.26223 0.899909 0.881288 -1.50582 -2.5554 2.39614 1.96308 -1.16618 -1.04874 -1.4256 3.07008 2.78164 2.7653 2.70405 0.18936 0.274467 0.302437 0.380804 0.0721255 2.79331 0.234505 0.168404 -0.716126 2.69488 2.60001 
-2.36749 1.16458 -2.23218 -1.07808 1.40172 -2.27525 0.893718 0.879984 -1.51616 -2.53802 2.41 1.95573 -1.17004 -1.04989 -1.42849 3.06513 2.78637 2.75848 2.69421 0.197761 0.277701 0.313614 0.395166 0.0762665 2.79341 0.250219 0.170847 -0.706142 2.68786 2.59628 
-2.35062 1.16838 -2.22074 -1.09204 1.39852 -2.2698 0.891854 0.880159 -1.52611 -2.51422 2.43398 1.93723 -1.17416 -1.04917 -1.42897 3.0594 2.78404 2.75516 2.67581 0.196609 0.271989 0.32667 0.412311 0.0771706 2.78944 0.262542 0.179415 -0.697651 2.68788 2.59689 
-2.33598 1.17566 -2.21393 -1.10388 1.39509 -2.25279 0.893631 0.879159 -1.53456 -2.49458 2.45297 1.91546 -1.17484 -1.05278 -1.42588 3.05458 2.77807 2.75251 2.65193 0.183191 0.269656 0.327704 0.42517 0.0784305 2.79055 0.266033 0.189836 -0.689521 2.68989 2.59494 
-2.32635 1.18219 -2.20275 -1.10224 1.39779 -2.24521 0.895308 0.871768 -1.54795 -2.48762 2.46353 1.90376 -1.18124 -1.0469 -1.43081 3.05263 2.76928 2.74712 2.64289 0.178683 0.254784 0.323776 0.429619 0.074944 2.79052 0.27092 0.190672 -0.692484 2.69796 2.59817 
-2.31291 1.18563 -2.18962 -1.10262 1.40087 -2.23672 0.895389 0.86294 -1.56059 -2.48071 2.47767 1.88772 -1.18677 -1.03873 -1.43526 3.05324 2.76226 2.74048 2.6299 0.170867 0.24627 0.320267 0.443337 0.0718614 2.78478 0.275443 0.198235 -0.692817 2.70105 2.60649 
-2.30589 1.1857 -2.18022 -1.10616 1.4017 -2.2393 0.894811 0.865579 -1.55703 -2.48449 2.48457 1.87034 -1.18696 -1.03434 -1.44474 3.06255 2.76423 2.73019 2.61411 0.163348 0.239952 0.321526 0.44803 0.074954 2.77381 0.280092 0.189243 -0.693424 2.70275 2.61403 
-2.32001 1.18305 -2.17822 -1.10816 1.39781 -2.25103 0.890049 0.871344 -1.5524 -2.47903 2.48373 1.85761 -1.18789 -1.03497 -1.46148 3.0681 2.76552 2.71726 2.60227 0.154356 0.231675 0.328293 0.445911 0.0813356 2.7611 0.280293 0.180689 -0.691006 2.70563 2.61637 
-2.30776 1.18623 -2.16961 -1.10711 1.41719 -2.24784 0.897031 0.855926 -1.55317 -2.46223 2.4875 1.85731 -1.19188 -1.02339 -1.47043 3.07888 2.75229 2.71916 2.58607 0.144639 0.232228 0.324623 0.451227 0.0704518 2.766 0.282785 0.183979 -0.689841 2.70789 2.60729 
-2.31396 1.19042 -2.17266 -1.11919 1.4141 -2.25348 0.899997 0.85026 -1.57123 -2.43476 2.48827 1.85107 -1.18918 -1.0173 -1.47747 3.07778 2.73925 2.72265 2.55296 0.131019 0.232964 0.317283 0.459252 0.0674361 2.77289 0.278144 0.189173 -0.689698 2.71452 2.59834 
-2.31426 1.1979 -2.16376 -1.11951 1.41893 -2.25807 0.902009 0.845565 -1.5833 -2.41073 2.47975 1.85681 -1.19583 -1.01801 -1.47698 3.08109 2.72556 2.73637 2.51384 0.118267 0.224793 0.310932 0.45694 0.04799 2.78562 0.273942 0.187738 -0.688172 2.7196 2.59302 
-2.32595 1.20305 -2.15287 -1.11783 1.4178 -2.2593 0.897712 0.844484 -1.59596 -2.39174 2.47117 1.86353 -1.20436 -1.01735 -1.47871 3.08459 2.72088 2.73944 2.47614 0.108589 0.222868 0.312754 0.458128 0.031684 2.78721 0.262948 0.177668 -0.690551 2.72123 2.59326 
-2.33267 1.20336 -2.15464 -1.11656 1.40417 -2.26553 0.90159 0.848822 -1.60525 -2.37806 2.46046 1.865 -1.20584 -1.02278 -1.48139 3.09529 2.7151 2.75549 2.45708 0.112129 0.235621 0.305576 0.454712 0.0187466 2.79388 0.241457 0.164953 -0.697005 2.7293 2.59474 
-2.34008 1.20221 -2.15573 -1.11792 1.38732 -2.27408 0.901434 0.861323 -1.61977 -2.35938 2.44109 1.86516 -1.20941 -1.02949 -1.48145 3.10618 2.70622 2.7584 2.43294 0.110135 0.247884 0.299789 0.449729 0.0104956 2.79456 0.221721 0.169809 -0.700363 2.74079 2.60181 
-2.33185 1.20121 -2.14614 -1.09663 1.38577 -2.29813 0.883283 0.850935 -1.63192 -2.34978 2.4306 1.86039 -1.2178 -1.04045 -1.4912 3.11331 2.704 2.76807 2.41955 0.10543 0.236352 0.299647 0.4467 -0.00540207 2.8002 0.223796 0.151043 -0.70263 2.76194 2.60127 
-2.31779 1.19747 -2.15009 -1.06856 1.38221 -2.33343 0.865479 0.857 -1.62231 -2.32464 2.43684 1.84789 -1.21352 -1.06487 -1.50283 3.1112 2.68304 2.77788 2.40061 0.114405 0.223833 0.303963 0.422732 -0.0176549 2.82324 0.235519 0.137483 -0.717178 2.78948 2.57958 
-2.30474 1.17582 -2.17612 -1.04245 1.36555 -2.38362 0.828216 0.869074 -1.61128 -2.30142 2.48014 1.81412 -1.2045 -1.08557 -1.51442 3.08637 2.64937 2.79426 2.37082 0.14048 0.212192 0.309799 0.401226 -0.0363401 2.8572 0.252536 0.129875 -0.741492 2.84244 2.53674 
-2.29897 1.18101 -2.18838 -1.04108 1.35388 -2.39566 0.835821 0.865574 -1.62413 -2.29822 2.49292 1.79584 -1.21312 -1.0993 -1.51907 3.09236 2.65634 2.79911 2.36259 0.160558 0.228067 0.296728 0.395387 -0.0462558 2.85344 0.247701 0.118092 -0.737456 2.86064 2.53422 
-2.29526 1.19421 -2.19412 -1.03509 1.33781 -2.41245 0.859037 0.857698 -1.62393 -2.29213 2.51027 1.78482 -1.22498 -1.1053 -1.52871 3.10496 2.67151 2.79806 2.37175 0.170669 0.258027 0.278599 0.385143 -0.0593462 2.82937 0.225225 0.0998252 -0.724615 2.88146 2.53966 
-2.28373 1.18901 -2.19644 -1.02824 1.32966 -2.43117 0.870266 0.848416 -1.6329 -2.29451 2.5272 1.78903 -1.23095 -1.10275 -1.53862 3.12439 2.67017 2.79725 2.3884 0.178117 0.280838 0.277112 0.385158 -0.0759446 2.80765 0.202379 0.0919433 -0.72118 2.89822 2.55146 
-2.27816 1.1856 -2.20577 -1.01482 1.3199 -2.46702 0.871358 0.836978 -1.63616 -2.29262 2.55332 1.80873 -1.22658 -1.10077 -1.55266 3.14205 2.66034 2.79589 2.39263 0.175664 0.302891 0.283113 0.391784 -0.0941178 2.80501 0.181985 0.0739683 -0.720347 2.92142 2.54766 
-2.28309 1.17957 -2.20713 -0.991114 1.30135 -2.49092 0.869956 0.822916 -1.64975 -2.27985 2.56633 1.82365 -1.23039 -1.10766 -1.5441 3.15334 2.67309 2.8023 2.39998 0.163122 0.322568 0.284287 0.393147 -0.115675 2.79591 0.171408 0.0536401 -0.725577 2.93298 2.54536 
-2.27148 1.16394 -2.20563 -0.980812 1.28783 -2.51835 0.865738 0.810791 -1.65143 -2.27654 2.54502 1.83862 -1.21941 -1.13041 -1.537 3.18227 2.68109 2.81603 2.39678 0.138947 0.321318 0.267888 0.378059 -0.129159 2.80793 0.189911 0.00902375 -0.725575 2.93557 2.55376 
-2.27222 1.14596 -2.21629 -0.977229 1.28487 -2.54975 0.833833 0.800897 -1.63734 -2.26714 2.56459 1.8385 -1.20976 -1.13164 -1.53728 3.18961 2.67515 2.82737 2.40201 0.118551 0.313468 0.261415 0.3615 -0.129778 2.80867 0.189956 0.0118406 -0.730346 2.96755 2.59003 
-2.28151 1.117 -2.21966 -0.998345 1.28485 -2.61469 0.802224 0.794416 -1.63814 -2.23277 2.58541 1.85577 -1.20275 -1.11882 -1.53104 3.20256 2.65849 2.81865 2.40526 0.086459 0.307934 0.277957 0.335931 -0.126299 2.8121 0.180821 0.0370112 -0.730133 3.00114 2.63769 
-2.27371 1.091 -2.24989 -1.00718 1.30082 -2.65636 0.768582 0.791404 -1.6379 -2.22806 2.60527 1.86211 -1.18552 -1.12 -1.53514 3.20987 2.65555 2.81209 2.40769 0.0679051 0.302706 0.286103 0.30585 -0.140764 2.83364 0.183764 0.0394184 -0.739998 3.0318 2.68129 
-2.26563 1.0826 -2.28117 -0.99822 1.31975 -2.69135 0.734994 0.780712 -1.62402 -2.21702 2.62256 1.85149 -1.18637 -1.12547 -1.5501 3.20997 2.64126 2.81438 2.39227 0.055052 0.301133 0.27961 0.276705 -0.16324 2.82182 0.172745 0.0588775 -0.748674 3.0472 2.69806 
-2.2681 1.09289 -2.29566 -0.985509 1.32681 -2.69842 0.714578 0.733679 -1.62983 -2.21289 2.61556 1.83974 -1.18889 -1.12105 -1.56601 3.22521 2.6361 2.81756 2.38609 0.0353468 0.329185 0.275116 0.261227 -0.193551 2.76675 0.14955 0.0734126 -0.748752 3.02977 2.67181 
-2.25853 1.12076 -2.29637 -0.979463 1.33838 -2.68721 0.697245 0.701433 -1.64118 -2.20593 2.5825 1.82789 -1.19772 -1.08976 -1.55046 3.24272 2.64833 2.8535 2.38149 0.0209534 0.35258 0.262399 0.228731 -0.232462 2.72286 0.11722 0.103089 -0.750214 3.03669 2.64188 
-2.25182 1.13765 -2.30493 -0.995638 1.34487 -2.677 0.672394 0.690673 -1.64401 -2.20301 2.56655 1.81221 -1.19398 -1.06461 -1.53379 3.23934 2.655 2.88921 2.35735 0.0214715 0.342946 0.258783 0.233001 -0.246345 2.67331 0.110825 0.153023 -0.749296 3.04971 2.64603 
-2.26087 1.12426 -2.31294 -0.99617 1.34354 -2.67683 0.652786 0.688781 -1.65586 -2.19452 2.56942 1.81128 -1.20825 -1.05938 -1.52934 3.20827 2.6504 2.89301 2.33012 0.0145731 0.322372 0.262307 0.243509 -0.230267 2.61214 0.102672 0.179211 -0.741021 3.05429 2.65998 
-2.28804 1.12021 -2.303 -1.01814 1.36349 -2.69378 0.638327 0.673923 -1.67828 -2.1682 2.57219 1.82755 -1.22989 -1.05361 -1.52664 3.19318 2.65017 2.87938 2.3217 -0.00808462 0.308604 0.274016 0.24963 -0.217096 2.56559 0.0678659 0.194341 -0.709706 3.06352 2.66604 
-2.31709 1.10465 -2.28396 -1.05915 1.39148 -2.72632 0.616197 0.639897 -1.72867 -2.12934 2.58389 1.84831 -1.25294 -1.05003 -1.52186 3.17224 2.64174 2.85703 2.32778 -0.0573211 0.297828 0.305012 0.263784 -0.192663 2.53149 0.0387048 0.21455 -0.667377 3.05785 2.67729 
-2.33753 1.07494 -2.29725 -1.06766 1.41283 -2.77345 0.568163 0.630306 -1.80186 -2.13765 2.61948 1.83712 -1.24928 -1.07212 -1.51518 3.12536 2.64455 2.84888 2.32691 -0.0974285 0.296951 0.32042 0.283743 -0.172628 2.48839 0.0530695 0.215078 -0.664511 3.01977 2.70195 
-2.35552 1.02439 -2.32458 -1.05083 1.41875 -2.82333 0.497397 0.618742 -1.91221 -2.18112 2.66553 1.82676 -1.19018 -1.10539 -1.51064 3.0691 2.6352 2.84098 2.35098 -0.154038 0.31514 0.349722 0.330368 -0.16078 2.43733 0.0963264 0.197396 -0.680161 2.96218 2.72155 
-2.34818 0.969566 -2.37659 -1.02113 1.41697 -2.90296 0.414376 0.649936 -2.01859 -2.25404 2.70078 1.79454 -1.08801 -1.16297 -1.52357 3.01038 2.64013 2.84138 2.34464 -0.197693 0.332856 0.360104 0.372082 -0.170796 2.35752 0.171216 0.176901 -0.722605 2.86898 2.74363 
-2.34545 0.917101 -2.42602 -1.00495 1.41664 -3.00892 0.329415 0.672966 -2.15409 -2.33712 2.75651 1.75989 -0.989532 -1.22274 -1.5314 2.94781 2.6475 2.84559 2.33612 -0.249499 0.356288 0.36543 0.410993 -0.187144 2.28531 0.249133 0.159422 -0.757829 2.7761 2.78789 
-2.35921 0.872657 -2.46832 -1.01269 1.41431 -3.06655 0.28995 0.67613 -2.25294 -2.37955 2.83512 1.73359 -0.933152 -1.26399 -1.5027 2.92026 2.64182 2.84926 2.31356 -0.30463 0.376332 0.363984 0.467463 -0.199263 2.20853 0.311089 0.159991 -0.758026 2.69008 2.80873 
-2.35393 0.844841 -2.48639 -1.0259 1.42056 -3.05862 0.331644 0.662554 -2.29132 -2.39201 2.92934 1.72939 -0.907228 -1.29937 -1.4433 2.92919 2.62749 2.82465 2.26473 -0.346699 0.350109 0.363448 0.513473 -0.21298 2.12849 0.343913 0.161072 -0.722562 2.64435 2.85555 
