Mean 0 Mean 1 Mean 2 Mean 3 Mean 4 Mean 5 Mean 6 Mean 7 Mean 8 Mean 9 Mean 10 Mean 11 Mean 12 Mean 13 Mean 14 Mean 15 Mean 16 Mean 17 Mean 18 Mean 19 Mean 20 Mean 21 Mean 22 Mean 23 Mean 24 Mean 25 Mean 26 Mean 27 Mean 28 Mean 29 
-1.24409 -1.51957 -2.25735 -2.07627 2.39025 -1.0977 0.853901 1.03386 0.991117 -2.60176 -1.02598 1.92026 1.12357 -2.29596 -2.32192 -0.132834 0.0910069 2.35622 2.71515 0.274033 -0.441809 -2.33366 2.73204 0.144075 2.6734 -2.92366 0.280423 0.116316 0.0722229 0.0592034 
-1.23853 -1.49115 -2.22168 -2.07926 2.39194 -1.08759 0.856485 1.05628 0.99113 -2.57449 -1.0297 1.9255 1.11032 -2.29311 -2.31279 -0.156352 0.0695862 2.37146 2.70677 0.295222 -0.45242 -2.33388 2.69665 0.143571 2.67573 -2.93429 0.277679 0.131307 0.0713383 0.0686215 
-1.24563 -1.47533 -2.20518 -2.08298 2.38611 -1.08337 0.847396 1.06137 0.987719 -2.55545 -1.03145 1.93296 1.10089 -2.28949 -2.30412 -0.16338 0.0566687 2.37499 2.70195 0.310819 -0.465768 -2.32971 2.67533 0.141955 2.67911 -2.94534 0.276144 0.138721 0.0687422 0.0719247 
-1.24634 -1.47508 -2.19569 -2.08872 2.3931 -1.08141 0.85632 1.06368 0.980909 -2.548 -1.03 1.9288 1.09684 -2.27848 -2.29862 -0.166327 0.0576531 2.37592 2.70275 0.311539 -0.479434 -2.34123 2.66909 0.14263 2.67384 -2.94998 0.261375 0.140445 0.0696554 0.0690757 
-1.25569 -1.47953 -2.20602 -2.11292 2.39521 -1.08377 0.857008 1.07071 0.983095 -2.5465 -1.0265 1.92628 1.10269 -2.25933 -2.30668 -0.171962 0.0916257 2.36876 2.70822 0.298811 -0.487974 -2.34872 2.67489 0.157809 2.67693 -2.96016 0.239239 0.132322 0.0837688 0.0679601 
-1.26235 -1.47587 -2.20241 -2.12705 2.39634 -1.09013 0.860277 1.07707 0.978949 -2.5429 -1.01825 1.90488 1.102 -2.25039 -2.31264 -0.170512 0.102969 2.36771 2.71155 0.295174 -0.494496 -2.35362 2.67378 0.162958 2.67788 -2.97263 0.224214 0.125919 0.093186 0.0712737 
-1.26342 -1.47227 -2.1915 -2.12377 2.38074 -1.09768 0.866814 1.07588 0.971069 -2.52652 -1.00548 1.8861 1.10522 -2.25417 -2.31738 -0.1791 0.0951929 2.37193 2.70688 0.280777 -0.502118 -2.36198 2.66916 0.151974 2.67258 -2.98301 0.22107 0.130079 0.0917335 0.0777033 
-1.2757 -1.46158 -2.18544 -2.12409 2.38143 -1.09989 0.863277 1.07316 0.949776 -2.53328 -0.997215 1.86291 1.09879 -2.26673 -2.31527 -0.169453 0.0889418 2.37395 2.70859 0.283153 -0.507403 -2.37485 2.67245 0.153095 2.66389 -2.98366 0.220292 0.125643 0.0997357 0.0730932 
-1.28136 -1.44873 -2.17256 -2.1254 2.38952 -1.09638 0.859029 1.07292 0.931578 -2.52415 -0.989047 1.84136 1.09768 -2.27442 -2.31914 -0.165089 0.083098 2.38092 2.70478 0.30251 -0.51103 -2.38239 2.66089 0.155192 2.66037 -2.99157 0.19819 0.112862 0.112611 0.0568225 
-1.28399 -1.44753 -2.18424 -2.13793 2.39027 -1.0996 0.869321 1.08885 0.915821 -2.50051 -0.976776 1.83289 1.09665 -2.27691 -2.3205 -0.166701 0.0681605 2.37508 2.66643 0.293504 -0.506298 -2.38029 2.66206 0.148431 2.67236 -3.00605 0.200855 0.120962 0.135667 0.0523545 
-1.2901 -1.44248 -2.18932 -2.14791 2.38344 -1.09269 0.855375 1.0956 0.90333 -2.48786 -0.967542 1.83895 1.0991 -2.27461 -2.31967 -0.169812 0.0397086 2.3712 2.6433 0.288204 -0.512329 -2.3602 2.66695 0.132683 2.68961 -3.02023 0.198735 0.117264 0.149339 0.0322149 
-1.27456 -1.45238 -2.20932 -2.14924 2.374 -1.07297 0.854313 1.08918 0.906275 -2.47272 -0.950397 1.81023 1.1054 -2.27226 -2.31544 -0.179119 0.01871 2.38811 2.6426 0.287028 -0.503851 -2.38564 2.6592 0.139332 2.70636 -3.02133 0.218322 0.100758 0.171804 0.0460226 
-1.26676 -1.4595 -2.20688 -2.15208 2.35779 -1.06009 0.854111 1.08462 0.894069 -2.4625 -0.947179 1.8057 1.09612 -2.26582 -2.31 -0.185154 0.00815739 2.39706 2.63636 0.285299 -0.50813 -2.3947 2.64994 0.135946 2.7123 -3.03485 0.23513 0.089838 0.193306 0.0505025 
-1.26628 -1.46149 -2.19807 -2.14941 2.35133 -1.05973 0.852133 1.0775 0.878187 -2.45722 -0.948384 1.81135 1.07951 -2.27034 -2.30501 -0.181395 0.0102604 2.40581 2.63267 0.291643 -0.504709 -2.39093 2.63961 0.116179 2.71424 -3.05159 0.230904 0.0866514 0.201239 0.0367316 
-1.26275 -1.47048 -2.19818 -2.14858 2.33215 -1.05693 0.85182 1.07087 0.856743 -2.45149 -0.937724 1.81036 1.06363 -2.29252 -2.29809 -0.169099 0.00902478 2.40029 2.62666 0.290314 -0.497893 -2.37952 2.62619 0.106437 2.71766 -3.04482 0.226468 0.0831083 0.208877 0.0160734 
-1.28033 -1.49342 -2.19436 -2.1371 2.30227 -1.05788 0.828993 1.05292 0.829765 -2.45027 -0.91153 1.79123 1.041 -2.29093 -2.29893 -0.167432 -0.000219491 2.40821 2.62966 0.303266 -0.482222 -2.37298 2.60891 0.0806024 2.72675 -3.05653 0.243941 0.0865318 0.232848 0.00623014 
-1.28877 -1.50721 -2.18204 -2.11944 2.29121 -1.05427 0.828543 1.02372 0.808729 -2.45091 -0.912566 1.7862 1.02265 -2.29157 -2.29739 -0.160463 -0.00347156 2.41984 2.63754 0.330757 -0.469622 -2.36011 2.57909 0.049678 2.73374 -3.05867 0.251643 0.0831611 0.243038 -0.00851427 
-1.29013 -1.50917 -2.1831 -2.0946 2.29468 -1.0586 0.846379 0.996911 0.784564 -2.43871 -0.925661 1.77346 1.00219 -2.3035 -2.30374 -0.140457 0.00229207 2.43569 2.64158 0.361149 -0.447335 -2.35366 2.54507 0.0211657 2.73264 -3.06509 0.253251 0.0736943 0.245133 -0.0303694 
-1.29021 -1.50885 -2.17618 -2.05256 2.29934 -1.05706 0.869351 0.952979 0.760747 -2.42628 -0.952295 1.75514 0.973292 -2.3169 -2.31948 -0.11717 0.0138596 2.46388 2.66465 0.411113 -0.419583 -2.35693 2.50015 -0.0107645 2.72101 -3.06991 0.259802 0.0610108 0.242817 -0.048876 
-1.26963 -1.49609 -2.17534 -1.99609 2.31987 -1.06032 0.893796 0.896395 0.71915 -2.39165 -1.01315 1.75099 0.954108 -2.37909 -2.37832 -0.075214 0.0231815 2.48732 2.67955 0.439459 -0.390628 -2.35281 2.42474 -0.0285988 2.68466 -3.09092 0.310885 0.0482134 0.259001 -0.0443458 
-1.25217 -1.49079 -2.17693 -1.95776 2.32975 -1.06684 0.920902 0.856811 0.681845 -2.3576 -1.05637 1.74262 0.939975 -2.41982 -2.41848 -0.0460524 0.0288676 2.50339 2.68718 0.466966 -0.360418 -2.34543 2.36696 -0.0502782 2.65391 -3.10483 0.331922 0.0323966 0.260041 -0.0317585 
-1.24309 -1.50887 -2.17439 -1.95109 2.31121 -1.07992 0.929243 0.84988 0.683046 -2.34086 -1.05152 1.7517 0.959021 -2.39877 -2.40747 -0.0423529 0.0279731 2.51695 2.6935 0.4698 -0.329514 -2.35246 2.35492 -0.0733601 2.66348 -3.10602 0.29739 0.0280163 0.259744 -0.0243508 
-1.2433 -1.53202 -2.18359 -1.94984 2.28807 -1.08829 0.939779 0.85303 0.684772 -2.31867 -1.04478 1.76081 0.992048 -2.3744 -2.3772 -0.0368329 0.0189661 2.53203 2.68093 0.478355 -0.29232 -2.37513 2.34877 -0.0935992 2.67772 -3.10649 0.254275 0.0301028 0.25246 -0.025449 
-1.22866 -1.54647 -2.20068 -1.97039 2.28242 -1.09031 0.932645 0.866482 0.672229 -2.31373 -1.03589 1.78889 1.02732 -2.3801 -2.34896 -0.03145 0.0346882 2.53306 2.67134 0.454623 -0.279096 -2.37983 2.34873 -0.0984834 2.70481 -3.10055 0.201461 0.0390812 0.243223 -0.0205153 
-1.21515 -1.54505 -2.21339 -1.98662 2.2894 -1.09717 0.91148 0.872694 0.637379 -2.3104 -1.02981 1.8161 1.04182 -2.42402 -2.33913 -0.013003 0.08651 2.52237 2.66141 0.426042 -0.27237 -2.37146 2.34585 -0.108704 2.71452 -3.10273 0.150886 0.0459512 0.22514 -0.00338706 
-1.21457 -1.53669 -2.2176 -1.98781 2.29856 -1.10645 0.887384 0.871013 0.647998 -2.29772 -1.02197 1.82479 1.04366 -2.4198 -2.3554 -0.00221835 0.0681143 2.52077 2.65848 0.399938 -0.283575 -2.37711 2.33831 -0.111595 2.69841 -3.11473 0.157168 0.0586667 0.237795 0.00205073 
-1.22319 -1.52813 -2.21068 -2.00672 2.30211 -1.11805 0.88901 0.862598 0.659765 -2.29515 -1.01541 1.81737 1.06188 -2.39419 -2.36382 -0.00908239 0.0399975 2.51666 2.65611 0.363619 -0.29159 -2.39655 2.3394 -0.108928 2.68509 -3.08679 0.156176 0.078344 0.254313 0.00915015 
-1.23455 -1.50965 -2.18931 -2.01595 2.31214 -1.12487 0.9094 0.855497 0.67499 -2.29919 -0.995488 1.80867 1.07541 -2.35264 -2.35757 -0.02402 0.0256408 2.50659 2.65862 0.332638 -0.308665 -2.42083 2.3302 -0.0912429 2.66293 -3.06283 0.151179 0.101936 0.26816 0.0188796 
-1.24596 -1.50673 -2.17496 -2.02594 2.31827 -1.12978 0.925551 0.852214 0.68452 -2.30247 -0.983642 1.80902 1.09223 -2.31935 -2.34562 -0.0242492 0.000144107 2.49449 2.65865 0.287172 -0.314867 -2.45015 2.32281 -0.0735339 2.65127 -3.03604 0.134182 0.116691 0.278633 0.0307307 
-1.25527 -1.48868 -2.18099 -2.03349 2.32803 -1.1333 0.936705 0.858175 0.705207 -2.30935 -0.959043 1.8036 1.11703 -2.30996 -2.32937 -0.0335896 -0.0298681 2.4669 2.66476 0.239015 -0.32476 -2.47897 2.31545 -0.0506396 2.63784 -3.01274 0.117695 0.107217 0.289264 0.0387923 
-1.28689 -1.46969 -2.21308 -2.02654 2.3333 -1.17552 0.932266 0.87767 0.692781 -2.30332 -0.936734 1.7958 1.17968 -2.31698 -2.33162 -0.0466931 -0.0815022 2.45304 2.64919 0.192165 -0.298742 -2.50252 2.32072 -0.0364989 2.6209 -2.99132 0.111727 0.0784861 0.288342 0.0566533 
-1.3216 -1.46232 -2.24873 -2.0166 2.33475 -1.22677 0.904488 0.889453 0.668046 -2.30128 -0.919393 1.7865 1.25548 -2.3289 -2.34722 -0.0632158 -0.119968 2.44978 2.63709 0.160162 -0.280662 -2.5107 2.34279 -0.0298656 2.5905 -2.97617 0.115298 0.0502806 0.279534 0.0615582 
-1.38636 -1.43552 -2.29592 -2.01589 2.33338 -1.24164 0.887213 0.914142 0.647354 -2.26328 -0.909854 1.77763 1.33393 -2.34751 -2.35837 -0.059645 -0.158254 2.47241 2.60392 0.134525 -0.257588 -2.51805 2.36662 -0.0463255 2.58407 -2.97376 0.12083 0.00770323 0.2835 0.0471736 
-1.44609 -1.42525 -2.31613 -2.02509 2.33876 -1.24803 0.86204 0.917145 0.624925 -2.23147 -0.906938 1.78011 1.37682 -2.3608 -2.35909 -0.0581037 -0.193187 2.49294 2.56227 0.104378 -0.234944 -2.5227 2.39959 -0.0573506 2.56943 -2.9721 0.124839 -0.0004399 0.26696 0.0135647 
-1.49396 -1.40984 -2.33325 -2.02903 2.3399 -1.24321 0.837861 0.831874 0.599257 -2.20737 -0.878717 1.7717 1.40066 -2.37714 -2.34143 -0.052734 -0.20792 2.5159 2.54347 0.0660168 -0.207032 -2.5245 2.43501 -0.0661539 2.57201 -2.96308 0.127144 -0.00745902 0.274721 -0.0117702 
-1.53793 -1.38968 -2.37109 -2.06079 2.36474 -1.24827 0.790131 0.755923 0.565228 -2.20175 -0.867361 1.76328 1.41308 -2.38963 -2.32796 -0.0415367 -0.212369 2.55053 2.52667 0.0545834 -0.178849 -2.52311 2.48922 -0.0830318 2.60116 -2.94213 0.119911 -0.0216266 0.276248 -0.0392896 
-1.57747 -1.35717 -2.41185 -2.09425 2.37569 -1.26124 0.754039 0.687855 0.542099 -2.19346 -0.856965 1.75071 1.46102 -2.41088 -2.32826 -0.0214338 -0.205991 2.5848 2.49656 0.0302749 -0.159083 -2.52543 2.53524 -0.106377 2.62038 -2.91295 0.12242 -0.0405312 0.285601 -0.0481979 
-1.58609 -1.33601 -2.42066 -2.1238 2.37229 -1.25939 0.712597 0.648014 0.517337 -2.20752 -0.808243 1.72629 1.50453 -2.40869 -2.30838 -0.00369537 -0.190935 2.60524 2.48777 0.0115846 -0.170182 -2.52215 2.55992 -0.110541 2.62867 -2.89015 0.137559 -0.0393877 0.305652 -0.0518753 
-1.57359 -1.32796 -2.44738 -2.12426 2.33237 -1.25911 0.661595 0.619464 0.495534 -2.24349 -0.765884 1.72558 1.55492 -2.38507 -2.2387 0.025653 -0.197956 2.57011 2.53941 0.0137461 -0.174031 -2.51826 2.56691 -0.127051 2.62692 -2.92809 0.152498 -0.0367266 0.357398 -0.0477977 
-1.55088 -1.34542 -2.47058 -2.11939 2.29531 -1.25976 0.610678 0.585044 0.496812 -2.26471 -0.735857 1.72872 1.59165 -2.3626 -2.18973 0.0344402 -0.233928 2.52289 2.59211 0.0205955 -0.172666 -2.51696 2.57329 -0.134303 2.61689 -2.96267 0.161488 -0.0194773 0.380752 -0.0256612 
