Mean 0 Mean 1 Mean 2 Mean 3 Mean 4 Mean 5 Mean 6 Mean 7 Mean 8 Mean 9 Mean 10 Mean 11 Mean 12 Mean 13 Mean 14 Mean 15 Mean 16 Mean 17 Mean 18 Mean 19 Mean 20 Mean 21 Mean 22 Mean 23 Mean 24 Mean 25 Mean 26 Mean 27 Mean 28 Mean 29 
-1.14046 -2.29722 -2.66173 -1.5509 2.42719 -1.2612 0.946696 -1.28211 0.970501 -2.61079 1.6164 2.02874 -1.14296 1.04373 1.07569 -0.432697 -0.403896 2.81931 2.54698 0.0460194 -0.169863 0.6557 2.38522 -0.581294 -0.0516055 0.361222 0.112095 2.57447 2.68482 0.200116 
-1.14225 -2.29941 -2.66095 -1.53975 2.43628 -1.268 0.948665 -1.28863 0.971942 -2.60753 1.62484 2.02666 -1.14576 1.03995 1.06889 -0.424836 -0.403075 2.81001 2.54865 0.0461311 -0.178417 0.658229 2.38977 -1.94126 -0.0476213 0.35448 0.105067 2.58067 2.68289 0.209017 
-1.14646 -2.29812 -2.65156 -1.53754 2.43427 -1.27291 0.945012 -1.29116 0.965052 -2.606 1.63069 2.02647 -1.14776 1.04092 1.06334 -0.425597 -0.39968 2.80647 2.54985 0.0410679 -0.18008 0.66023 2.39295 -2.38772 -0.0477381 0.346827 0.101314 2.58153 2.68404 0.208923 
-1.14938 -2.29915 -2.63701 -1.55138 2.42812 -1.27653 0.933466 -1.29086 0.961804 -2.59953 1.63478 2.02223 -1.14404 1.0419 1.05429 -0.433259 -0.392925 2.8107 2.54903 0.0396208 -0.186432 0.667163 2.39663 -2.60256 -0.0451161 0.347956 0.0917487 2.58334 2.6923 0.208733 
-1.15833 -2.29647 -2.62612 -1.55008 2.43105 -1.28468 0.930043 -1.2992 0.954103 -2.59637 1.64719 2.01105 -1.15195 1.04813 1.04382 -0.429897 -0.392031 2.80654 2.54955 0.0322515 -0.191636 0.670474 2.3986 -2.73649 -0.0448941 0.338951 0.0845765 2.58706 2.69665 0.205483 
-1.15964 -2.29661 -2.616 -1.55649 2.41856 -1.28839 0.926868 -1.30586 0.950411 -2.59305 1.65396 2.00117 -1.1535 1.05622 1.03378 -0.438958 -0.389268 2.80948 2.5569 0.0223122 -0.201231 0.67228 2.4049 -2.8266 -0.041176 0.340453 0.0806628 2.58395 2.70074 0.209156 
-1.16756 -2.29549 -2.60747 -1.55965 2.40861 -1.2921 0.923195 -1.31846 0.953475 -2.59193 1.67072 1.99217 -1.15536 1.06233 1.02676 -0.436482 -0.390154 2.81065 2.55615 0.0158506 -0.209686 0.671218 2.41353 -2.89502 -0.0350929 0.341743 0.0771723 2.59309 2.7088 0.216058 
-1.17477 -2.29561 -2.60125 -1.56369 2.41217 -1.2923 0.920846 -1.3298 0.955062 -2.58703 1.68177 1.9867 -1.15711 1.06068 1.03114 -0.426663 -0.396031 2.81955 2.55268 0.0163076 -0.212055 0.664805 2.40983 -2.94008 -0.0193011 0.329302 0.0793657 2.59914 2.71484 0.220246 
-1.17942 -2.29277 -2.59441 -1.5756 2.40963 -1.2909 0.918612 -1.33718 0.951076 -2.58295 1.68395 1.98537 -1.16818 1.06168 1.03824 -0.416926 -0.403176 2.83027 2.54217 0.0146822 -0.214491 0.658754 2.40948 -2.97349 -0.00758922 0.324115 0.0769832 2.59982 2.72362 0.218424 
-1.18784 -2.29298 -2.58832 -1.58916 2.40158 -1.28881 0.896421 -1.33839 0.939153 -2.58258 1.68345 1.97404 -1.17509 1.06549 1.02926 -0.403792 -0.410349 2.83201 2.52472 0.00566074 -0.216176 0.654021 2.41017 -3.0043 0.000176361 0.32792 0.0858366 2.60709 2.75225 0.221863 
-1.19009 -2.28703 -2.57476 -1.60507 2.39832 -1.28752 0.889458 -1.32887 0.930181 -2.57071 1.69616 1.97449 -1.18207 1.07797 1.02632 -0.416463 -0.423245 2.84384 2.51837 -0.0175951 -0.235468 0.651216 2.4196 -3.02908 0.0137101 0.341154 0.0849378 2.59826 2.7771 0.229775 
-1.19016 -2.28179 -2.5714 -1.60782 2.39661 -1.28542 0.890653 -1.32757 0.928909 -2.54471 1.69632 1.97571 -1.18178 1.07979 1.03572 -0.41883 -0.428615 2.85424 2.49518 -0.0310534 -0.239285 0.636492 2.41391 -3.04039 0.0251307 0.332923 0.0864536 2.59669 2.79657 0.21481 
-1.19405 -2.26534 -2.56786 -1.62339 2.38609 -1.2987 0.897989 -1.32534 0.92564 -2.51174 1.6989 1.97323 -1.1818 1.08324 1.05651 -0.432785 -0.425218 2.85629 2.45754 -0.0514886 -0.238156 0.619445 2.39646 -3.03398 0.042851 0.32558 0.0741977 2.60488 2.80093 0.17879 
-1.21205 -2.24353 -2.56054 -1.64208 2.37803 -1.31021 0.900329 -1.32953 0.935265 -2.47593 1.70396 1.96943 -1.17646 1.08013 1.08638 -0.439193 -0.410876 2.86234 2.41739 -0.0706433 -0.220982 0.599461 2.38866 -3.0407 0.0605589 0.323417 0.0682889 2.61104 2.7838 0.145925 
-1.21457 -2.23285 -2.55603 -1.65713 2.36776 -1.32151 0.902454 -1.33659 0.935684 -2.44891 1.7121 1.96336 -1.18193 1.09606 1.10154 -0.452931 -0.409286 2.87068 2.39798 -0.0722336 -0.220449 0.581951 2.37054 -3.0347 0.0645308 0.309183 0.0539287 2.60776 2.78414 0.125465 
-1.22628 -2.22085 -2.56661 -1.66775 2.36408 -1.34703 0.889026 -1.3283 0.941605 -2.40508 1.72531 1.95149 -1.17494 1.10158 1.12468 -0.467305 -0.401533 2.87881 2.35264 -0.103904 -0.215575 0.564863 2.35585 -3.04111 0.0787646 0.307842 0.0495809 2.60423 2.79903 0.0905282 
-1.23179 -2.20378 -2.56099 -1.70334 2.35599 -1.37279 0.881576 -1.31802 0.946489 -2.36243 1.74727 1.95161 -1.1783 1.13322 1.13868 -0.483353 -0.391804 2.87879 2.33146 -0.140185 -0.22419 0.548704 2.32751 -3.01687 0.0820096 0.311316 0.0284048 2.5978 2.80573 0.0771772 
-1.23225 -2.20352 -2.56118 -1.70852 2.35374 -1.40879 0.861915 -1.30728 0.964366 -2.32898 1.76911 1.95267 -1.17117 1.14969 1.13041 -0.498716 -0.408366 2.87973 2.3094 -0.164707 -0.241394 0.552331 2.30223 -3.01166 0.0921508 0.328294 0.00437973 2.58269 2.8256 0.0537655 
-1.23582 -2.1927 -2.54403 -1.73594 2.3504 -1.4225 0.85996 -1.30197 0.958638 -2.31964 1.7768 1.95441 -1.18777 1.17935 1.12278 -0.492123 -0.397585 2.87578 2.3018 -0.196504 -0.254064 0.545395 2.2859 -2.9947 0.0846334 0.347658 -0.0348043 2.57194 2.8239 0.0769468 
-1.22827 -2.19076 -2.52216 -1.74561 2.34335 -1.43968 0.864333 -1.3156 0.956286 -2.32351 1.77509 1.95821 -1.19808 1.19301 1.11165 -0.468109 -0.391268 2.86055 2.28199 -0.201887 -0.261468 0.540839 2.2647 -2.98337 0.0680331 0.342871 -0.0818924 2.56199 2.81744 0.0824511 
-1.22128 -2.18727 -2.51446 -1.73997 2.33708 -1.4446 0.872083 -1.32938 0.949823 -2.31552 1.77556 1.96454 -1.20036 1.18756 1.10366 -0.43795 -0.372037 2.85132 2.26966 -0.215216 -0.240187 0.518836 2.23446 -3.00341 0.0508794 0.317113 -0.1102 2.56698 2.81699 0.0745107 
-1.20889 -2.19577 -2.50856 -1.71172 2.32752 -1.45231 0.863955 -1.3519 0.943519 -2.31345 1.76003 1.96542 -1.20721 1.17385 1.07763 -0.401259 -0.357338 2.85522 2.28165 -0.213843 -0.225109 0.499251 2.20117 -3.04109 0.0378869 0.286277 -0.138014 2.58386 2.83489 0.0758117 
-1.20083 -2.20663 -2.49501 -1.67348 2.33539 -1.45364 0.846708 -1.39225 0.936292 -2.28703 1.72133 1.98121 -1.20509 1.15877 1.03823 -0.374779 -0.374235 2.85954 2.30223 -0.207962 -0.209209 0.489403 2.16049 -3.08457 0.0165186 0.253131 -0.15334 2.61204 2.86749 0.0584267 
-1.19168 -2.20112 -2.49626 -1.6488 2.34786 -1.45611 0.834163 -1.41612 0.936641 -2.26865 1.69201 1.98564 -1.19776 1.14606 1.02303 -0.348916 -0.378918 2.86724 2.32456 -0.202613 -0.198277 0.48297 2.12802 -3.12008 0.0164399 0.240076 -0.170634 2.62582 2.89011 0.0491835 
-1.1875 -2.19651 -2.5087 -1.63459 2.35875 -1.45861 0.820306 -1.43981 0.938091 -2.24978 1.67057 1.9887 -1.19945 1.14668 1.0175 -0.32923 -0.389181 2.88192 2.35088 -0.205797 -0.19284 0.493247 2.09956 -3.14647 0.0213159 0.249724 -0.176225 2.63 2.90754 0.0557043 
-1.18503 -2.17481 -2.51722 -1.61549 2.35543 -1.44975 0.808102 -1.46861 0.936474 -2.23543 1.65156 2.00317 -1.20079 1.15557 1.01408 -0.314321 -0.407139 2.87346 2.36601 -0.200929 -0.18116 0.527229 2.08574 -3.15292 0.00505334 0.247411 -0.17919 2.63654 2.92816 0.0450438 
-1.19125 -2.1755 -2.50592 -1.58805 2.36215 -1.43738 0.793414 -1.50478 0.934742 -2.2346 1.6493 2.02389 -1.18114 1.1568 1.00494 -0.286216 -0.431059 2.8722 2.38545 -0.198731 -0.175779 0.542793 2.08538 -3.15825 -0.00983666 0.243656 -0.162793 2.64943 2.95486 0.0495962 
-1.18928 -2.17122 -2.48129 -1.55833 2.37031 -1.4237 0.786585 -1.54321 0.941725 -2.22495 1.64834 2.04584 -1.15646 1.15449 1.00544 -0.258136 -0.457137 2.87988 2.4067 -0.195804 -0.172398 0.548913 2.08337 -3.15757 -0.0129393 0.239127 -0.157792 2.67233 2.97815 0.0528872 
-1.18756 -2.1685 -2.46176 -1.54078 2.38208 -1.40432 0.79737 -1.58289 0.944572 -2.20599 1.66079 2.07 -1.14182 1.14643 1.00447 -0.245151 -0.496291 2.87155 2.41007 -0.200642 -0.179294 0.524657 2.09186 -3.13733 0.000191874 0.238891 -0.155246 2.71024 2.99525 0.0566092 
-1.19239 -2.17315 -2.43998 -1.53125 2.40553 -1.39708 0.81482 -1.62578 0.945156 -2.1752 1.66827 2.07671 -1.12939 1.14674 1.00468 -0.223103 -0.539214 2.86371 2.40001 -0.204323 -0.190661 0.49921 2.08087 -3.12234 0.0202622 0.246911 -0.145451 2.75532 3.01097 0.0657499 
-1.20854 -2.16754 -2.44506 -1.52692 2.43332 -1.39304 0.840759 -1.6614 0.946169 -2.14571 1.66589 2.0606 -1.14189 1.16306 1.00986 -0.201289 -0.554774 2.85842 2.38543 -0.200244 -0.221708 0.452846 2.07943 -3.09891 0.0508204 0.256257 -0.112529 2.78448 3.03269 0.0784016 
-1.2212 -2.15002 -2.42818 -1.52492 2.4456 -1.39211 0.87024 -1.6956 0.931835 -2.10319 1.68766 2.02315 -1.15007 1.16648 1.01046 -0.184387 -0.57215 2.88643 2.36748 -0.18063 -0.24158 0.411535 2.06409 -3.08683 0.098044 0.254568 -0.0412942 2.81343 3.07823 0.082101 
-1.24455 -2.12332 -2.43747 -1.4916 2.44827 -1.36693 0.882456 -1.72681 0.916166 -2.05543 1.72139 1.96288 -1.1743 1.16544 1.01898 -0.180982 -0.6039 2.94175 2.33721 -0.167096 -0.281302 0.381761 2.08135 -3.08054 0.149189 0.244155 0.0391867 2.82363 3.10887 0.092295 
-1.26197 -2.11209 -2.45702 -1.4692 2.44725 -1.35987 0.867456 -1.73685 0.910426 -2.04341 1.75152 1.93021 -1.15969 1.15587 1.03734 -0.183984 -0.635189 2.96425 2.33834 -0.165585 -0.302779 0.34495 2.10139 -3.07551 0.17795 0.264165 0.0834389 2.81767 3.11615 0.113567 
-1.30158 -2.1006 -2.46168 -1.44255 2.44986 -1.35651 0.83436 -1.72793 0.91292 -2.03174 1.78481 1.86178 -1.13328 1.14034 1.05848 -0.209948 -0.677371 3.00679 2.3553 -0.160546 -0.327568 0.305725 2.12346 -3.05931 0.214877 0.292859 0.127274 2.80594 3.12828 0.129383 
-1.33569 -2.08238 -2.46056 -1.42526 2.42923 -1.36982 0.816197 -1.75133 0.878893 -2.03317 1.81683 1.80938 -1.10665 1.10579 1.08318 -0.213711 -0.695663 3.03503 2.36031 -0.182791 -0.340415 0.285544 2.14796 -3.08075 0.229475 0.297605 0.157439 2.79947 3.14557 0.121076 
-1.36602 -2.09035 -2.43401 -1.40093 2.39062 -1.38659 0.799031 -1.78827 0.822478 -2.0621 1.87616 1.75605 -1.11802 1.05753 1.13557 -0.248665 -0.725343 3.06633 2.37949 -0.234425 -0.350184 0.295862 2.16266 -3.1264 0.265371 0.311344 0.156471 2.7941 3.19374 0.135156 
-1.3986 -2.09293 -2.40361 -1.3939 2.3542 -1.41971 0.774328 -1.81924 0.763782 -2.09725 1.93057 1.70933 -1.13762 0.991974 1.17264 -0.278578 -0.7565 3.10363 2.39204 -0.288057 -0.358855 0.301791 2.178 -3.18174 0.31814 0.342953 0.160538 2.79776 3.26069 0.15835 
-1.42009 -2.06219 -2.36855 -1.40948 2.34329 -1.4538 0.760403 -1.84324 0.732737 -2.13034 1.95047 1.66868 -1.13813 0.915719 1.20618 -0.279818 -0.782339 3.14502 2.38958 -0.327897 -0.37388 0.301135 2.17206 -3.25135 0.365793 0.362708 0.166149 2.80026 3.34012 0.195357 
-1.44821 -2.08518 -2.31606 -1.42412 2.29442 -1.49905 0.716358 -1.84087 0.690703 -2.20469 1.98724 1.6151 -1.1683 0.819149 1.20281 -0.318408 -0.849451 3.18871 2.37218 -0.367132 -0.400765 0.297742 2.12831 -3.30955 0.399058 0.397292 0.192587 2.79963 3.44387 0.279222 
