Mean 0 Mean 1 Mean 2 Mean 3 Mean 4 Mean 5 Mean 6 Mean 7 Mean 8 Mean 9 Mean 10 Mean 11 Mean 12 Mean 13 Mean 14 Mean 15 Mean 16 Mean 17 Mean 18 Mean 19 Mean 20 Mean 21 Mean 22 Mean 23 Mean 24 Mean 25 Mean 26 Mean 27 Mean 28 Mean 29 
-1.42725 -1.44006 -1.04781 -2.52779 2.40768 -1.38815 1.11544 -1.10173 0.67652 -2.14191 -0.940263 1.39893 0.959479 0.979371 0.592018 2.56064 -0.395606 2.13599 2.81372 0.146523 2.60751 2.9502 -0.618884 0.917622 2.52759 2.41321 -2.66702 0.225754 -0.640477 1.28659 
-1.42989 -1.43103 -1.04657 -2.5369 2.40207 -1.38342 1.12249 -1.11515 0.697808 -2.14914 -0.934144 1.41398 0.949889 0.966391 0.573716 2.56434 -0.396538 2.13796 2.81606 0.158696 2.60665 2.9624 -0.621603 0.913507 2.52028 2.39703 -2.65357 0.232369 -0.621091 1.30107 
-1.44972 -1.44423 -1.05616 -2.53283 2.40708 -1.39533 1.11878 -1.12412 0.683845 -2.13104 -0.928606 1.36888 0.946413 0.977883 0.559746 2.58254 -0.399393 2.13321 2.80419 0.17226 2.60827 2.95443 -0.601316 0.89638 2.52264 2.39114 -2.63971 0.243363 -0.619452 1.29487 
-1.44486 -1.44854 -1.06115 -2.54186 2.40279 -1.39344 1.1151 -1.13127 0.684042 -2.13484 -0.922434 1.36302 0.948036 0.979312 0.559115 2.58972 -0.391362 2.13604 2.80959 0.169753 2.60478 2.95729 -0.600278 0.893187 2.52436 2.38207 -2.64463 0.252303 -0.616588 1.29991 
-1.43649 -1.4605 -1.04984 -2.54581 2.4107 -1.37528 1.11284 -1.13792 0.685723 -2.15445 -0.923199 1.37338 0.948065 0.992433 0.539792 2.59806 -0.38574 2.12681 2.82389 0.16525 2.59225 2.95394 -0.583165 0.890435 2.51032 2.37846 -2.64887 0.239949 -0.615442 1.31914 
-1.42435 -1.46665 -1.04371 -2.55962 2.40094 -1.37401 1.11791 -1.14647 0.68586 -2.15894 -0.913331 1.38333 0.954239 0.996994 0.535106 2.59671 -0.377089 2.1329 2.82644 0.15584 2.59313 2.9533 -0.585281 0.897416 2.51348 2.37055 -2.65164 0.240519 -0.610033 1.33065 
-1.40954 -1.46606 -1.03116 -2.57856 2.38814 -1.37291 1.11778 -1.14092 0.684768 -2.16073 -0.899974 1.37994 0.957997 0.99373 0.531659 2.59582 -0.378085 2.12757 2.81854 0.144619 2.58228 2.95891 -0.593908 0.910909 2.50787 2.36888 -2.66019 0.239152 -0.603481 1.33976 
-1.40939 -1.4629 -1.02437 -2.58768 2.38256 -1.37111 1.11571 -1.14742 0.681567 -2.15731 -0.891028 1.38611 0.963088 0.996787 0.533498 2.60312 -0.381023 2.13245 2.81317 0.132348 2.58563 2.96487 -0.60202 0.915836 2.52177 2.35895 -2.66648 0.251723 -0.596419 1.3492 
-1.41293 -1.45731 -1.01903 -2.59185 2.37342 -1.37053 1.11018 -1.16048 0.673211 -2.15071 -0.884481 1.3931 0.962987 0.998331 0.52428 2.60796 -0.378696 2.14234 2.81042 0.121088 2.58868 2.96575 -0.609385 0.920538 2.52681 2.35043 -2.66981 0.254394 -0.579877 1.35175 
-1.41722 -1.46483 -1.0249 -2.59963 2.38155 -1.37123 1.11154 -1.15674 0.651608 -2.13348 -0.868925 1.3927 0.96012 1.00746 0.524066 2.60732 -0.398375 2.1339 2.78024 0.103133 2.58355 2.97867 -0.605994 0.914056 2.53522 2.34076 -2.66414 0.262563 -0.566428 1.34869 
-1.42799 -1.46458 -1.04549 -2.61274 2.37959 -1.38227 1.11462 -1.1384 0.644514 -2.11423 -0.859121 1.38201 0.957088 1.00512 0.509991 2.6011 -0.405177 2.12846 2.74559 0.0897015 2.58453 2.97793 -0.60154 0.921079 2.53614 2.33337 -2.66141 0.267593 -0.540439 1.34838 
-1.42566 -1.46117 -1.04483 -2.60881 2.38698 -1.38699 1.11155 -1.13698 0.633519 -2.10814 -0.853619 1.37479 0.950916 1.00028 0.490671 2.60007 -0.404813 2.13724 2.7229 0.0850788 2.58591 2.97201 -0.599331 0.919445 2.53476 2.31907 -2.66329 0.264707 -0.517438 1.34603 
-1.44205 -1.45987 -1.05363 -2.6127 2.39422 -1.39558 1.10919 -1.11594 0.617945 -2.07545 -0.860351 1.35255 0.952911 0.994651 0.469264 2.60406 -0.413033 2.14564 2.69472 0.100749 2.60449 2.95692 -0.600388 0.921919 2.5313 2.30547 -2.6638 0.257138 -0.49053 1.33244 
-1.45017 -1.46562 -1.06193 -2.61114 2.39378 -1.40266 1.11118 -1.10246 0.62074 -2.06653 -0.863774 1.34248 0.949153 0.991808 0.450178 2.6119 -0.419161 2.1506 2.67389 0.107974 2.61188 2.94837 -0.595677 0.928758 2.52614 2.30936 -2.6704 0.256422 -0.471146 1.33097 
-1.44728 -1.46546 -1.04905 -2.59981 2.38613 -1.41256 1.10499 -1.10098 0.626934 -2.0566 -0.847596 1.32709 0.94005 0.992301 0.447819 2.61017 -0.424466 2.15823 2.65888 0.117655 2.603 2.93439 -0.598596 0.933276 2.527 2.30611 -2.66883 0.251108 -0.434068 1.32199 
-1.43258 -1.4805 -1.02429 -2.59242 2.38273 -1.42625 1.0983 -1.09355 0.631346 -2.04368 -0.825448 1.31772 0.934441 0.992063 0.446207 2.60752 -0.432627 2.16709 2.64844 0.122303 2.58747 2.92128 -0.592378 0.936079 2.51674 2.30815 -2.68393 0.235986 -0.407104 1.31309 
-1.43814 -1.49389 -1.00132 -2.58125 2.38883 -1.44585 1.0994 -1.09333 0.62947 -2.03342 -0.806688 1.30824 0.928225 1.00607 0.443372 2.60992 -0.443404 2.18254 2.64428 0.124543 2.57898 2.91948 -0.582332 0.936023 2.50877 2.30793 -2.68322 0.230871 -0.373594 1.3114 
-1.46612 -1.51696 -0.970421 -2.54016 2.38055 -1.47896 1.08512 -1.07104 0.614302 -2.01847 -0.765768 1.29123 0.910046 1.01034 0.43501 2.6149 -0.448505 2.20543 2.64709 0.121372 2.59465 2.91655 -0.553271 0.92574 2.49418 2.29476 -2.66636 0.232052 -0.316184 1.33039 
-1.5139 -1.54821 -0.944136 -2.5004 2.36167 -1.52037 1.07295 -1.03099 0.589635 -2.00281 -0.707468 1.26383 0.892273 1.00429 0.435462 2.61121 -0.443595 2.23167 2.637 0.127128 2.61819 2.91639 -0.512068 0.909708 2.47722 2.27953 -2.63779 0.23396 -0.24101 1.35403 
-1.58067 -1.58995 -0.917583 -2.44415 2.35504 -1.57956 1.07102 -0.977637 0.556267 -1.97499 -0.638972 1.23902 0.870066 0.995784 0.456427 2.6172 -0.427098 2.25742 2.62498 0.124038 2.63724 2.94759 -0.451663 0.889532 2.47389 2.27285 -2.60195 0.222932 -0.177256 1.37589 
-1.66186 -1.6542 -0.892428 -2.36845 2.35848 -1.64783 1.05674 -0.912703 0.516746 -1.94316 -0.554959 1.20843 0.855621 0.976826 0.492498 2.61389 -0.405683 2.29075 2.60492 0.113483 2.64852 2.996 -0.377009 0.855868 2.48155 2.27799 -2.54848 0.204076 -0.102025 1.40285 
-1.71781 -1.70079 -0.875572 -2.31151 2.36688 -1.70274 1.04293 -0.877956 0.492376 -1.91541 -0.494216 1.19404 0.85216 0.964608 0.51642 2.60002 -0.388131 2.31291 2.59602 0.0935308 2.6497 3.03717 -0.330695 0.825956 2.48624 2.28834 -2.51796 0.191076 -0.0503027 1.4263 
-1.75345 -1.74285 -0.866007 -2.26389 2.3826 -1.75264 1.03155 -0.854331 0.474169 -1.89111 -0.439905 1.18984 0.856279 0.949297 0.53853 2.57934 -0.381185 2.33023 2.58659 0.075358 2.64756 3.06857 -0.302829 0.795457 2.49985 2.29805 -2.5032 0.179642 -0.00982139 1.44134 
-1.73108 -1.73551 -0.878458 -2.26551 2.39844 -1.78344 1.03862 -0.868712 0.482957 -1.88323 -0.428573 1.20153 0.869699 0.940894 0.541138 2.56886 -0.37889 2.32788 2.59519 0.0796067 2.63962 3.08145 -0.306325 0.78061 2.52247 2.29973 -2.55612 0.179507 -0.0185657 1.43629 
-1.69729 -1.72434 -0.90028 -2.26992 2.41893 -1.80674 1.04384 -0.890138 0.506539 -1.88709 -0.439942 1.21511 0.888349 0.927796 0.542908 2.56512 -0.39374 2.31857 2.60607 0.0855165 2.61917 3.08718 -0.326483 0.772694 2.54474 2.31715 -2.61359 0.180406 -0.0435522 1.43086 
-1.6724 -1.72429 -0.915155 -2.26025 2.44152 -1.8349 1.04531 -0.905691 0.530929 -1.88855 -0.439824 1.22535 0.912896 0.908638 0.53109 2.56352 -0.420302 2.31254 2.61591 0.0814843 2.60206 3.09288 -0.340144 0.754082 2.56149 2.33891 -2.65309 0.186523 -0.0579346 1.4378 
-1.6421 -1.72071 -0.927434 -2.24743 2.46037 -1.86104 1.04355 -0.928355 0.54807 -1.88885 -0.431097 1.25064 0.94825 0.894661 0.51302 2.57028 -0.447319 2.29818 2.62623 0.060856 2.59519 3.09212 -0.346059 0.738334 2.56351 2.34501 -2.67364 0.197667 -0.0695718 1.45316 
-1.60648 -1.70933 -0.932742 -2.23941 2.46999 -1.88439 1.04333 -0.950457 0.562837 -1.88297 -0.426587 1.27598 0.989822 0.868662 0.4984 2.57976 -0.473435 2.28177 2.63488 0.0427205 2.59125 3.09057 -0.357232 0.7279 2.55616 2.34149 -2.7022 0.203248 -0.08973 1.46422 
-1.55977 -1.68253 -0.945884 -2.25242 2.48925 -1.88766 1.04544 -0.98442 0.588732 -1.88989 -0.430632 1.28189 1.01539 0.850563 0.478356 2.59786 -0.512374 2.26503 2.64139 0.0293459 2.58184 3.08046 -0.378485 0.735755 2.53989 2.32997 -2.7497 0.214308 -0.115063 1.4507 
-1.50487 -1.66921 -0.966838 -2.26967 2.50283 -1.8734 1.04122 -1.02007 0.613381 -1.90391 -0.438909 1.29566 1.02439 0.843542 0.473566 2.61489 -0.552828 2.23385 2.62371 0.0167833 2.55415 3.07949 -0.407192 0.738471 2.5361 2.33557 -2.79448 0.224391 -0.144023 1.44701 
-1.47078 -1.67141 -0.974405 -2.27529 2.51414 -1.87812 1.01689 -1.06557 0.632324 -1.91325 -0.461943 1.32963 1.03996 0.853051 0.486358 2.633 -0.580931 2.20978 2.62119 0.0102006 2.51965 3.07237 -0.417304 0.737161 2.53507 2.33691 -2.82869 0.247217 -0.157415 1.45016 
-1.44244 -1.66169 -0.973339 -2.28478 2.51 -1.86372 0.996196 -1.10916 0.633531 -1.91769 -0.489308 1.35351 1.02621 0.873967 0.480449 2.65488 -0.613996 2.20666 2.61192 0.00315095 2.50179 3.07274 -0.449678 0.718005 2.53694 2.34021 -2.84748 0.272896 -0.16485 1.45216 
-1.41421 -1.6349 -0.981938 -2.28541 2.50875 -1.84654 0.976807 -1.15536 0.618033 -1.90746 -0.512649 1.38195 1.0084 0.890121 0.466964 2.69051 -0.641362 2.18547 2.59242 -0.0180432 2.49213 3.07552 -0.485798 0.699508 2.54341 2.3377 -2.82331 0.298161 -0.178797 1.45644 
-1.38793 -1.63455 -0.966668 -2.29149 2.47957 -1.81765 0.953877 -1.20346 0.625283 -1.9024 -0.531444 1.41493 0.970422 0.931705 0.478672 2.73168 -0.674678 2.20041 2.60651 -0.0104432 2.46088 3.07682 -0.54946 0.669862 2.56046 2.36187 -2.80145 0.332639 -0.181741 1.43805 
-1.38241 -1.59983 -0.990059 -2.29795 2.42242 -1.78111 0.915627 -1.24471 0.57477 -1.91924 -0.549694 1.46807 0.983905 0.949032 0.514828 2.77007 -0.704706 2.13463 2.625 -0.00549858 2.46255 3.09592 -0.559425 0.623837 2.58102 2.33193 -2.77161 0.316425 -0.182769 1.40509 
-1.41454 -1.58136 -1.06988 -2.31346 2.28333 -1.75601 0.83562 -1.28782 0.474489 -1.98161 -0.566276 1.52126 1.04897 0.996306 0.627061 2.82608 -0.686729 2.01736 2.72172 0.0321365 2.47372 3.10162 -0.522451 0.567374 2.57993 2.26253 -2.73687 0.217348 -0.143938 1.35704 
-1.42171 -1.56405 -1.12736 -2.34843 2.17706 -1.73613 0.761726 -1.3 0.399236 -2.0318 -0.567269 1.53169 1.08971 1.03766 0.673019 2.84407 -0.658646 1.93997 2.79522 0.0479515 2.49148 3.11835 -0.489539 0.549815 2.53897 2.20709 -2.71987 0.16925 -0.121334 1.33688 
-1.4225 -1.54248 -1.12074 -2.39209 2.11713 -1.7547 0.67046 -1.29175 0.329319 -2.08804 -0.526204 1.49676 1.10359 1.04425 0.655019 2.81714 -0.642361 1.92318 2.79542 0.05092 2.50952 3.13402 -0.474956 0.551405 2.46827 2.18302 -2.71881 0.187427 -0.125903 1.34266 
-1.42418 -1.55227 -1.12266 -2.40262 2.09876 -1.76724 0.612709 -1.28117 0.266858 -2.14203 -0.461014 1.45481 1.12389 1.04091 0.658573 2.77536 -0.646198 1.94844 2.77463 0.0254393 2.49198 3.14633 -0.465962 0.548075 2.3977 2.22568 -2.70585 0.215959 -0.153382 1.38146 
-1.42215 -1.58995 -1.12094 -2.40802 2.12051 -1.77101 0.59652 -1.2702 0.212579 -2.15775 -0.4149 1.43364 1.12815 1.04705 0.689855 2.76325 -0.65206 1.98879 2.77637 -0.0298982 2.46116 3.14331 -0.471466 0.536239 2.33433 2.266 -2.68083 0.232776 -0.190892 1.42681 
