Mean 0 Mean 1 Mean 2 Mean 3 Mean 4 Mean 5 Mean 6 Mean 7 Mean 8 Mean 9 Mean 10 Mean 11 Mean 12 Mean 13 Mean 14 Mean 15 Mean 16 Mean 17 Mean 18 Mean 19 Mean 20 Mean 21 Mean 22 Mean 23 Mean 24 Mean 25 Mean 26 Mean 27 Mean 28 Mean 29 
-1.87756 1.08152 -2.34473 -1.02577 1.21133 -1.14458 0.986412 1.09663 1.07744 -2.69379 -0.993315 2.57577 0.971306 -1.46711 0.914363 -0.0505368 -0.663301 0.721523 2.70237 0.207466 -0.455023 0.780958 -0.865163 -2.90045 2.63089 -0.598944 -2.88048 2.06483 -1.28202 -2.646 
-1.87157 1.08382 -2.33647 -1.01839 1.21098 -1.14467 0.9855 1.09389 1.06961 -2.6943 -0.995821 2.5681 0.98081 -1.45736 0.923999 -0.0422689 -0.675075 0.725422 2.70351 0.205299 -0.457926 0.780499 -0.862375 -2.90163 2.62393 -0.60377 -2.87686 2.53358 -1.28867 -2.64701 
-1.87911 1.08044 -2.33971 -1.02534 1.21006 -1.14414 0.986705 1.08766 1.06402 -2.69581 -0.992129 2.56559 0.977593 -1.44985 0.928788 -0.0399149 -0.673432 0.727394 2.69537 0.200289 -0.46172 0.77749 -0.858098 -2.89975 2.61719 -0.59746 -2.87401 2.693 -1.28144 -2.64995 
-1.88442 1.08259 -2.33955 -1.03976 1.20627 -1.1502 0.984477 1.08963 1.05735 -2.69284 -0.987181 2.55331 0.976962 -1.43537 0.928335 -0.0472013 -0.681053 0.733813 2.68901 0.203747 -0.466393 0.766236 -0.85934 -2.90112 2.61269 -0.585948 -2.87703 2.77512 -1.27124 -2.64926 
-1.88123 1.07866 -2.32676 -1.05091 1.20202 -1.15292 0.982077 1.07707 1.04044 -2.70352 -0.978996 2.53868 0.967318 -1.42548 0.923165 -0.0408444 -0.693766 0.734271 2.68177 0.207401 -0.471613 0.762124 -0.84403 -2.89409 2.60838 -0.585672 -2.86793 2.81317 -1.25998 -2.64754 
-1.88363 1.07699 -2.32162 -1.0554 1.198 -1.15039 0.974095 1.06533 1.03017 -2.7048 -0.962565 2.53501 0.961254 -1.41939 0.919205 -0.0334807 -0.690133 0.732651 2.67939 0.203651 -0.478185 0.77055 -0.832608 -2.89542 2.60664 -0.588978 -2.86351 2.83595 -1.24979 -2.64715 
-1.87934 1.07794 -2.31462 -1.06383 1.19633 -1.14836 0.973898 1.05556 1.02329 -2.70693 -0.953215 2.53122 0.958142 -1.41972 0.913345 -0.0313509 -0.697522 0.731344 2.67179 0.197619 -0.484565 0.764013 -0.832842 -2.88434 2.61151 -0.590011 -2.86425 2.84948 -1.24168 -2.64441 
-1.89309 1.08312 -2.30928 -1.07442 1.19385 -1.15031 0.969859 1.02979 1.01092 -2.70529 -0.945073 2.51953 0.952878 -1.42036 0.904035 -0.0218629 -0.708334 0.737396 2.66945 0.207805 -0.484066 0.758042 -0.826911 -2.87972 2.61356 -0.596131 -2.84794 2.85337 -1.22095 -2.64019 
-1.91262 1.08592 -2.30578 -1.08247 1.19608 -1.15517 0.960787 1.01484 0.993066 -2.70065 -0.933242 2.50002 0.948678 -1.42171 0.891926 -0.0124243 -0.71061 0.742087 2.65986 0.206488 -0.482913 0.75656 -0.825092 -2.87601 2.61447 -0.608521 -2.83009 2.85918 -1.19845 -2.63185 
-1.92461 1.08635 -2.29877 -1.08906 1.19777 -1.1646 0.963406 1.01186 0.976157 -2.68805 -0.926654 2.48436 0.947485 -1.4143 0.881455 -0.00839985 -0.709177 0.745014 2.64366 0.202585 -0.487815 0.751075 -0.820281 -2.87266 2.61528 -0.619676 -2.82966 2.86353 -1.18077 -2.63533 
-1.92184 1.0835 -2.29296 -1.10396 1.19522 -1.17337 0.963335 1.02196 0.968689 -2.67195 -0.917667 2.46862 0.951181 -1.40263 0.878401 -0.0128713 -0.713831 0.748744 2.63341 0.200524 -0.496604 0.733548 -0.821679 -2.8658 2.62713 -0.612676 -2.84227 2.87132 -1.16403 -2.63571 
-1.92839 1.07151 -2.27766 -1.11606 1.19655 -1.19585 0.961404 1.02674 0.956155 -2.65643 -0.908903 2.45212 0.953915 -1.3899 0.87007 -0.0095791 -0.710579 0.752512 2.61861 0.189783 -0.507073 0.722508 -0.815385 -2.86731 2.6313 -0.615037 -2.85443 2.88008 -1.15061 -2.64035 
-1.93604 1.06897 -2.27722 -1.12199 1.18834 -1.19349 0.954277 1.0334 0.952226 -2.64044 -0.900593 2.44826 0.952347 -1.38945 0.865986 -0.00140888 -0.711359 0.747513 2.60338 0.187884 -0.51136 0.722266 -0.810736 -2.86541 2.63554 -0.62044 -2.86512 2.89973 -1.13479 -2.64719 
-1.9356 1.06518 -2.27382 -1.1214 1.18474 -1.2066 0.950968 1.03293 0.94807 -2.62461 -0.896336 2.45243 0.954213 -1.38967 0.855579 -0.000352018 -0.717607 0.747454 2.5908 0.191927 -0.505357 0.722615 -0.812382 -2.87604 2.64468 -0.627969 -2.88764 2.90605 -1.12257 -2.66192 
-1.92784 1.06293 -2.27754 -1.126 1.16905 -1.22363 0.951287 1.04018 0.944411 -2.59751 -0.899969 2.46708 0.972721 -1.40559 0.869871 -0.00457217 -0.714949 0.751537 2.56528 0.179248 -0.505589 0.727672 -0.834777 -2.88091 2.67686 -0.619568 -2.9239 2.91486 -1.10556 -2.67548 
-1.91902 1.06292 -2.2646 -1.11425 1.17818 -1.23371 0.957093 1.03548 0.950745 -2.58351 -0.89885 2.46829 0.973544 -1.40066 0.868815 -0.00141669 -0.725608 0.75357 2.55017 0.181803 -0.512114 0.729981 -0.848575 -2.8898 2.69804 -0.629366 -2.95009 2.92348 -1.10417 -2.67854 
-1.90901 1.05177 -2.24868 -1.10051 1.17608 -1.25312 0.954339 1.03949 0.954773 -2.58226 -0.911575 2.46558 0.963686 -1.40667 0.858473 0.0043995 -0.738502 0.758507 2.53058 0.185916 -0.526813 0.723874 -0.856572 -2.90756 2.70777 -0.615052 -2.96428 2.92432 -1.08975 -2.67193 
-1.92126 1.01527 -2.23692 -1.09375 1.14056 -1.25371 0.909215 1.05213 0.939303 -2.58694 -0.866992 2.4202 0.956189 -1.4042 0.845994 -0.0181512 -0.748788 0.771233 2.5154 0.180741 -0.539675 0.700932 -0.870759 -2.93225 2.72421 -0.610627 -2.93606 2.94838 -1.03314 -2.65041 
-1.90226 1.01594 -2.22783 -1.08112 1.14582 -1.26486 0.927384 1.04924 0.957512 -2.57127 -0.863778 2.42886 0.956686 -1.40142 0.843938 0.00127184 -0.759894 0.766168 2.50614 0.188419 -0.540558 0.695812 -0.883253 -2.93334 2.73639 -0.612761 -2.96298 2.95413 -1.02931 -2.64907 
-1.89623 1.00452 -2.22436 -1.07461 1.13641 -1.27859 0.929108 1.03813 0.964849 -2.54975 -0.882462 2.44105 0.952516 -1.40737 0.827148 0.0162985 -0.779491 0.764361 2.50105 0.202064 -0.539365 0.693164 -0.901281 -2.93069 2.73055 -0.616551 -2.97489 2.9521 -1.0295 -2.64387 
-1.90917 0.989424 -2.21699 -1.06037 1.12873 -1.27536 0.903149 1.00917 0.967063 -2.51589 -0.920374 2.46808 0.947266 -1.42856 0.791143 0.0245316 -0.815214 0.748487 2.49536 0.218091 -0.52878 0.691275 -0.913798 -2.94496 2.69283 -0.639015 -2.97717 2.95741 -1.03082 -2.65535 
-1.92124 0.987201 -2.23072 -1.06697 1.1222 -1.26942 0.883738 0.988114 0.958095 -2.47184 -0.955785 2.49511 0.942172 -1.4493 0.765993 0.0238556 -0.846395 0.736645 2.49334 0.227808 -0.519019 0.699589 -0.939996 -2.95873 2.66952 -0.674082 -2.96691 2.95098 -1.03471 -2.66038 
-1.91865 0.986281 -2.24066 -1.11594 1.09881 -1.25622 0.85541 0.953287 0.924992 -2.43816 -1.0053 2.51765 0.942097 -1.48525 0.763113 0.0621714 -0.863781 0.712303 2.49549 0.280891 -0.522125 0.694825 -0.969074 -2.98869 2.64335 -0.71516 -2.92275 2.93915 -1.06912 -2.64403 
-1.90463 0.985981 -2.25492 -1.16486 1.08717 -1.2307 0.838325 0.923034 0.900323 -2.40132 -1.06455 2.53282 0.94268 -1.52496 0.767311 0.0953227 -0.885846 0.693238 2.5012 0.351619 -0.53785 0.681558 -0.998209 -3.01627 2.62731 -0.753727 -2.8786 2.93083 -1.09981 -2.61287 
-1.9079 0.974868 -2.2639 -1.1566 1.08066 -1.21784 0.835949 0.88902 0.889098 -2.36293 -1.06718 2.53652 0.93703 -1.53819 0.760944 0.0927976 -0.902299 0.686785 2.51772 0.383813 -0.528353 0.696715 -1.01187 -3.03069 2.58786 -0.773695 -2.87616 2.93424 -1.09578 -2.61043 
-1.92345 0.958555 -2.2678 -1.14885 1.08486 -1.21858 0.812543 0.856936 0.890814 -2.34123 -1.08168 2.55433 0.923889 -1.54915 0.726295 0.0882917 -0.931128 0.66374 2.52132 0.378158 -0.525264 0.717043 -1.02515 -3.03615 2.5291 -0.784395 -2.89212 2.94798 -1.09395 -2.62672 
-1.94098 0.941062 -2.25561 -1.14319 1.09515 -1.21732 0.780598 0.826945 0.89937 -2.33 -1.09526 2.57527 0.914431 -1.54836 0.689907 0.0779521 -0.962481 0.651595 2.52591 0.36392 -0.520934 0.72642 -1.02866 -3.03838 2.48961 -0.790167 -2.90956 2.96775 -1.09472 -2.65284 
-1.95472 0.921151 -2.23832 -1.12024 1.10526 -1.22948 0.762993 0.81645 0.907038 -2.32794 -1.08321 2.58785 0.915078 -1.53198 0.680174 0.0611138 -0.990014 0.650063 2.5379 0.345987 -0.50969 0.741021 -1.01595 -3.03935 2.46225 -0.780879 -2.91445 2.97954 -1.097 -2.65836 
-1.96977 0.904265 -2.21799 -1.10724 1.1152 -1.24119 0.731378 0.796436 0.903869 -2.3102 -1.08556 2.58947 0.93896 -1.51364 0.66837 0.0486604 -1.02241 0.655301 2.55407 0.312963 -0.503667 0.756352 -1.01301 -3.04262 2.41963 -0.774833 -2.91333 2.98864 -1.1067 -2.66496 
-1.97122 0.888733 -2.19434 -1.10311 1.13172 -1.26384 0.704602 0.773955 0.900957 -2.28095 -1.09565 2.60394 0.951592 -1.50196 0.673413 0.0531927 -1.05698 0.65017 2.55546 0.290287 -0.512097 0.774236 -1.03042 -3.05176 2.38222 -0.780856 -2.9016 3.008 -1.11317 -2.68136 
-1.97075 0.870567 -2.16993 -1.11045 1.14008 -1.28339 0.661532 0.741515 0.897944 -2.24576 -1.11725 2.62932 0.964515 -1.49908 0.672829 0.0596064 -1.09941 0.633033 2.55402 0.278275 -0.525689 0.790639 -1.04895 -3.06941 2.34127 -0.796885 -2.87444 3.02792 -1.13026 -2.70657 
-1.96694 0.845859 -2.15249 -1.10165 1.1558 -1.29521 0.631894 0.710317 0.895795 -2.21628 -1.12554 2.64683 0.964251 -1.47953 0.676284 0.0548691 -1.15999 0.614893 2.57106 0.243538 -0.534604 0.817448 -1.07132 -3.07998 2.30588 -0.803247 -2.86357 3.0559 -1.14711 -2.7321 
-1.97297 0.833842 -2.1425 -1.11007 1.17922 -1.29939 0.618365 0.680137 0.879434 -2.20253 -1.09723 2.64919 0.966836 -1.46584 0.705462 0.0519453 -1.20926 0.609908 2.58245 0.18177 -0.548918 0.84266 -1.07063 -3.05336 2.3037 -0.806185 -2.84208 3.08664 -1.14401 -2.73183 
-1.98428 0.863936 -2.12203 -1.13988 1.19886 -1.29895 0.597887 0.657012 0.853892 -2.19376 -1.05698 2.64321 0.978299 -1.45944 0.714686 0.0695756 -1.22024 0.619276 2.57307 0.129158 -0.565023 0.836867 -1.0543 -3.03076 2.32006 -0.806354 -2.80869 3.11674 -1.1169 -2.69542 
-2.04894 0.9344 -2.00392 -1.16735 1.2285 -1.32931 0.60574 0.549562 0.825103 -2.13241 -1.01968 2.61526 1.08373 -1.52276 0.691702 0.0957111 -1.28058 0.678512 2.47544 0.0796951 -0.669359 0.817918 -1.04815 -3.05401 2.353 -0.806321 -2.80533 3.23001 -1.09054 -2.61911 
-2.06964 1.01559 -1.97788 -1.20305 1.2466 -1.31991 0.616698 0.502459 0.81056 -2.129 -0.990267 2.61828 1.15222 -1.55513 0.662357 0.11366 -1.28769 0.697643 2.41653 0.0280836 -0.684985 0.819747 -1.00667 -3.06045 2.33955 -0.764279 -2.79553 3.25704 -1.10405 -2.54094 
-2.06859 1.06807 -1.94707 -1.20443 1.27676 -1.32926 0.640517 0.47273 0.791708 -2.1284 -0.948328 2.60253 1.19358 -1.58232 0.616948 0.132089 -1.31186 0.720707 2.35898 -0.0148319 -0.708929 0.828775 -0.986528 -3.07769 2.31088 -0.72404 -2.799 3.28286 -1.08728 -2.47818 
-2.02266 1.14383 -1.97194 -1.21305 1.30085 -1.31063 0.722576 0.482392 0.792994 -2.14108 -0.877324 2.6094 1.19699 -1.59165 0.597606 0.132935 -1.31881 0.67699 2.31074 -0.0427705 -0.667606 0.816043 -0.950976 -3.07896 2.26838 -0.669884 -2.79392 3.28768 -1.03863 -2.46684 
-1.94225 1.25949 -2.04499 -1.21682 1.26704 -1.24807 0.760082 0.537149 0.844358 -2.09113 -0.800302 2.66239 1.2453 -1.61902 0.634031 0.104383 -1.34463 0.60147 2.22044 -0.0563287 -0.59815 0.735494 -0.916611 -3.09231 2.284 -0.579011 -2.75741 3.28081 -0.968827 -2.50895 
-1.89352 1.35777 -2.08776 -1.18029 1.27176 -1.18538 0.789679 0.578474 0.874319 -2.06119 -0.722078 2.69004 1.27943 -1.64663 0.727627 0.0917189 -1.34365 0.620559 2.13044 -0.0669134 -0.572654 0.72959 -0.864884 -3.10554 2.2753 -0.533982 -2.71015 3.28928 -0.937886 -2.56403 
