Mean 0 Mean 1 Mean 2 Mean 3 Mean 4 Mean 5 Mean 6 Mean 7 Mean 8 Mean 9 Mean 10 Mean 11 Mean 12 Mean 13 Mean 14 Mean 15 Mean 16 Mean 17 Mean 18 Mean 19 Mean 20 Mean 21 Mean 22 Mean 23 Mean 24 Mean 25 Mean 26 Mean 27 Mean 28 Mean 29 
-2.09836 -1.61365 -2.54517 -2.59005 2.22112 -1.05845 1.09779 -1.05496 -1.33876 -1.46619 1.40236 1.26923 -2.30819 0.901201 -2.36897 -2.91404 2.45681 2.71932 2.3474 -2.27164 2.93692 0.446254 2.41124 1.25293 -0.0329902 0.302328 -2.51561 -0.129264 -2.71262 2.63572 
-2.08362 -1.65161 -2.54055 -2.56251 2.18203 -1.04462 1.09394 -1.07197 -1.38052 -1.4734 1.37026 1.29285 -2.29332 0.902512 -2.35652 -2.92678 2.45322 2.70273 2.38165 -2.66165 2.96459 0.449755 2.42188 1.29624 -0.0304407 0.306995 -2.52085 -0.114387 -2.69963 2.65504 
-2.08256 -1.65756 -2.53665 -2.56464 2.16242 -1.03102 1.08456 -1.06643 -1.40792 -1.47784 1.36326 1.28504 -2.28798 0.903917 -2.36436 -2.93646 2.44764 2.7022 2.39404 -2.7967 2.96554 0.456909 2.43151 1.31109 -0.0227343 0.310839 -2.53262 -0.105611 -2.68666 2.65418 
-2.08054 -1.66204 -2.52894 -2.55751 2.1562 -1.02845 1.07244 -1.06312 -1.43148 -1.46329 1.36399 1.27809 -2.29964 0.908323 -2.36902 -2.92993 2.4413 2.70043 2.3979 -2.85822 2.95828 0.462467 2.43282 1.30218 -0.0205451 0.299772 -2.5247 -0.10771 -2.67784 2.64908 
-2.08437 -1.67625 -2.52465 -2.54244 2.17051 -1.02511 1.05777 -1.06433 -1.45425 -1.45607 1.36571 1.29153 -2.30946 0.921109 -2.36703 -2.92875 2.43029 2.68011 2.37383 -2.90141 2.94976 0.480624 2.43512 1.27598 -0.0265344 0.288301 -2.51641 -0.106523 -2.66598 2.64023 
-2.12678 -1.66477 -2.54696 -2.52536 2.20604 -1.02414 1.04924 -1.0541 -1.47212 -1.44275 1.3873 1.2947 -2.32834 0.933721 -2.36216 -2.93081 2.4462 2.64805 2.33794 -2.93577 2.93594 0.485454 2.4271 1.25878 -0.030464 0.270465 -2.53828 -0.123033 -2.63925 2.63094 
-2.13975 -1.66857 -2.555 -2.5247 2.20674 -1.03282 1.04034 -1.06372 -1.48105 -1.44757 1.39337 1.30527 -2.33134 0.94531 -2.3645 -2.93452 2.44406 2.64802 2.32664 -2.96069 2.92919 0.478861 2.43137 1.2603 -0.0249729 0.269126 -2.56179 -0.12072 -2.61069 2.63272 
-2.14519 -1.67515 -2.55865 -2.53185 2.19704 -1.04503 1.03622 -1.07061 -1.48197 -1.4522 1.40471 1.31531 -2.33317 0.952355 -2.37128 -2.94218 2.43798 2.65472 2.32435 -2.98058 2.92243 0.471467 2.43667 1.26523 -0.026716 0.268612 -2.57019 -0.115749 -2.59195 2.63343 
-2.13405 -1.67756 -2.55366 -2.54171 2.18498 -1.05338 1.0385 -1.08106 -1.4755 -1.44115 1.42241 1.31241 -2.31578 0.950786 -2.37533 -2.94757 2.4124 2.65993 2.32189 -2.99369 2.91512 0.452662 2.42691 1.26456 -0.0241046 0.271543 -2.54792 -0.112364 -2.59639 2.64079 
-2.13502 -1.65921 -2.55138 -2.55616 2.18442 -1.05375 1.04713 -1.10459 -1.47524 -1.4445 1.42473 1.30496 -2.29592 0.944485 -2.3732 -2.9412 2.39523 2.66438 2.3255 -2.99733 2.90974 0.438542 2.41397 1.30138 -0.0163317 0.275288 -2.51637 -0.118356 -2.59541 2.65534 
-2.14742 -1.66534 -2.53948 -2.56525 2.17643 -1.05662 1.04075 -1.1088 -1.47982 -1.43679 1.43864 1.28812 -2.28903 0.947028 -2.38592 -2.94733 2.39216 2.67339 2.33779 -3.00904 2.90756 0.431941 2.41827 1.2919 -0.00484563 0.261714 -2.51164 -0.103448 -2.57948 2.64941 
-2.15494 -1.67581 -2.52513 -2.5595 2.15578 -1.06154 0.983633 -1.11515 -1.49637 -1.4331 1.47668 1.26851 -2.29844 0.942065 -2.39493 -2.95826 2.38001 2.68104 2.33256 -3.0264 2.8965 0.436448 2.41516 1.27233 0.016215 0.247956 -2.48763 -0.0950981 -2.5312 2.64598 
-2.17961 -1.70414 -2.50481 -2.56112 2.10957 -1.07253 0.899673 -1.11561 -1.53223 -1.43644 1.52842 1.22941 -2.32067 0.938851 -2.41048 -2.97059 2.37441 2.70093 2.33293 -3.04251 2.90157 0.425727 2.41168 1.23628 0.0375709 0.230594 -2.45225 -0.0761069 -2.46462 2.65559 
-2.18911 -1.70312 -2.49369 -2.55195 2.1077 -1.08898 0.856629 -1.1325 -1.52271 -1.41962 1.5311 1.24841 -2.298 0.948406 -2.3984 -2.95616 2.36259 2.71517 2.3354 -3.01903 2.9114 0.423002 2.41741 1.18687 0.0493525 0.220465 -2.47395 -0.0912711 -2.44887 2.6058 
-2.18057 -1.70567 -2.49305 -2.53892 2.09523 -1.10532 0.847373 -1.14188 -1.50545 -1.40612 1.5156 1.25849 -2.29 0.943554 -2.38851 -2.94495 2.35645 2.72249 2.32752 -3.00907 2.91058 0.405846 2.40497 1.18305 0.0565962 0.226686 -2.47793 -0.0919629 -2.43466 2.58376 
-2.16283 -1.71332 -2.48875 -2.53652 2.07912 -1.10507 0.867276 -1.14823 -1.4965 -1.39059 1.50431 1.25545 -2.28704 0.943365 -2.37649 -2.94596 2.3514 2.72703 2.2991 -3.00791 2.90245 0.385696 2.39514 1.19483 0.0589714 0.243415 -2.4838 -0.095991 -2.42696 2.58345 
-2.14953 -1.72376 -2.46831 -2.53169 2.07369 -1.10391 0.865982 -1.15555 -1.48299 -1.3931 1.48476 1.26184 -2.28535 0.961953 -2.37437 -2.94243 2.34782 2.7452 2.30057 -2.99544 2.90505 0.370227 2.37804 1.20405 0.0566992 0.236828 -2.50933 -0.105418 -2.42904 2.5896 
-2.1272 -1.74063 -2.44662 -2.53007 2.08453 -1.11511 0.875188 -1.16332 -1.48697 -1.40142 1.44438 1.27841 -2.31209 0.97687 -2.3744 -2.9667 2.34626 2.77281 2.3113 -2.99696 2.88604 0.375012 2.35598 1.21549 0.0575985 0.225223 -2.56771 -0.131444 -2.4343 2.60266 
-2.10243 -1.75291 -2.41844 -2.52335 2.10207 -1.1227 0.884415 -1.18515 -1.49221 -1.41121 1.38523 1.30824 -2.34875 0.993774 -2.38431 -2.98641 2.34224 2.79024 2.33546 -3.00558 2.87006 0.38023 2.32674 1.2251 0.0568595 0.21424 -2.63374 -0.148788 -2.44207 2.61858 
-2.09509 -1.76879 -2.38532 -2.509 2.12206 -1.12913 0.873494 -1.20942 -1.49213 -1.40502 1.33005 1.34566 -2.37139 1.00988 -2.40007 -3.0024 2.3236 2.79283 2.35079 -2.99632 2.85797 0.387734 2.31437 1.22095 0.0456483 0.194504 -2.69076 -0.159221 -2.44146 2.61808 
-2.08217 -1.77236 -2.36178 -2.49085 2.13419 -1.14734 0.864252 -1.23293 -1.49429 -1.39362 1.2718 1.36309 -2.38139 1.01012 -2.42103 -2.99386 2.31664 2.79446 2.34649 -3.00335 2.83804 0.389582 2.30815 1.22626 0.0352294 0.190544 -2.75751 -0.159752 -2.44959 2.61385 
-2.08 -1.77462 -2.32805 -2.47703 2.14116 -1.13882 0.856154 -1.26875 -1.4781 -1.37247 1.23167 1.38746 -2.38537 1.00494 -2.45468 -2.99545 2.29547 2.79225 2.35113 -2.99002 2.8315 0.386772 2.3085 1.22907 0.0213178 0.172341 -2.80289 -0.156417 -2.45535 2.60512 
-2.12204 -1.81904 -2.28687 -2.45642 2.1247 -1.11776 0.778671 -1.32637 -1.47193 -1.29616 1.15341 1.45701 -2.40074 0.974456 -2.5337 -3.01927 2.21293 2.74671 2.34424 -2.96172 2.83416 0.385498 2.30854 1.22654 -0.0704625 0.106396 -2.83261 -0.122106 -2.45566 2.53279 
-2.16459 -1.84878 -2.24958 -2.4399 2.10799 -1.10262 0.721717 -1.39312 -1.46926 -1.21728 1.09188 1.50037 -2.39968 0.945463 -2.61469 -3.02457 2.1394 2.70342 2.32427 -2.94114 2.84133 0.372223 2.30431 1.22833 -0.159396 0.0495515 -2.84116 -0.0715718 -2.44778 2.4714 
-2.18106 -1.86379 -2.21889 -2.45379 2.0997 -1.08722 0.683153 -1.44459 -1.46292 -1.18148 1.04938 1.52209 -2.40249 0.93724 -2.66816 -3.0238 2.11437 2.66383 2.30933 -2.93117 2.84351 0.352244 2.30177 1.22307 -0.217568 0.0168744 -2.84096 -0.0376992 -2.4478 2.42432 
-2.18768 -1.83702 -2.20903 -2.47731 2.11568 -1.10285 0.674277 -1.45217 -1.45395 -1.18246 1.07308 1.50222 -2.39812 0.930738 -2.68787 -2.99519 2.143 2.65823 2.28164 -2.94283 2.85402 0.338512 2.31299 1.21799 -0.244785 0.00711078 -2.82622 -0.0222015 -2.43402 2.43033 
-2.17967 -1.78451 -2.21295 -2.50518 2.12564 -1.11637 0.672332 -1.49951 -1.43089 -1.1767 1.11774 1.48123 -2.3484 0.93418 -2.68176 -2.98163 2.16697 2.67155 2.26474 -2.95331 2.86942 0.345058 2.32483 1.19434 -0.253343 0.0313999 -2.81429 0.00578361 -2.4281 2.40792 
-2.18138 -1.74727 -2.25376 -2.53074 2.1324 -1.12361 0.695804 -1.51102 -1.43834 -1.18228 1.18957 1.45387 -2.32946 0.931239 -2.66513 -2.95191 2.20084 2.6825 2.25517 -2.96091 2.87039 0.341426 2.33688 1.19351 -0.240384 0.0432497 -2.84418 0.0244304 -2.40581 2.41343 
-2.1749 -1.73534 -2.29331 -2.56493 2.14498 -1.13584 0.710165 -1.51118 -1.44332 -1.17696 1.23121 1.45299 -2.30851 0.927439 -2.65392 -2.91753 2.20649 2.66151 2.2614 -2.95402 2.86902 0.333249 2.32259 1.19298 -0.235799 0.0571276 -2.82885 0.0276465 -2.41501 2.44434 
-2.16911 -1.71956 -2.32303 -2.62992 2.16728 -1.13806 0.731337 -1.50784 -1.45053 -1.16708 1.23824 1.45917 -2.28326 0.93141 -2.63468 -2.89094 2.21653 2.64005 2.27654 -2.9353 2.86457 0.32292 2.28873 1.17898 -0.206292 0.0739882 -2.82046 0.0327542 -2.42604 2.48413 
-2.19151 -1.70855 -2.34105 -2.69416 2.21213 -1.14372 0.720329 -1.4946 -1.43371 -1.14794 1.25847 1.44788 -2.2608 0.920064 -2.58414 -2.87677 2.23008 2.63972 2.29575 -2.9047 2.82115 0.316681 2.28811 1.18928 -0.174962 0.0895776 -2.81367 0.0476603 -2.45886 2.50344 
-2.20237 -1.68133 -2.33996 -2.745 2.2572 -1.11918 0.680444 -1.46567 -1.39557 -1.11058 1.27423 1.40678 -2.231 0.936324 -2.55301 -2.87072 2.20585 2.66089 2.33232 -2.87114 2.79477 0.296178 2.25577 1.23557 -0.119184 0.128633 -2.76607 0.0563766 -2.48777 2.52923 
-2.18314 -1.66327 -2.33567 -2.78549 2.28259 -1.10226 0.655026 -1.46849 -1.37892 -1.07803 1.31604 1.3779 -2.21622 0.976553 -2.54071 -2.86126 2.20757 2.69427 2.36423 -2.86836 2.78034 0.253408 2.22213 1.29355 -0.0732511 0.162204 -2.7422 0.0720689 -2.49533 2.5453 
-2.16076 -1.64003 -2.33323 -2.83708 2.28242 -1.086 0.649127 -1.50301 -1.40178 -1.02217 1.36684 1.35573 -2.21396 1.00681 -2.53547 -2.82768 2.22633 2.72319 2.36526 -2.87189 2.75853 0.215198 2.19959 1.35782 -0.0108263 0.19223 -2.70835 0.09343 -2.49471 2.55273 
-2.11957 -1.63231 -2.32393 -2.88602 2.27734 -1.07454 0.620553 -1.53308 -1.4167 -0.97303 1.42576 1.3555 -2.19612 1.03913 -2.54604 -2.81321 2.24772 2.74136 2.36545 -2.88262 2.745 0.191101 2.15797 1.41174 0.010435 0.218606 -2.68161 0.116011 -2.46801 2.58036 
-2.05414 -1.59781 -2.29933 -2.9409 2.28609 -1.05599 0.556156 -1.52106 -1.42789 -0.908481 1.46874 1.37524 -2.15135 1.06001 -2.54429 -2.77923 2.24338 2.74037 2.34657 -2.8943 2.7597 0.159539 2.08925 1.44119 0.0220931 0.240476 -2.60727 0.134551 -2.40333 2.57547 
-1.9865 -1.54011 -2.29356 -2.98523 2.2608 -1.01501 0.485893 -1.4919 -1.42115 -0.845193 1.53414 1.40972 -2.09201 1.07933 -2.51375 -2.78194 2.23202 2.67708 2.28803 -2.9109 2.78304 0.11835 2.05486 1.44423 0.0409413 0.277134 -2.51798 0.149308 -2.32244 2.55269 
-1.90031 -1.47951 -2.30395 -3.01259 2.2317 -0.970007 0.427969 -1.45873 -1.40409 -0.784249 1.6005 1.45444 -2.02637 1.08914 -2.44368 -2.8084 2.22039 2.61042 2.23314 -2.91831 2.82199 0.0741179 2.03586 1.43545 0.0751966 0.318167 -2.4387 0.153603 -2.24835 2.50373 
-1.80689 -1.43568 -2.30453 -3.06962 2.2019 -0.938712 0.367886 -1.4728 -1.42263 -0.740084 1.66214 1.46563 -1.97795 1.11915 -2.40233 -2.80886 2.23489 2.58337 2.21268 -2.92395 2.84494 0.0648725 1.98151 1.42366 0.111658 0.353785 -2.39861 0.165904 -2.19618 2.44619 
-1.72957 -1.41157 -2.31121 -3.13239 2.16966 -0.918309 0.323991 -1.4911 -1.45101 -0.722585 1.71392 1.47164 -1.93569 1.14192 -2.37288 -2.81072 2.25016 2.56485 2.20157 -2.93665 2.843 0.0690335 1.93532 1.39891 0.138076 0.368896 -2.39149 0.170603 -2.15333 2.39738 
