Mean 0 Mean 1 Mean 2 Mean 3 Mean 4 Mean 5 Mean 6 Mean 7 Mean 8 Mean 9 Mean 10 Mean 11 Mean 12 Mean 13 Mean 14 Mean 15 Mean 16 Mean 17 Mean 18 Mean 19 Mean 20 Mean 21 Mean 22 Mean 23 Mean 24 Mean 25 Mean 26 Mean 27 Mean 28 Mean 29 
1.00009 0.84907 -2.51066 1.03991 1.47433 -2.49885 -0.813467 1.02986 1.10111 -2.85507 2.22707 2.02136 0.659571 1.18673 -2.12758 2.96563 0.632888 -0.542513 -0.435698 0.0730088 0.382349 2.58751 -0.0920793 -0.201071 1.6553 -2.48926 0.542348 1.13485 0.284464 -0.125682 
0.99579 0.847898 -2.50707 1.03577 1.48324 -2.50129 -0.812407 1.02859 1.09714 -2.85411 2.22164 2.01108 0.661559 1.18154 -2.12402 2.96814 0.633902 -0.546199 -0.440821 0.0723967 1.79175 2.58755 -0.0911332 -0.199942 2.34961 -2.48367 0.540654 1.13676 0.284579 -0.12457 
0.989986 0.852845 -2.50182 1.03376 1.48971 -2.50289 -0.810301 1.03155 1.09116 -2.84906 2.21523 2.00115 0.660866 1.176 -2.117 2.97093 0.64125 -0.552339 -0.443772 0.0764249 2.25167 2.58259 -0.0967185 -0.195257 2.58539 -2.47768 0.531522 1.12966 0.279699 -0.131586 
0.987818 0.852062 -2.49737 1.0288 1.49064 -2.5051 -0.814573 1.03443 1.08973 -2.8428 2.21964 1.99705 0.661143 1.17463 -2.11796 2.96845 0.644028 -0.554598 -0.44411 0.0764145 2.47788 2.58148 -0.100157 -0.188654 2.69765 -2.4806 0.525169 1.13169 0.278934 -0.138179 
0.981783 0.849728 -2.49383 1.02351 1.48835 -2.49915 -0.818779 1.03714 1.08427 -2.84247 2.22455 1.98932 0.663521 1.1763 -2.11515 2.97225 0.648388 -0.551628 -0.449472 0.0728558 2.60713 2.57539 -0.105801 -0.177355 2.75963 -2.48113 0.516115 1.12866 0.278303 -0.137337 
0.978743 0.854814 -2.49277 1.01723 1.49922 -2.50035 -0.81885 1.04001 1.07613 -2.8323 2.22204 1.97879 0.667712 1.17633 -2.11159 2.97699 0.650698 -0.551081 -0.453672 0.0764301 2.68531 2.56185 -0.117442 -0.165462 2.81189 -2.48453 0.497111 1.12146 0.277975 -0.151835 
0.971947 0.860742 -2.49211 1.01155 1.50703 -2.50322 -0.818064 1.03824 1.06939 -2.82586 2.22064 1.96702 0.665945 1.17907 -2.11148 2.98347 0.647819 -0.553172 -0.460658 0.0744735 2.74503 2.55322 -0.118853 -0.167476 2.84927 -2.49202 0.491037 1.12078 0.284292 -0.165115 
0.965141 0.867899 -2.48646 1.00095 1.51776 -2.50572 -0.812263 1.03638 1.05988 -2.81202 2.2127 1.95782 0.668618 1.17926 -2.10606 2.99131 0.641212 -0.552636 -0.470593 0.0778921 2.7908 2.53323 -0.118358 -0.162513 2.8843 -2.49551 0.485907 1.11929 0.285393 -0.183081 
0.958544 0.870101 -2.47897 0.986552 1.51969 -2.50831 -0.806396 1.03109 1.04617 -2.79787 2.20374 1.95103 0.673495 1.1821 -2.10269 3.00606 0.628181 -0.55419 -0.493857 0.0740912 2.82772 2.51693 -0.11329 -0.159291 2.91306 -2.50336 0.487328 1.12445 0.292845 -0.183468 
0.948305 0.866938 -2.47357 0.966038 1.51599 -2.50193 -0.801774 1.02317 1.0282 -2.78645 2.18601 1.9495 0.683595 1.18655 -2.09656 3.02816 0.612017 -0.554998 -0.517229 0.0801985 2.85306 2.49924 -0.112195 -0.159558 2.93462 -2.50877 0.494296 1.1346 0.305126 -0.179593 
0.946913 0.858162 -2.47306 0.936775 1.51366 -2.48762 -0.800723 1.01656 1.00671 -2.76964 2.18125 1.9449 0.687104 1.19167 -2.0901 3.04878 0.59054 -0.56204 -0.536075 0.0905778 2.87166 2.48899 -0.121414 -0.165228 2.94053 -2.51543 0.521671 1.13982 0.311106 -0.172041 
0.951058 0.851408 -2.47783 0.914932 1.50358 -2.47838 -0.80228 1.01406 0.995457 -2.75396 2.18228 1.9414 0.69281 1.19902 -2.08411 3.06111 0.575114 -0.57313 -0.544822 0.10425 2.88745 2.47803 -0.131733 -0.175509 2.9487 -2.51955 0.533866 1.14454 0.320019 -0.164917 
0.940057 0.84571 -2.47442 0.907465 1.49657 -2.47918 -0.804728 1.01019 1.00758 -2.74722 2.19665 1.93026 0.696232 1.21608 -2.10408 3.05372 0.566711 -0.561988 -0.548754 0.100828 2.8993 2.4728 -0.137389 -0.177026 2.96154 -2.50704 0.532182 1.1508 0.344997 -0.181364 
0.921455 0.838223 -2.46971 0.90234 1.4931 -2.48857 -0.808936 1.01212 1.01158 -2.73459 2.20209 1.92271 0.704123 1.2293 -2.1284 3.05477 0.560723 -0.552127 -0.5605 0.0900656 2.9129 2.47222 -0.137512 -0.174583 2.97028 -2.49801 0.522417 1.1604 0.3669 -0.194787 
0.908292 0.824923 -2.44837 0.901614 1.48747 -2.50194 -0.812847 1.01003 1.01192 -2.71867 2.20488 1.9132 0.70815 1.24482 -2.1623 3.05458 0.552707 -0.542202 -0.559303 0.0839264 2.91736 2.47038 -0.134486 -0.168091 2.96562 -2.48702 0.51679 1.16204 0.385867 -0.210971 
0.907216 0.806355 -2.43683 0.897706 1.48681 -2.5067 -0.824582 1.00446 1.02626 -2.71805 2.20852 1.90698 0.716656 1.27449 -2.18893 3.04939 0.533596 -0.532082 -0.56844 0.0825766 2.92376 2.47812 -0.131413 -0.165521 2.96317 -2.46393 0.503984 1.1561 0.404105 -0.224707 
0.906341 0.797205 -2.43516 0.913389 1.48087 -2.50854 -0.829068 1.00349 1.04089 -2.71598 2.21677 1.90385 0.711352 1.26883 -2.20888 3.05556 0.525324 -0.52478 -0.573112 0.07642 2.94206 2.47427 -0.135751 -0.16867 2.97174 -2.45428 0.500359 1.16817 0.41792 -0.215612 
0.906122 0.787346 -2.43776 0.916917 1.46946 -2.50058 -0.841665 1.00915 1.04092 -2.71053 2.23784 1.90289 0.702663 1.26285 -2.21753 3.05193 0.52575 -0.516826 -0.581824 0.0627346 2.95814 2.47709 -0.140477 -0.169323 2.975 -2.45933 0.499466 1.17245 0.434633 -0.206694 
0.903487 0.772403 -2.44053 0.921118 1.45703 -2.49625 -0.85609 1.01932 1.04216 -2.71308 2.25424 1.91265 0.696608 1.25391 -2.22826 3.05366 0.522108 -0.514464 -0.59108 0.061353 2.97545 2.48099 -0.137126 -0.171049 2.9755 -2.46277 0.48857 1.17443 0.452293 -0.19385 
0.900703 0.771854 -2.45203 0.931913 1.45016 -2.51049 -0.854238 1.02165 1.05757 -2.70442 2.26928 1.92438 0.693129 1.24484 -2.2394 3.0481 0.50896 -0.52507 -0.600941 0.0688697 2.9932 2.48972 -0.136399 -0.166214 2.967 -2.45705 0.468665 1.17161 0.462614 -0.195818 
0.907373 0.756038 -2.45594 0.95102 1.43852 -2.53023 -0.878633 1.01757 1.07285 -2.68857 2.29659 1.9251 0.702886 1.23264 -2.24762 3.0374 0.490246 -0.522401 -0.611522 0.0690651 2.99054 2.49898 -0.149394 -0.171775 2.97791 -2.45544 0.471111 1.16288 0.495256 -0.20872 
0.921764 0.741024 -2.47171 0.970095 1.45278 -2.57846 -0.891752 1.01704 1.10437 -2.65845 2.32441 1.93037 0.726616 1.22598 -2.25045 3.0268 0.455751 -0.520545 -0.624812 0.0681952 2.98638 2.51372 -0.168488 -0.185788 3.00892 -2.43913 0.472714 1.15268 0.5114 -0.233376 
0.943629 0.717709 -2.49733 1.00473 1.48418 -2.63805 -0.904244 1.01404 1.14895 -2.6145 2.36756 1.93074 0.757283 1.21535 -2.25983 3.01107 0.391445 -0.519925 -0.64788 0.0597806 2.97123 2.54742 -0.19617 -0.19535 3.05921 -2.4156 0.471276 1.14727 0.527968 -0.276752 
0.948258 0.707573 -2.52089 1.02477 1.49087 -2.68312 -0.9226 1.00134 1.17918 -2.59479 2.40122 1.92853 0.772819 1.20286 -2.26831 3.00984 0.359263 -0.508643 -0.664461 0.0557257 2.97896 2.54617 -0.205977 -0.204355 3.06879 -2.41195 0.463273 1.14587 0.559955 -0.307843 
0.961387 0.690216 -2.53325 1.04337 1.50493 -2.71412 -0.943051 0.984569 1.22742 -2.57606 2.43143 1.92697 0.767547 1.21297 -2.27629 3.02142 0.33069 -0.477426 -0.660444 0.0810833 2.98354 2.54883 -0.244148 -0.223831 3.09691 -2.39235 0.454794 1.15354 0.576659 -0.33898 
0.964313 0.675247 -2.55918 1.05198 1.51068 -2.74066 -0.963632 0.970702 1.24579 -2.5594 2.46146 1.93606 0.775328 1.21629 -2.27341 3.0242 0.30081 -0.463621 -0.668835 0.0954141 2.99474 2.55719 -0.261384 -0.246959 3.1152 -2.36888 0.451807 1.15298 0.581382 -0.366585 
0.956182 0.654269 -2.57891 1.05777 1.52077 -2.74345 -0.999292 0.964674 1.26 -2.55481 2.48487 1.95044 0.782462 1.20571 -2.27316 3.01958 0.280492 -0.461689 -0.656564 0.110142 2.99553 2.56033 -0.268529 -0.253566 3.1238 -2.35377 0.446913 1.14961 0.574261 -0.314747 
0.927945 0.659308 -2.5698 1.06192 1.51966 -2.71997 -1.00941 0.940398 1.24318 -2.54704 2.48146 1.96821 0.776934 1.20443 -2.27153 3.01884 0.274872 -0.467455 -0.643586 0.102955 3.0007 2.54645 -0.25405 -0.248038 3.11255 -2.36558 0.444642 1.17094 0.564591 -0.292646 
0.908679 0.658609 -2.55178 1.05196 1.5288 -2.70983 -1.00818 0.920545 1.2046 -2.53703 2.46386 1.9716 0.79248 1.21553 -2.27186 3.01449 0.257115 -0.462134 -0.631668 0.0779472 3.0139 2.54341 -0.246773 -0.257024 3.09973 -2.36933 0.442302 1.18115 0.555677 -0.259348 
0.884239 0.65042 -2.53858 1.04558 1.54373 -2.69015 -1.02408 0.907053 1.17051 -2.52891 2.442 1.95961 0.802685 1.23658 -2.27949 3.00802 0.232056 -0.44827 -0.631441 0.0619553 3.02651 2.54477 -0.24124 -0.25535 3.07723 -2.37879 0.45066 1.1879 0.551755 -0.229181 
0.859271 0.640696 -2.53414 1.03479 1.55636 -2.67215 -1.02301 0.89481 1.12308 -2.52571 2.41566 1.92845 0.801512 1.26618 -2.29144 3.00922 0.21756 -0.435196 -0.64175 0.0388277 3.05472 2.53736 -0.239014 -0.245408 3.05491 -2.37044 0.463541 1.18591 0.547614 -0.19177 
0.835314 0.637603 -2.53774 1.04046 1.56473 -2.67762 -1.01826 0.87625 1.0775 -2.51636 2.39526 1.8911 0.785122 1.28931 -2.29044 3.01123 0.205373 -0.411313 -0.654268 0.0152406 3.07381 2.5319 -0.235762 -0.241002 3.03487 -2.35194 0.461685 1.18776 0.544311 -0.165733 
0.828988 0.62221 -2.55418 1.03933 1.58049 -2.69229 -1.01809 0.869097 1.04468 -2.51661 2.3824 1.85768 0.781479 1.3108 -2.27366 3.02885 0.173596 -0.400087 -0.670612 -0.023827 3.10271 2.51339 -0.243551 -0.229977 3.00743 -2.31825 0.461011 1.18321 0.543741 -0.127519 
0.822245 0.594446 -2.56522 1.0232 1.59778 -2.72332 -1.0356 0.871976 1.01686 -2.51082 2.38394 1.80653 0.797032 1.33995 -2.25349 3.01693 0.141245 -0.372405 -0.694326 -0.0779521 3.11495 2.48282 -0.248026 -0.222036 2.96785 -2.26653 0.463425 1.16066 0.476546 -0.0856634 
0.819858 0.568133 -2.57619 0.983808 1.61023 -2.73299 -1.03931 0.882412 0.993758 -2.51578 2.38357 1.77211 0.796885 1.38199 -2.23745 3.02672 0.131954 -0.351547 -0.72222 -0.123713 3.13073 2.46732 -0.251277 -0.22372 2.9089 -2.22568 0.470226 1.13967 0.41362 -0.0592917 
0.822248 0.509469 -2.6152 0.934711 1.60408 -2.72414 -1.04287 0.894401 0.957778 -2.52533 2.37022 1.77851 0.774726 1.38828 -2.23305 3.06292 0.129548 -0.349701 -0.74168 -0.156283 3.15109 2.48306 -0.252394 -0.240419 2.84082 -2.21627 0.471429 1.13515 0.366423 -0.0215851 
0.820561 0.450575 -2.64817 0.888014 1.59745 -2.70952 -1.03164 0.907644 0.905424 -2.52616 2.35285 1.78895 0.756506 1.38606 -2.22626 3.08932 0.127126 -0.365769 -0.766488 -0.192014 3.17495 2.49536 -0.242023 -0.249435 2.7637 -2.20132 0.469351 1.14457 0.338237 0.0185475 
0.827128 0.401613 -2.68711 0.85477 1.59435 -2.67724 -1.02741 0.912269 0.849744 -2.53606 2.32173 1.79673 0.745506 1.37182 -2.18431 3.12079 0.132869 -0.381123 -0.7849 -0.212279 3.20043 2.51782 -0.22369 -0.270277 2.71113 -2.18332 0.463044 1.16169 0.304986 0.0436413 
0.842685 0.382844 -2.71425 0.838239 1.59424 -2.64128 -1.0239 0.915181 0.817041 -2.54424 2.30416 1.81329 0.734759 1.35581 -2.11918 3.13488 0.139848 -0.403464 -0.80999 -0.224686 3.24298 2.53233 -0.20363 -0.300929 2.66547 -2.17823 0.462177 1.18899 0.291283 0.0512299 
0.855456 0.384182 -2.72862 0.830551 1.59667 -2.60804 -1.01108 0.90452 0.791663 -2.55025 2.29692 1.83343 0.721645 1.32919 -2.05162 3.1612 0.142046 -0.41777 -0.836171 -0.243521 3.29122 2.54 -0.174029 -0.315095 2.62113 -2.16717 0.446398 1.20526 0.27065 0.0648897 
