Mean 0 Mean 1 Mean 2 Mean 3 Mean 4 Mean 5 Mean 6 Mean 7 Mean 8 Mean 9 Mean 10 Mean 11 Mean 12 Mean 13 Mean 14 Mean 15 Mean 16 Mean 17 Mean 18 Mean 19 Mean 20 Mean 21 Mean 22 Mean 23 Mean 24 Mean 25 Mean 26 Mean 27 Mean 28 Mean 29 
1.09314 0.921251 -1.41863 -2.57138 2.16986 -2.43274 0.96463 -1.30677 1.12172 -1.3583 -1.2215 2.82159 -1.08906 1.0387 -2.83614 2.36405 -2.58074 -0.411139 2.70727 -2.85775 0.897423 1.54536 2.70509 3.05926 2.54746 0.375863 -2.49153 -0.403221 0.181123 2.7374 
1.09034 0.916466 -1.42034 -2.57396 2.17258 -2.42792 0.969623 -1.30881 1.11791 -1.362 -1.21816 2.81677 -1.086 1.03694 -2.83008 2.36837 -2.57961 -0.411789 2.70465 -2.85851 0.8936 1.53968 2.7051 3.05601 2.54664 0.373608 -2.49321 -0.403804 0.188489 2.73938 
1.08631 0.915156 -1.42576 -2.57515 2.16918 -2.4247 0.97269 -1.31253 1.11067 -1.35334 -1.20793 2.81639 -1.07871 1.03617 -2.8245 2.36851 -2.57359 -0.412617 2.70329 -2.85756 0.886204 1.53606 2.70521 3.05315 2.54577 0.373809 -2.49983 -0.409135 0.198086 2.73877 
1.07546 0.915866 -1.4276 -2.57661 2.17031 -2.42079 0.97292 -1.3162 1.10582 -1.34648 -1.19826 2.81301 -1.07472 1.0333 -2.8235 2.37006 -2.5642 -0.413796 2.6974 -2.85735 0.882427 1.5283 2.70201 3.05186 2.53981 0.371488 -2.50632 -0.412169 0.206188 2.74213 
1.06692 0.917098 -1.42032 -2.5853 2.16899 -2.41849 0.976352 -1.31989 1.09655 -1.34091 -1.1873 2.81052 -1.06805 1.03124 -2.82265 2.37078 -2.55972 -0.406135 2.69403 -2.85467 0.881964 1.52123 2.70509 3.05525 2.53306 0.364886 -2.51148 -0.417248 0.211274 2.74564 
1.06311 0.9219 -1.41446 -2.59266 2.17149 -2.41626 0.978298 -1.32447 1.0902 -1.33745 -1.17809 2.79976 -1.06935 1.02847 -2.82588 2.37179 -2.55516 -0.399723 2.6947 -2.85167 0.883532 1.51943 2.70549 3.05191 2.52701 0.350306 -2.51929 -0.428628 0.218257 2.74962 
1.05409 0.928653 -1.40647 -2.5975 2.17205 -2.41456 0.981211 -1.33031 1.08438 -1.33257 -1.17003 2.78408 -1.07429 1.02344 -2.83305 2.38093 -2.54773 -0.393608 2.69483 -2.84288 0.889754 1.51778 2.70197 3.04268 2.52419 0.33434 -2.52292 -0.439908 0.230684 2.75079 
1.04768 0.931578 -1.39712 -2.60606 2.16887 -2.40857 0.986294 -1.33273 1.07897 -1.32439 -1.16188 2.76623 -1.06935 1.01675 -2.83812 2.39405 -2.54098 -0.377519 2.68788 -2.83407 0.887032 1.51397 2.69653 3.04254 2.52742 0.323043 -2.52773 -0.460605 0.240895 2.75037 
1.03497 0.934248 -1.38918 -2.61123 2.16464 -2.40882 0.985145 -1.34179 1.07406 -1.31553 -1.15466 2.74914 -1.06773 1.00832 -2.84842 2.40813 -2.53256 -0.367833 2.68584 -2.82715 0.892118 1.5212 2.69805 3.0382 2.52914 0.309567 -2.5365 -0.474602 0.249602 2.74227 
1.02711 0.930763 -1.3865 -2.61204 2.15629 -2.40225 0.979224 -1.34941 1.06686 -1.30915 -1.15071 2.73648 -1.07063 1.00127 -2.86214 2.42048 -2.52232 -0.35765 2.69062 -2.82219 0.892803 1.52555 2.69826 3.03125 2.53089 0.294287 -2.54074 -0.490419 0.261845 2.73071 
1.02503 0.9282 -1.38598 -2.61462 2.13969 -2.39605 0.972308 -1.35501 1.05627 -1.29858 -1.1522 2.73232 -1.0746 0.998498 -2.87785 2.42496 -2.51172 -0.347758 2.6918 -2.81212 0.894242 1.52068 2.70028 3.02124 2.53203 0.285065 -2.53734 -0.508341 0.279973 2.7174 
1.01987 0.921578 -1.38983 -2.61492 2.13011 -2.39213 0.978835 -1.35092 1.04424 -1.29201 -1.1547 2.72776 -1.0819 0.998061 -2.89981 2.42903 -2.50776 -0.347523 2.68309 -2.79036 0.891917 1.51043 2.6884 3.02442 2.52256 0.278879 -2.52017 -0.521218 0.312238 2.7001 
1.00711 0.92421 -1.38662 -2.61334 2.12245 -2.39703 0.985404 -1.36519 1.03019 -1.27525 -1.15195 2.72342 -1.08931 1.00435 -2.89559 2.43144 -2.50313 -0.350712 2.69079 -2.76346 0.895068 1.50076 2.66729 3.03047 2.51469 0.270424 -2.5184 -0.524597 0.330048 2.68331 
0.996079 0.926408 -1.38828 -2.61891 2.11378 -2.38933 0.99539 -1.37717 1.01017 -1.26822 -1.14339 2.70798 -1.09512 1.01705 -2.90883 2.43043 -2.50717 -0.346901 2.68647 -2.73047 0.892136 1.48971 2.64641 3.03123 2.51174 0.280263 -2.49918 -0.526424 0.357369 2.6548 
0.999553 0.915624 -1.37275 -2.60942 2.10408 -2.38085 1.00852 -1.39622 1.00995 -1.24978 -1.12299 2.68834 -1.10057 1.02335 -2.90274 2.41986 -2.52983 -0.341433 2.67373 -2.69424 0.884461 1.48451 2.63144 3.03335 2.50568 0.289153 -2.48401 -0.538044 0.370036 2.64286 
1.00742 0.896208 -1.35666 -2.60097 2.0924 -2.37871 1.01926 -1.40956 1.02005 -1.22682 -1.08744 2.66569 -1.10106 1.03552 -2.88983 2.4033 -2.56312 -0.338775 2.65518 -2.65756 0.875475 1.48086 2.6168 3.03495 2.50707 0.310054 -2.4661 -0.554298 0.383773 2.63162 
1.0082 0.872541 -1.33507 -2.59814 2.07 -2.36401 1.03 -1.43019 1.01019 -1.21423 -1.06782 2.65232 -1.11093 1.05087 -2.8732 2.39864 -2.58782 -0.335205 2.65903 -2.61958 0.879978 1.47473 2.59854 3.02781 2.49994 0.319543 -2.44398 -0.560158 0.384679 2.63736 
0.998186 0.859199 -1.32596 -2.61315 2.04384 -2.34808 1.02902 -1.43752 0.986442 -1.20328 -1.07375 2.6392 -1.12166 1.05245 -2.86217 2.41262 -2.59668 -0.347535 2.6446 -2.58972 0.866893 1.44948 2.58372 3.02877 2.4851 0.319909 -2.41298 -0.547251 0.382383 2.65121 
0.968856 0.861939 -1.32368 -2.62381 2.03491 -2.34588 1.01818 -1.42973 0.972015 -1.21034 -1.06696 2.63871 -1.12652 1.05806 -2.87364 2.42339 -2.5823 -0.352095 2.63384 -2.5904 0.849131 1.42551 2.58336 3.04624 2.48033 0.346537 -2.41182 -0.525837 0.403206 2.63326 
0.933469 0.888633 -1.34227 -2.6397 2.02828 -2.34796 1.00272 -1.44134 0.936082 -1.22364 -1.08054 2.64125 -1.13119 1.0711 -2.90237 2.44813 -2.55169 -0.351275 2.63182 -2.59551 0.850111 1.40437 2.58001 3.04725 2.49176 0.373227 -2.39441 -0.497862 0.426908 2.60657 
0.913749 0.903886 -1.35024 -2.65784 2.03864 -2.35705 0.997564 -1.45736 0.920608 -1.22195 -1.09031 2.64698 -1.12123 1.09499 -2.92459 2.46787 -2.53618 -0.349098 2.6319 -2.59224 0.858618 1.38872 2.5666 3.04885 2.50633 0.394433 -2.38376 -0.469315 0.449982 2.59953 
0.89334 0.90504 -1.34655 -2.6698 2.04335 -2.36679 0.992583 -1.48116 0.909724 -1.19191 -1.1003 2.65882 -1.11024 1.10029 -2.94259 2.48233 -2.54325 -0.351166 2.63095 -2.57552 0.865425 1.37355 2.54288 3.0573 2.50952 0.392616 -2.38104 -0.441592 0.466911 2.60645 
0.87275 0.898523 -1.32919 -2.67087 2.03853 -2.39488 0.993803 -1.49149 0.918102 -1.16174 -1.08327 2.66126 -1.09659 1.1143 -2.96131 2.48786 -2.54667 -0.349488 2.63485 -2.57485 0.867495 1.36785 2.52142 3.08505 2.50427 0.386449 -2.39754 -0.418228 0.488308 2.61715 
0.849409 0.891745 -1.29452 -2.67392 2.07776 -2.42448 0.994727 -1.50594 0.92745 -1.12771 -1.0653 2.67105 -1.06248 1.12882 -2.968 2.50174 -2.55483 -0.35217 2.64084 -2.58221 0.868684 1.372 2.48914 3.11525 2.50292 0.37433 -2.3946 -0.39036 0.521876 2.62771 
0.847452 0.879751 -1.27763 -2.66979 2.10868 -2.45261 0.989564 -1.51991 0.94512 -1.09091 -1.05324 2.68894 -1.04697 1.16497 -2.98844 2.50632 -2.56943 -0.3535 2.64095 -2.59877 0.871359 1.38667 2.46436 3.13352 2.49585 0.36714 -2.3942 -0.372762 0.529369 2.64131 
0.846206 0.85987 -1.25442 -2.67995 2.13735 -2.47938 0.988849 -1.54246 0.947272 -1.05222 -1.05555 2.70584 -1.02512 1.21356 -3.0114 2.51205 -2.59187 -0.36535 2.63397 -2.61499 0.864072 1.40158 2.44503 3.15377 2.49623 0.367662 -2.39408 -0.34751 0.535704 2.65867 
0.866197 0.844298 -1.2571 -2.66732 2.15802 -2.48475 0.980915 -1.56146 0.943893 -1.02527 -1.07067 2.71127 -1.02059 1.27936 -3.05517 2.52419 -2.61496 -0.376092 2.63165 -2.64831 0.862769 1.43537 2.42716 3.16197 2.48089 0.362195 -2.39862 -0.353928 0.512789 2.67804 
0.878974 0.843846 -1.28243 -2.62718 2.18159 -2.47942 0.977706 -1.57924 0.928025 -0.993948 -1.10116 2.7121 -1.0144 1.33527 -3.08533 2.54686 -2.63927 -0.393812 2.62303 -2.69406 0.868913 1.48384 2.39402 3.15881 2.46056 0.355424 -2.38201 -0.362065 0.500792 2.69786 
0.880814 0.852199 -1.31838 -2.57656 2.20021 -2.46829 0.967005 -1.59943 0.91157 -0.954576 -1.15864 2.71142 -1.02201 1.41148 -3.12776 2.56709 -2.66097 -0.396082 2.61962 -2.73016 0.8931 1.52863 2.35221 3.15538 2.39702 0.330416 -2.34437 -0.378184 0.495483 2.70494 
0.883232 0.850689 -1.33872 -2.5262 2.23642 -2.44304 0.95919 -1.61674 0.913404 -0.924118 -1.1956 2.70401 -1.02811 1.47622 -3.16574 2.58249 -2.68855 -0.400813 2.61538 -2.74634 0.893067 1.55346 2.30852 3.16692 2.35384 0.309626 -2.28463 -0.385845 0.493196 2.70118 
0.882224 0.846249 -1.34944 -2.48226 2.26247 -2.42192 0.955232 -1.64018 0.913503 -0.891712 -1.22074 2.68353 -1.04034 1.51664 -3.20269 2.59294 -2.71521 -0.392749 2.59859 -2.76046 0.881325 1.55951 2.27767 3.16689 2.32386 0.278359 -2.24689 -0.382432 0.493846 2.70788 
0.805405 0.807408 -1.36175 -2.46614 2.34347 -2.39634 0.863586 -1.58673 1.00445 -0.879204 -1.19897 2.60954 -1.01261 1.50956 -3.19894 2.53939 -2.78496 -0.350296 2.65382 -2.73602 0.850078 1.5274 2.29458 3.22419 2.32712 0.314808 -2.24411 -0.39339 0.464353 2.70677 
0.741154 0.791224 -1.37607 -2.45669 2.4 -2.37889 0.77993 -1.54935 1.06646 -0.859151 -1.17373 2.56499 -0.99996 1.49418 -3.18588 2.50408 -2.8468 -0.313668 2.70318 -2.73054 0.83087 1.47724 2.31518 3.25523 2.34148 0.367029 -2.2467 -0.390752 0.434986 2.71094 
0.733952 0.785436 -1.38664 -2.45059 2.41447 -2.36598 0.748582 -1.55712 1.04279 -0.837613 -1.17408 2.59112 -1.00037 1.48341 -3.17625 2.52469 -2.89518 -0.315455 2.70366 -2.76826 0.827202 1.45339 2.34231 3.24841 2.33966 0.374221 -2.23442 -0.359643 0.423526 2.7109 
0.719541 0.777565 -1.3983 -2.44588 2.40406 -2.33665 0.724064 -1.57362 0.983961 -0.828413 -1.17546 2.61873 -1.0273 1.47349 -3.16112 2.53431 -2.92495 -0.325836 2.68001 -2.80926 0.822174 1.44598 2.38644 3.2218 2.32472 0.368848 -2.24745 -0.324172 0.388733 2.67397 
0.720922 0.780647 -1.40341 -2.45983 2.36229 -2.30362 0.715472 -1.56366 0.950642 -0.811558 -1.21246 2.6547 -1.03359 1.44679 -3.1359 2.52667 -2.95103 -0.35754 2.61085 -2.84192 0.837607 1.39919 2.40479 3.19769 2.31697 0.362769 -2.24757 -0.303215 0.379444 2.63035 
0.762887 0.814334 -1.42693 -2.47414 2.3098 -2.25244 0.707496 -1.53124 0.952372 -0.768745 -1.23616 2.71237 -1.01457 1.41061 -3.09344 2.51776 -2.99176 -0.417233 2.51626 -2.86022 0.867866 1.31942 2.43586 3.17486 2.34239 0.38252 -2.21455 -0.275993 0.392261 2.54409 
0.760394 0.889185 -1.4556 -2.49788 2.29662 -2.22692 0.716187 -1.50691 0.918638 -0.782442 -1.26561 2.73754 -1.03453 1.38232 -3.00711 2.53744 -3.05083 -0.4238 2.41843 -2.89938 0.900759 1.28281 2.45101 3.16339 2.30895 0.370055 -2.19655 -0.281141 0.396053 2.48485 
0.781119 0.938315 -1.48123 -2.54288 2.28909 -2.20199 0.715848 -1.48048 0.898451 -0.807549 -1.31129 2.77597 -1.06715 1.35122 -2.92794 2.54333 -3.10868 -0.427568 2.32061 -2.94798 0.917852 1.25001 2.44306 3.14787 2.25261 0.331383 -2.18439 -0.301179 0.428086 2.43183 
0.81227 0.964688 -1.49275 -2.57694 2.27928 -2.18546 0.727552 -1.4636 0.889603 -0.821921 -1.35128 2.79962 -1.10261 1.33122 -2.86527 2.5587 -3.13224 -0.410468 2.24985 -2.97937 0.949166 1.23477 2.40876 3.09342 2.22156 0.309003 -2.1888 -0.304019 0.455866 2.39901 
