Mean 0 Mean 1 Mean 2 Mean 3 Mean 4 Mean 5 Mean 6 Mean 7 Mean 8 Mean 9 Mean 10 Mean 11 Mean 12 Mean 13 Mean 14 Mean 15 Mean 16 Mean 17 Mean 18 Mean 19 Mean 20 Mean 21 Mean 22 Mean 23 Mean 24 Mean 25 Mean 26 Mean 27 Mean 28 Mean 29 
-1.26812 -2.11802 -1.34747 -1.35767 2.01399 1.00133 1.02483 0.931675 0.839141 -1.19213 -1.07998 2.44406 -0.791831 -1.57799 -1.85549 -0.103261 0.310281 2.51441 2.8358 -0.0392914 2.02074 0.533134 -2.59117 1.03527 2.38873 0.316831 -2.87349 -0.747332 -0.106184 -0.394521 
-1.26446 -2.11345 -1.34695 -1.35534 2.01678 1.00698 1.01657 0.932637 0.833394 -1.18801 -1.08944 2.44355 -0.791704 -1.58206 -1.84659 -0.106914 0.310628 2.51508 2.83997 -0.0390321 2.01983 0.529685 -2.59359 1.02815 2.39281 0.321425 -2.87363 -0.741573 -0.108369 -0.388649 
-1.26442 -2.10504 -1.33515 -1.35815 2.01232 1.01165 1.01317 0.920373 0.811398 -1.19165 -1.08294 2.42027 -0.806036 -1.56838 -1.85314 -0.110825 0.301842 2.50522 2.84053 -0.0372869 2.00941 0.535819 -2.59176 1.04681 2.38854 0.334201 -2.87996 -0.734522 -0.107391 -0.403133 
-1.25999 -2.09892 -1.31448 -1.37946 2.00946 1.02219 1.0115 0.90149 0.79048 -1.1959 -1.07887 2.3945 -0.827202 -1.54747 -1.87133 -0.116818 0.287467 2.49826 2.84288 -0.0319169 2.00062 0.548624 -2.59316 1.07444 2.38816 0.343971 -2.89411 -0.720254 -0.0983519 -0.411093 
-1.26078 -2.09666 -1.3034 -1.39556 1.99705 1.02396 1.01264 0.895291 0.775422 -1.19874 -1.06891 2.37408 -0.832385 -1.5302 -1.87509 -0.121363 0.281533 2.49574 2.83531 -0.0330388 1.99459 0.548949 -2.58939 1.09928 2.38505 0.357491 -2.9041 -0.714745 -0.0934118 -0.417182 
-1.26495 -2.09505 -1.29944 -1.41101 1.98184 1.0192 1.01448 0.894929 0.761274 -1.19937 -1.05579 2.35825 -0.837629 -1.51441 -1.87526 -0.127562 0.281179 2.50141 2.82743 -0.033613 1.99591 0.541101 -2.5846 1.115 2.3842 0.370012 -2.91058 -0.71405 -0.0864107 -0.418296 
-1.26895 -2.09337 -1.30156 -1.42723 1.97463 1.01774 1.01857 0.893328 0.755895 -1.19188 -1.03833 2.3478 -0.843823 -1.50257 -1.8713 -0.127387 0.277137 2.50894 2.81936 -0.0278517 1.995 0.531374 -2.58725 1.12747 2.37927 0.373401 -2.91636 -0.722875 -0.0774194 -0.428997 
-1.27672 -2.08964 -1.2909 -1.4365 1.97516 1.01788 1.01912 0.88654 0.746494 -1.19262 -1.0236 2.32755 -0.860181 -1.49649 -1.87505 -0.116482 0.265837 2.51765 2.80937 -0.0178069 1.99603 0.525248 -2.58411 1.1267 2.37179 0.377279 -2.91185 -0.723365 -0.0681164 -0.429206 
-1.28298 -2.07981 -1.27535 -1.4417 1.98007 1.01611 1.02274 0.884368 0.737403 -1.19072 -1.00532 2.30401 -0.872586 -1.49221 -1.89146 -0.112638 0.25588 2.52751 2.80811 -0.00531628 1.9959 0.516423 -2.57923 1.13196 2.37009 0.385799 -2.9122 -0.722016 -0.0518338 -0.438985 
-1.29193 -2.07331 -1.27727 -1.44289 1.98067 1.01251 1.02025 0.884092 0.736943 -1.19363 -0.986842 2.28042 -0.879132 -1.49629 -1.91308 -0.109276 0.243982 2.5225 2.7877 -0.0143434 1.99598 0.5253 -2.57572 1.13758 2.36146 0.381767 -2.89858 -0.721088 -0.0355912 -0.442463 
-1.28828 -2.0655 -1.27543 -1.44316 1.98789 1.0199 1.01379 0.878665 0.740958 -1.19455 -0.970652 2.26598 -0.873872 -1.5015 -1.93287 -0.108186 0.233013 2.51757 2.77502 -0.0280079 1.99486 0.540931 -2.57082 1.14034 2.36795 0.378443 -2.89597 -0.727643 -0.0225484 -0.466144 
-1.28098 -2.05477 -1.2702 -1.44671 1.98979 1.02237 1.00111 0.870407 0.745304 -1.18809 -0.953371 2.26344 -0.86721 -1.50991 -1.93456 -0.111439 0.226125 2.51378 2.76919 -0.0365914 1.99783 0.555347 -2.578 1.13499 2.38921 0.374064 -2.8926 -0.722397 -0.0176054 -0.491583 
-1.27988 -2.04793 -1.25715 -1.44717 1.98117 1.02525 0.977925 0.862199 0.738869 -1.18635 -0.930292 2.26177 -0.869051 -1.51628 -1.93543 -0.11729 0.211656 2.50796 2.74838 -0.0542889 1.99138 0.587533 -2.57049 1.1215 2.40799 0.366279 -2.89563 -0.720826 -0.0018973 -0.53429 
-1.29444 -2.0343 -1.26231 -1.46143 1.98191 1.02348 0.983069 0.861187 0.743192 -1.15363 -0.926032 2.26616 -0.860947 -1.51863 -1.91567 -0.114418 0.216802 2.50546 2.70306 -0.0856427 2.00806 0.580132 -2.57485 1.1077 2.42215 0.352925 -2.88898 -0.705362 -0.00284667 -0.566397 
-1.31368 -2.0129 -1.26345 -1.47871 1.9841 1.01561 1.00191 0.873655 0.752095 -1.10629 -0.925499 2.26846 -0.849286 -1.52517 -1.87915 -0.114306 0.237956 2.50553 2.64256 -0.129941 2.01493 0.56007 -2.58122 1.10871 2.43343 0.35023 -2.89299 -0.697842 -0.0107124 -0.606487 
-1.33165 -2.00689 -1.27174 -1.47538 1.98539 1.00506 0.999909 0.891007 0.764374 -1.07586 -0.925977 2.26683 -0.843451 -1.53637 -1.87368 -0.114293 0.241955 2.51439 2.60379 -0.155063 2.03421 0.543191 -2.58319 1.10201 2.43911 0.344369 -2.89621 -0.702896 0.00199544 -0.626622 
-1.33365 -2.01219 -1.27968 -1.45909 1.99582 0.995807 0.991351 0.914735 0.77182 -1.06216 -0.935347 2.26137 -0.845219 -1.55185 -1.88084 -0.118502 0.239647 2.53285 2.575 -0.164487 2.04125 0.52775 -2.58369 1.09102 2.44754 0.34268 -2.90813 -0.717711 0.0219809 -0.635422 
-1.33092 -2.02459 -1.29561 -1.46297 2.0092 1.00117 0.987154 0.949136 0.763998 -1.0516 -0.9424 2.25594 -0.862292 -1.55707 -1.88889 -0.121212 0.236858 2.54758 2.55117 -0.183449 2.05515 0.523698 -2.58237 1.08848 2.4371 0.319438 -2.8983 -0.740648 0.0474645 -0.627763 
-1.33707 -2.02421 -1.31212 -1.46852 2.0358 1.00103 0.991746 0.969085 0.72968 -1.05125 -0.947913 2.24061 -0.906712 -1.57022 -1.90691 -0.115153 0.247551 2.56862 2.53882 -0.18194 2.06566 0.527074 -2.58277 1.07372 2.42436 0.28804 -2.90112 -0.757306 0.0603788 -0.631503 
-1.33068 -2.03654 -1.33724 -1.47254 2.07002 0.97988 1.00263 0.982121 0.707916 -1.05789 -0.961393 2.21363 -0.938564 -1.58904 -1.93787 -0.11593 0.240188 2.59155 2.52701 -0.139804 2.07075 0.536423 -2.58435 1.06681 2.41821 0.288288 -2.9126 -0.781182 0.076627 -0.638196 
-1.3403 -2.04648 -1.33052 -1.46579 2.09051 0.96863 1.00684 0.962708 0.690339 -1.04224 -0.986596 2.22676 -0.947738 -1.60401 -1.97627 -0.0991417 0.224803 2.59102 2.54045 -0.110771 2.07941 0.539152 -2.60128 1.07546 2.39007 0.270371 -2.88726 -0.773898 0.0999278 -0.622519 
-1.34133 -2.0513 -1.34556 -1.45857 2.08404 0.962183 0.996582 0.956248 0.687576 -1.02675 -0.996209 2.23899 -0.94571 -1.61128 -2.00589 -0.0838359 0.202814 2.60325 2.55218 -0.110677 2.09151 0.542633 -2.59611 1.06597 2.38199 0.245853 -2.86143 -0.781934 0.126784 -0.594473 
-1.34437 -2.04954 -1.35198 -1.44354 2.08188 0.948075 0.978289 0.924713 0.69805 -1.0091 -0.988908 2.25032 -0.938344 -1.61163 -2.03226 -0.077505 0.165255 2.60456 2.56955 -0.105994 2.08994 0.544455 -2.5977 1.05089 2.39003 0.233931 -2.85602 -0.764552 0.139674 -0.586959 
-1.36487 -2.06669 -1.34211 -1.41861 2.06424 0.946666 0.941605 0.856872 0.715195 -0.980996 -1.00095 2.26416 -0.915304 -1.61647 -2.06374 -0.0968327 0.109874 2.5992 2.59542 -0.0775058 2.0831 0.537627 -2.59714 1.03859 2.3787 0.23574 -2.876 -0.737285 0.143416 -0.600654 
-1.3743 -2.08476 -1.31707 -1.41081 2.05177 0.938931 0.90771 0.812506 0.726832 -0.968031 -1.03395 2.29305 -0.894155 -1.62551 -2.1007 -0.102794 0.0678915 2.60633 2.60494 -0.0657561 2.07495 0.5358 -2.59569 1.02679 2.35743 0.214436 -2.90969 -0.721384 0.138359 -0.636138 
-1.39399 -2.09758 -1.29163 -1.40142 2.03338 0.935189 0.897097 0.798801 0.731743 -0.963467 -1.04849 2.3298 -0.853514 -1.62322 -2.14289 -0.113395 0.0297321 2.63738 2.60761 -0.0782387 2.09554 0.512774 -2.58346 1.03429 2.31084 0.147849 -2.91871 -0.704147 0.141233 -0.65724 
-1.40718 -2.10484 -1.29934 -1.4221 2.0268 0.982887 0.925695 0.825527 0.740499 -0.992507 -1.0486 2.32558 -0.794012 -1.58799 -2.12852 -0.167899 0.0183173 2.67767 2.60971 -0.0737746 2.09788 0.505272 -2.59312 1.0826 2.28656 0.072605 -2.91817 -0.719725 0.150033 -0.663745 
-1.43115 -2.09739 -1.30097 -1.45375 2.01723 1.05324 0.94252 0.851014 0.741203 -1.00147 -1.04294 2.33787 -0.759327 -1.56144 -2.10484 -0.213038 0.0177951 2.69933 2.62449 -0.071109 2.12097 0.496584 -2.60133 1.12431 2.27766 0.0127537 -2.91356 -0.710869 0.160657 -0.657903 
-1.42103 -2.10025 -1.27496 -1.441 2.02295 1.06496 0.958997 0.842422 0.731058 -1.0095 -0.994837 2.32995 -0.742637 -1.56327 -2.09703 -0.204867 0.0116178 2.67728 2.64199 -0.0837165 2.12034 0.506616 -2.59843 1.1353 2.26684 0.0337406 -2.89407 -0.698869 0.166423 -0.618336 
-1.39859 -2.10489 -1.2531 -1.42291 2.02977 1.05016 0.979093 0.828203 0.732704 -1.01711 -0.95884 2.31127 -0.735418 -1.55493 -2.09186 -0.189244 0.0048688 2.65102 2.63741 -0.101619 2.1115 0.508101 -2.60886 1.13871 2.25076 0.0935885 -2.86927 -0.675308 0.168111 -0.583135 
-1.38136 -2.1111 -1.24205 -1.40928 2.02917 1.02378 1.00532 0.812592 0.717936 -1.0235 -0.940694 2.29113 -0.742269 -1.55149 -2.07743 -0.172681 0.00324229 2.63272 2.64218 -0.113941 2.09013 0.522772 -2.61845 1.14072 2.24616 0.150088 -2.8466 -0.661632 0.167903 -0.562494 
-1.37669 -2.09296 -1.23407 -1.39871 2.01842 1.01854 1.01326 0.780449 0.697012 -1.01226 -0.902966 2.28003 -0.747457 -1.5381 -2.05818 -0.184567 0.00342403 2.62136 2.65973 -0.140817 2.0581 0.53124 -2.61679 1.16408 2.23225 0.190208 -2.81474 -0.646393 0.175844 -0.547107 
-1.37956 -2.05508 -1.23119 -1.41262 2.02525 1.01518 1.01322 0.740383 0.670564 -0.980574 -0.894516 2.28062 -0.765155 -1.51985 -2.02467 -0.183797 0.00397919 2.6185 2.66719 -0.17793 2.02808 0.543783 -2.61322 1.18496 2.23194 0.206202 -2.77164 -0.619937 0.198007 -0.537729 
-1.39301 -1.99254 -1.23281 -1.42921 2.03994 1.02238 1.03558 0.682563 0.642634 -0.937766 -0.890687 2.28146 -0.779622 -1.49726 -1.99554 -0.177609 0.00511449 2.60524 2.6911 -0.212391 1.9932 0.559036 -2.62107 1.20444 2.23076 0.220469 -2.73519 -0.582241 0.223644 -0.543387 
-1.39435 -1.93578 -1.22404 -1.45452 2.05206 1.03068 1.03636 0.627412 0.619794 -0.893258 -0.900287 2.27275 -0.785531 -1.4902 -1.9809 -0.165118 0.000673864 2.60361 2.69161 -0.231932 1.95877 0.565487 -2.62887 1.2071 2.23628 0.219736 -2.7043 -0.551558 0.241341 -0.562085 
-1.45572 -1.75983 -1.29112 -1.57356 2.02662 1.0444 1.02737 0.685923 0.540009 -0.909404 -0.891182 2.21907 -0.811301 -1.54554 -1.91793 -0.128356 -0.0410556 2.56572 2.57319 -0.313708 2.01179 0.585357 -2.5415 1.24279 2.09106 0.316456 -2.68128 -0.520859 0.089649 -0.572353 
-1.50507 -1.60902 -1.33504 -1.68927 2.01055 1.04315 1.00805 0.748217 0.4681 -0.90457 -0.879605 2.1713 -0.814608 -1.60097 -1.85986 -0.0893809 -0.0802644 2.5398 2.47034 -0.389867 2.07952 0.60605 -2.46493 1.25749 1.94498 0.391599 -2.66826 -0.490873 -0.0358716 -0.574021 
-1.51288 -1.53002 -1.3467 -1.74181 2.0146 1.02353 0.983848 0.766498 0.429857 -0.883799 -0.86152 2.14045 -0.788479 -1.65663 -1.83916 -0.0680403 -0.104205 2.53653 2.40543 -0.431096 2.11965 0.60728 -2.4391 1.24462 1.84523 0.424173 -2.66893 -0.470635 -0.0720949 -0.575611 
-1.50941 -1.43705 -1.37104 -1.7647 2.00802 1.019 0.96495 0.724892 0.411553 -0.844868 -0.81625 2.11449 -0.738184 -1.66859 -1.81736 -0.0514482 -0.119092 2.5574 2.40923 -0.441689 2.12768 0.613495 -2.44586 1.20809 1.82466 0.460323 -2.67621 -0.46588 -0.0750012 -0.560679 
-1.50892 -1.38833 -1.39295 -1.72914 2.01272 1.0303 0.943272 0.649229 0.414644 -0.793342 -0.778567 2.11139 -0.68424 -1.69711 -1.7918 -0.0460965 -0.159684 2.57654 2.39295 -0.44984 2.07608 0.60597 -2.45631 1.16239 1.83094 0.4326 -2.67265 -0.433532 -0.0473757 -0.522602 
