Mean 0 Mean 1 Mean 2 Mean 3 Mean 4 Mean 5 Mean 6 Mean 7 Mean 8 Mean 9 Mean 10 Mean 11 Mean 12 Mean 13 Mean 14 Mean 15 Mean 16 Mean 17 Mean 18 Mean 19 Mean 20 Mean 21 Mean 22 Mean 23 Mean 24 Mean 25 Mean 26 Mean 27 Mean 28 Mean 29 
-2.55894 0.79171 -2.43629 1.02144 2.24357 -1.39098 0.997593 -1.28149 -1.74903 -2.30542 1.47508 2.45967 1.22125 1.0497 -2.81893 2.83012 1.00057 0.188727 2.71053 -2.72711 0.0992264 0.16169 2.27258 -0.104854 2.726 0.57145 0.554231 2.97563 1.7565 2.6769 
-2.53089 0.780118 -2.45137 1.02589 2.24528 -1.36499 1.00805 -1.27352 -1.7572 -2.34334 1.4351 2.44045 1.21276 1.05063 -2.79166 2.84343 1.00284 0.214623 2.70616 -2.74283 0.104812 0.122046 2.25967 -0.0908028 2.71847 0.613217 0.553988 2.97862 2.40682 2.64159 
-2.52313 0.780825 -2.4502 1.02439 2.24844 -1.35615 1.00733 -1.27417 -1.76624 -2.35325 1.42304 2.4305 1.21437 1.04383 -2.79104 2.84811 0.999061 0.21507 2.7067 -2.74519 0.1011 0.110224 2.25825 -0.0895152 2.7127 0.623872 0.55312 2.97724 2.63363 2.63312 
-2.5201 0.782885 -2.44853 1.0236 2.25695 -1.34701 1.00146 -1.27218 -1.77523 -2.36816 1.41266 2.41767 1.20572 1.03877 -2.79616 2.85783 0.993905 0.218228 2.70517 -2.75084 0.10131 0.101234 2.25716 -0.0867254 2.71388 0.635803 0.548711 2.98073 2.74602 2.62022 
-2.52129 0.784577 -2.44541 1.01859 2.2664 -1.34045 0.996606 -1.2721 -1.77936 -2.38161 1.4013 2.40401 1.19809 1.03599 -2.7973 2.8591 0.994389 0.226882 2.70151 -2.75259 0.107527 0.091139 2.25367 -0.0822202 2.71021 0.644372 0.542213 2.97663 2.81519 2.61615 
-2.52266 0.788478 -2.44259 1.01129 2.27413 -1.34707 0.987204 -1.28131 -1.78085 -2.39086 1.39727 2.40699 1.18579 1.03165 -2.80167 2.83903 1.00545 0.238015 2.71394 -2.75049 0.100233 0.0955794 2.25568 -0.0799909 2.70455 0.6373 0.526635 2.94821 2.86431 2.6286 
-2.52354 0.790185 -2.43091 1.0055 2.275 -1.33919 0.986922 -1.27966 -1.78838 -2.39631 1.39654 2.39635 1.17917 1.03695 -2.80548 2.84497 1.00902 0.243872 2.712 -2.75145 0.101238 0.0900537 2.24994 -0.0771 2.69848 0.626967 0.521729 2.93171 2.897 2.63183 
-2.53031 0.792829 -2.42172 0.999458 2.27095 -1.33026 0.983303 -1.2829 -1.79766 -2.39459 1.39326 2.38873 1.17301 1.04289 -2.80454 2.86207 1.00818 0.250223 2.70872 -2.74825 0.112056 0.0797962 2.24578 -0.0769969 2.69541 0.617698 0.521942 2.92404 2.92147 2.62786 
-2.54292 0.793017 -2.4152 0.989651 2.26011 -1.32575 0.955487 -1.28642 -1.81662 -2.39638 1.38917 2.37643 1.16706 1.04867 -2.80771 2.87486 1.00958 0.264524 2.70056 -2.74979 0.118003 0.0652919 2.23665 -0.0777679 2.70092 0.601597 0.529486 2.92155 2.95654 2.63287 
-2.5573 0.786251 -2.41308 0.982506 2.24596 -1.32246 0.905581 -1.28756 -1.84268 -2.40241 1.39411 2.35756 1.15993 1.05627 -2.81316 2.88201 1.01058 0.278735 2.69146 -2.75023 0.121265 0.0543051 2.22738 -0.0900575 2.71122 0.582322 0.543693 2.92615 3.00208 2.63918 
-2.56486 0.780773 -2.40601 0.972444 2.23565 -1.31522 0.884511 -1.28461 -1.85608 -2.40304 1.37948 2.3616 1.156 1.06952 -2.80949 2.88722 1.00523 0.291395 2.68215 -2.75325 0.123743 0.0480274 2.2284 -0.0957583 2.70454 0.55993 0.539576 2.91189 3.02341 2.63945 
-2.56502 0.777344 -2.40014 0.954964 2.21293 -1.31894 0.881058 -1.28846 -1.86605 -2.38672 1.36973 2.3651 1.15378 1.08909 -2.80417 2.89622 1.00835 0.297925 2.66513 -2.754 0.123508 0.0415253 2.22362 -0.0985843 2.69722 0.528978 0.536347 2.8994 3.03456 2.64264 
-2.57538 0.76755 -2.39506 0.944571 2.19201 -1.31206 0.876089 -1.28681 -1.87892 -2.37954 1.3448 2.37331 1.14304 1.10381 -2.80357 2.90846 0.992756 0.300562 2.65227 -2.74292 0.132221 0.0353468 2.22029 -0.0993302 2.66873 0.504775 0.53781 2.8867 3.04379 2.63578 
-2.59173 0.751193 -2.3841 0.940405 2.16252 -1.30465 0.862815 -1.29065 -1.89047 -2.37211 1.31911 2.38428 1.1379 1.12273 -2.80974 2.92165 0.969626 0.2958 2.64787 -2.72786 0.151022 0.031487 2.21687 -0.0978632 2.63174 0.484529 0.537279 2.88035 3.05094 2.61593 
-2.60956 0.729669 -2.36806 0.938647 2.13498 -1.30071 0.849401 -1.29224 -1.89585 -2.36122 1.29547 2.40488 1.14855 1.1447 -2.81902 2.92786 0.93845 0.298381 2.64317 -2.70782 0.177778 0.0278967 2.21048 -0.0993561 2.59582 0.463301 0.524677 2.87002 3.06401 2.58621 
-2.61792 0.712754 -2.34039 0.948155 2.1105 -1.2962 0.830563 -1.28908 -1.89978 -2.35544 1.27411 2.42095 1.13967 1.13795 -2.84242 2.94637 0.915855 0.284141 2.63869 -2.6913 0.209532 0.0195971 2.19487 -0.0939752 2.54738 0.44443 0.537107 2.86187 3.08782 2.56573 
-2.62023 0.689402 -2.32194 0.951129 2.0731 -1.29323 0.816167 -1.26229 -1.89122 -2.35355 1.27393 2.43193 1.12931 1.13433 -2.83887 2.93823 0.898579 0.286193 2.64064 -2.67721 0.234757 -0.00718192 2.19235 -0.0836134 2.50462 0.424856 0.539852 2.85735 3.11425 2.54886 
-2.63694 0.671727 -2.32054 0.96222 2.03696 -1.28977 0.803528 -1.25043 -1.87184 -2.3519 1.2484 2.45741 1.13287 1.15002 -2.83943 2.92724 0.866813 0.306678 2.63914 -2.67138 0.269898 -0.0237938 2.18174 -0.0719893 2.46831 0.384009 0.531141 2.85661 3.14148 2.52587 
-2.64582 0.656448 -2.31343 0.986822 2.01928 -1.28877 0.792322 -1.26078 -1.85384 -2.33373 1.22129 2.49174 1.1312 1.15591 -2.86399 2.92469 0.832397 0.308935 2.64205 -2.66408 0.298235 -0.0350175 2.18382 -0.0558667 2.40831 0.347794 0.505176 2.85822 3.15573 2.50696 
-2.66881 0.631407 -2.29069 1.01739 2.0083 -1.28427 0.756728 -1.28339 -1.83723 -2.28732 1.20288 2.53159 1.13959 1.14878 -2.92481 2.9032 0.793672 0.305416 2.64955 -2.65273 0.307929 -0.0507354 2.19457 -0.044736 2.3406 0.314955 0.472945 2.88434 3.16901 2.4923 
-2.67838 0.638759 -2.29504 1.03938 2.00106 -1.30882 0.771432 -1.27621 -1.81986 -2.26607 1.23251 2.53508 1.15345 1.14229 -2.95871 2.9019 0.793718 0.323624 2.65212 -2.65626 0.331424 -0.0652816 2.21643 -0.04464 2.31866 0.298089 0.449836 2.9042 3.193 2.51793 
-2.67089 0.654742 -2.29262 1.0619 1.99839 -1.35392 0.798484 -1.27664 -1.79719 -2.23076 1.2877 2.53254 1.16909 1.13642 -3.00254 2.91816 0.804632 0.346008 2.64723 -2.66164 0.363514 -0.0917395 2.23092 -0.0452422 2.30301 0.271634 0.426182 2.92965 3.23115 2.53815 
-2.66597 0.668456 -2.27976 1.09604 1.99041 -1.40198 0.812187 -1.2833 -1.77661 -2.19263 1.33423 2.54542 1.20002 1.11929 -3.05434 2.94105 0.791824 0.373696 2.63405 -2.67673 0.396064 -0.126566 2.25392 -0.0521865 2.27551 0.242906 0.420876 2.9503 3.26781 2.5536 
-2.66205 0.679186 -2.29596 1.09097 2.0268 -1.44886 0.832993 -1.28107 -1.75789 -2.15524 1.37588 2.52689 1.22195 1.10889 -3.06297 2.95104 0.812789 0.381282 2.62805 -2.68655 0.40022 -0.132281 2.23007 -0.0647542 2.2498 0.251277 0.419345 2.96918 3.29862 2.54177 
-2.65787 0.681262 -2.32784 1.08315 2.06172 -1.4784 0.835514 -1.28468 -1.74142 -2.14019 1.4089 2.51425 1.25862 1.10397 -3.06881 2.95492 0.820305 0.379151 2.62914 -2.6911 0.393496 -0.123186 2.23901 -0.0668007 2.22943 0.273285 0.414551 2.97388 3.31473 2.52828 
-2.65761 0.677493 -2.3511 1.05755 2.09876 -1.48636 0.841228 -1.28573 -1.74646 -2.14319 1.4175 2.5077 1.30641 1.12258 -3.05754 2.96483 0.837555 0.374794 2.63294 -2.69217 0.390306 -0.121034 2.24483 -0.0596701 2.2427 0.30219 0.413082 2.97521 3.32422 2.56973 
-2.65544 0.674378 -2.37122 1.00956 2.15208 -1.48897 0.850888 -1.28228 -1.75977 -2.16346 1.40542 2.49917 1.37456 1.15995 -3.0572 2.98305 0.872772 0.362589 2.63084 -2.7033 0.382896 -0.124455 2.26081 -0.0426993 2.26947 0.334533 0.408544 2.98047 3.34288 2.60809 
-2.66187 0.676683 -2.39281 0.963539 2.20319 -1.49052 0.863281 -1.28109 -1.76023 -2.17506 1.38962 2.50544 1.42486 1.17775 -3.05308 3.01205 0.906413 0.341469 2.63494 -2.71175 0.380167 -0.131502 2.25333 -0.0232285 2.32318 0.362699 0.406517 2.98891 3.36327 2.647 
-2.66496 0.685232 -2.39491 0.898321 2.25281 -1.4868 0.900889 -1.28873 -1.76691 -2.17522 1.36711 2.52352 1.45804 1.19792 -3.03046 3.04452 0.957015 0.303792 2.63232 -2.71621 0.377189 -0.1598 2.21786 0.00219772 2.37156 0.385368 0.39745 3.00766 3.38269 2.66772 
-2.64274 0.701194 -2.43653 0.875577 2.27627 -1.47122 0.884838 -1.29846 -1.7663 -2.2185 1.31899 2.54991 1.46365 1.19308 -3.02134 3.06794 0.987781 0.27565 2.61699 -2.72489 0.380165 -0.163962 2.24379 -0.0111872 2.39535 0.371615 0.343879 2.98795 3.37996 2.68856 
-2.62155 0.707762 -2.44457 0.863925 2.30123 -1.45633 0.875238 -1.30984 -1.75374 -2.25557 1.27246 2.56653 1.50578 1.21637 -3.02702 3.07276 0.996697 0.292603 2.62297 -2.72373 0.376441 -0.150655 2.28575 -0.00747045 2.41712 0.352012 0.318825 2.98992 3.38506 2.73108 
-2.61024 0.708391 -2.44081 0.836852 2.33119 -1.43556 0.874057 -1.31363 -1.73562 -2.29386 1.22265 2.5879 1.57878 1.25196 -3.03608 3.04818 0.997642 0.320075 2.64695 -2.72695 0.361847 -0.137276 2.33193 0.00676942 2.44254 0.32066 0.274382 2.98153 3.39375 2.78949 
-2.60468 0.712208 -2.46093 0.805081 2.34645 -1.36725 0.863937 -1.32431 -1.73061 -2.3266 1.18887 2.59464 1.63016 1.25696 -3.02171 3.05151 1.00999 0.341 2.63621 -2.74291 0.355717 -0.126424 2.38476 0.00818182 2.44451 0.28991 0.228791 2.9745 3.39065 2.83853 
-2.59373 0.732542 -2.47005 0.772821 2.34768 -1.32565 0.850883 -1.33119 -1.72844 -2.31245 1.18247 2.56791 1.63835 1.23758 -2.96683 3.05166 0.99561 0.375495 2.61621 -2.73649 0.350334 -0.128457 2.4117 -0.0190232 2.45176 0.275498 0.212045 2.96106 3.3486 2.84348 
-2.5546 0.763855 -2.49367 0.746178 2.34864 -1.27913 0.834502 -1.34304 -1.73516 -2.30569 1.17609 2.53818 1.62616 1.23088 -2.89428 3.05806 0.987906 0.404103 2.59819 -2.73912 0.343825 -0.134868 2.4052 -0.0564215 2.45209 0.263278 0.278937 2.94912 3.32074 2.83473 
-2.5114 0.78597 -2.51931 0.733796 2.34474 -1.22975 0.799102 -1.3431 -1.76144 -2.31416 1.20902 2.53304 1.64261 1.20116 -2.82292 3.06049 0.997748 0.398288 2.60186 -2.75439 0.357141 -0.124825 2.40699 -0.103314 2.44558 0.282438 0.303923 2.92362 3.26292 2.84091 
-2.48667 0.807362 -2.554 0.738701 2.33052 -1.19983 0.743919 -1.34065 -1.78192 -2.33135 1.25336 2.52598 1.66385 1.16638 -2.75993 3.05431 0.993285 0.387802 2.6306 -2.76154 0.373257 -0.109232 2.39888 -0.154652 2.43011 0.323111 0.325205 2.89525 3.22982 2.83305 
-2.4442 0.83821 -2.57145 0.735272 2.3199 -1.19047 0.711443 -1.33158 -1.77418 -2.33327 1.30826 2.54397 1.66894 1.10919 -2.68644 3.07001 1.01344 0.348218 2.68632 -2.7628 0.393479 -0.102768 2.39067 -0.199325 2.43131 0.350186 0.357215 2.87106 3.20268 2.81676 
-2.41916 0.8667 -2.59896 0.736878 2.29795 -1.17672 0.668119 -1.31834 -1.77291 -2.344 1.36062 2.56382 1.67517 1.07154 -2.60905 3.10783 1.02792 0.313635 2.74821 -2.76636 0.395612 -0.0878988 2.3903 -0.23872 2.42343 0.356555 0.397682 2.85358 3.20641 2.78099 
-2.38791 0.893784 -2.61753 0.735761 2.2717 -1.16942 0.629095 -1.30538 -1.73898 -2.34996 1.41927 2.57506 1.6686 1.00947 -2.55803 3.13746 1.05282 0.261716 2.81926 -2.75874 0.416404 -0.0943418 2.36902 -0.272739 2.4292 0.374361 0.446746 2.84632 3.2047 2.76872 
