Mean 0 Mean 1 Mean 2 Mean 3 Mean 4 Mean 5 Mean 6 Mean 7 Mean 8 Mean 9 Mean 10 Mean 11 Mean 12 Mean 13 Mean 14 Mean 15 Mean 16 Mean 17 Mean 18 Mean 19 Mean 20 Mean 21 Mean 22 Mean 23 Mean 24 Mean 25 Mean 26 Mean 27 Mean 28 Mean 29 
-1.06543 -1.39765 -2.51891 -1.07482 2.32545 0.784965 -1.22049 0.883925 0.769481 1.05264 -1.00305 2.58656 0.925083 -1.41741 -1.5509 -0.674151 1.34494 0.224068 2.62185 0.0571735 0.706809 2.5712 -1.3992 -1.97451 2.86026 0.413305 -2.7159 -1.94478 -0.10184 -0.0632455 
-1.08874 -1.36858 -2.49148 -1.06953 2.28363 0.810485 -1.21446 0.91455 0.782833 1.12653 -1.00109 2.63954 0.904657 -1.35091 -1.57324 -0.660117 1.28538 1.75558 2.67342 0.0785216 0.71371 2.54788 -1.43163 -2.01916 2.94373 0.356269 -2.69789 -1.92968 -0.122849 -0.0540065 
-1.12462 -1.36954 -2.48454 -1.08336 2.21362 0.826698 -1.17724 0.901851 0.759121 1.17691 -0.990575 2.67739 0.909932 -1.314 -1.57929 -0.649424 1.23965 2.27031 2.72592 0.123406 0.718308 2.53687 -1.43807 -2.0384 2.99881 0.296504 -2.73805 -1.89708 -0.138595 -0.0857265 
-1.13453 -1.36282 -2.47417 -1.11207 2.17822 0.834896 -1.16447 0.876378 0.741672 1.182 -0.981176 2.69129 0.91075 -1.28191 -1.59183 -0.6374 1.21311 2.52301 2.73677 0.15235 0.722576 2.54283 -1.43077 -2.05111 3.02742 0.279038 -2.78692 -1.87485 -0.142223 -0.101243 
-1.11153 -1.34112 -2.44864 -1.10703 2.18895 0.83275 -1.18748 0.882156 0.697766 1.14629 -1.02452 2.6674 0.89269 -1.32288 -1.54731 -0.602981 1.23314 2.67406 2.73162 0.146778 0.673901 2.50648 -1.42172 -2.04364 3.04852 0.302623 -2.74676 -1.87178 -0.142709 -0.138601 
-1.10042 -1.32257 -2.42865 -1.1243 2.17859 0.82873 -1.20943 0.892726 0.660321 1.10323 -1.06918 2.64409 0.889496 -1.35242 -1.49898 -0.576764 1.24291 2.79282 2.71681 0.154284 0.657972 2.47133 -1.41912 -2.03452 3.07126 0.318073 -2.72429 -1.87811 -0.130408 -0.168173 
-1.10753 -1.32935 -2.46361 -1.12187 2.20776 0.841483 -1.25736 0.856827 0.675433 1.09258 -1.07707 2.60994 0.909486 -1.30947 -1.48773 -0.553115 1.23999 2.87132 2.72145 0.113248 0.65119 2.47527 -1.42856 -2.05286 3.05239 0.330228 -2.71423 -1.91803 -0.131869 -0.178508 
-1.13054 -1.36207 -2.51375 -1.10456 2.25782 0.841368 -1.36371 0.767539 0.700495 1.07666 -1.08601 2.60241 0.95972 -1.22587 -1.49143 -0.525018 1.24729 2.9411 2.75034 0.0644765 0.650297 2.49606 -1.42603 -2.13156 3.02087 0.343933 -2.72453 -1.98632 -0.141114 -0.19366 
-1.12561 -1.33305 -2.56763 -1.0965 2.2774 0.881414 -1.33032 0.785606 0.740315 1.13785 -1.04572 2.52716 0.937118 -1.22507 -1.54003 -0.499501 1.20538 2.90876 2.72644 -0.00545738 0.651828 2.54269 -1.43929 -2.06592 2.98483 0.357979 -2.6958 -2.02887 -0.123857 -0.194533 
-1.11059 -1.29723 -2.59687 -1.08514 2.28975 0.927029 -1.2989 0.810128 0.763645 1.16479 -1.00475 2.49006 0.930981 -1.24393 -1.57888 -0.499767 1.16453 2.88312 2.69196 -0.0717248 0.640817 2.6055 -1.44237 -2.009 2.96943 0.365689 -2.68032 -2.07963 -0.10587 -0.223902 
-1.0879 -1.26767 -2.61235 -1.08198 2.30334 0.962363 -1.27859 0.829163 0.762797 1.16715 -0.974263 2.47182 0.930746 -1.27147 -1.60927 -0.502906 1.1334 2.86556 2.6611 -0.098443 0.611769 2.66584 -1.4422 -1.96239 2.96671 0.381662 -2.69007 -2.13178 -0.0963136 -0.27951 
-1.07818 -1.25959 -2.59514 -1.08959 2.34375 0.963096 -1.26204 0.838563 0.735362 1.13222 -0.962736 2.46313 0.934907 -1.27618 -1.60836 -0.526368 1.13032 2.89734 2.6391 -0.0478739 0.584322 2.68302 -1.44679 -1.96243 2.98792 0.393653 -2.75167 -2.16563 -0.0960786 -0.355352 
-1.05551 -1.22404 -2.58359 -1.08983 2.35512 0.933491 -1.2883 0.824423 0.732087 1.11617 -0.952258 2.47363 0.886634 -1.28673 -1.61564 -0.553866 1.12629 2.9417 2.56935 -0.0404975 0.555553 2.71439 -1.43431 -1.97359 2.98457 0.364621 -2.76439 -2.17181 -0.0947835 -0.368827 
-1.0145 -1.29102 -2.51981 -1.14464 2.43404 0.884496 -1.25554 0.800778 0.759474 1.11725 -0.933878 2.41319 0.923111 -1.2044 -1.6413 -0.54072 1.12497 3.00257 2.53626 -0.0275335 0.588135 2.62978 -1.40361 -2.01066 2.98952 0.429988 -2.73958 -2.14207 -0.0928836 -0.344972 
-0.93665 -1.32631 -2.48193 -1.18131 2.54619 0.858914 -1.19867 0.759116 0.813784 1.10865 -0.922911 2.38772 0.962439 -1.14336 -1.65766 -0.507814 1.13324 3.02637 2.50112 -0.00426087 0.668384 2.54733 -1.38995 -2.06944 2.99782 0.49431 -2.68492 -2.08456 -0.111164 -0.332416 
-0.906402 -1.33326 -2.48557 -1.19317 2.57719 0.86437 -1.1705 0.746621 0.837254 1.11156 -0.909263 2.36351 0.968041 -1.13762 -1.68397 -0.461255 1.13644 3.00389 2.48386 -0.0196604 0.709122 2.53865 -1.41048 -2.07393 2.993 0.507039 -2.64238 -2.06536 -0.11175 -0.323008 
-0.911254 -1.39787 -2.45418 -1.1717 2.54745 0.843953 -1.25363 0.750102 0.826628 1.07732 -0.864471 2.307 0.947199 -1.14921 -1.71409 -0.484956 1.14144 3.04617 2.47128 -0.00975305 0.72785 2.48436 -1.43614 -2.13511 3.03643 0.520421 -2.57292 -2.00576 -0.0283982 -0.261955 
-0.894341 -1.393 -2.44908 -1.12317 2.5854 0.849408 -1.24975 0.699124 0.835137 1.08961 -0.913161 2.32901 0.938396 -1.19931 -1.75819 -0.430829 1.13642 3.06307 2.47496 0.00973169 0.757936 2.48052 -1.50881 -2.16481 3.01022 0.506819 -2.49494 -1.9867 -0.0140897 -0.254342 
-0.956712 -1.33013 -2.50045 -1.18199 2.54658 0.842253 -1.33443 0.541672 0.990937 1.07532 -0.929587 2.39984 1.12348 -1.12706 -1.7439 -0.481227 1.12778 3.06201 2.41271 0.0087795 0.75322 2.55554 -1.52557 -2.18655 2.99509 0.581681 -2.48084 -1.91986 0.0590222 -0.332397 
-1.00291 -1.29123 -2.53099 -1.21712 2.51887 0.827958 -1.38679 0.446923 1.08198 1.07385 -0.935022 2.44521 1.24076 -1.08563 -1.73241 -0.509547 1.10793 3.06263 2.37344 0.0130388 0.746794 2.60804 -1.53357 -2.19974 2.98294 0.634443 -2.47676 -1.8797 0.0962977 -0.378339 
-1.04719 -1.26155 -2.55046 -1.23046 2.49498 0.812872 -1.42957 0.378113 1.14401 1.07668 -0.960045 2.48664 1.30355 -1.07292 -1.73798 -0.526113 1.09649 3.05802 2.34777 0.0329518 0.750998 2.62984 -1.52406 -2.2112 2.93995 0.66483 -2.48181 -1.8527 0.104578 -0.412116 
-1.06796 -1.17636 -2.57944 -1.25318 2.48768 0.791601 -1.48934 0.241856 1.26081 1.06793 -0.965178 2.52365 1.4384 -1.03609 -1.71889 -0.554535 1.08968 3.07756 2.31871 0.0466694 0.748537 2.68964 -1.5204 -2.25702 2.92669 0.726994 -2.45813 -1.81762 0.11302 -0.483349 
-1.08032 -1.08253 -2.60799 -1.26776 2.48467 0.769527 -1.53818 0.105754 1.37142 1.06605 -0.966675 2.55498 1.56903 -1.00792 -1.69756 -0.581932 1.08666 3.09805 2.30101 0.0581769 0.751962 2.74452 -1.51164 -2.30811 2.90624 0.790428 -2.43525 -1.78613 0.105793 -0.559866 
-1.08194 -1.01906 -2.62874 -1.26782 2.49404 0.748597 -1.56151 0.015889 1.41637 1.07493 -0.96709 2.56775 1.639 -0.988385 -1.68765 -0.600645 1.09423 3.12386 2.29674 0.0705895 0.757594 2.7811 -1.50022 -2.34646 2.88367 0.819561 -2.42062 -1.76999 0.0939434 -0.606258 
-0.984973 -1.04598 -2.60548 -1.2527 2.55922 0.73308 -1.50794 0.0930288 1.4319 1.06013 -0.980074 2.58253 1.60944 -0.903254 -1.69518 -0.583498 1.11744 3.13192 2.35707 0.0778876 0.800433 2.75813 -1.52685 -2.3628 2.89175 0.807094 -2.41083 -1.77616 0.0697684 -0.535791 
-0.907503 -1.06714 -2.57977 -1.23467 2.6252 0.71017 -1.45459 0.132917 1.44346 1.05364 -0.938632 2.57405 1.56621 -0.835048 -1.70419 -0.544243 1.13122 3.12334 2.39011 0.122288 0.873345 2.74277 -1.54933 -2.39519 2.9199 0.797895 -2.3983 -1.74559 0.0242145 -0.486396 
-0.912868 -1.05523 -2.58989 -1.21721 2.6128 0.696609 -1.4461 0.0979885 1.40832 1.10075 -0.87963 2.55284 1.57345 -0.856323 -1.68401 -0.536531 1.12773 3.16315 2.38224 0.153284 0.892426 2.75008 -1.53888 -2.41987 2.92407 0.760299 -2.44839 -1.72942 0.000827098 -0.489276 
-0.978748 -1.04543 -2.58538 -1.13561 2.58114 0.704152 -1.41226 0.0524529 1.35647 1.21405 -0.805636 2.4794 1.53343 -0.850766 -1.68902 -0.548532 1.09055 3.22047 2.38637 0.178141 0.871264 2.70955 -1.52664 -2.38364 2.97137 0.764838 -2.45883 -1.68159 0.0300734 -0.431086 
-1.08899 -1.0654 -2.56685 -1.01344 2.54071 0.721666 -1.34818 0.010456 1.27848 1.37527 -0.685637 2.38066 1.43592 -0.818502 -1.71838 -0.560787 1.01401 3.29005 2.37887 0.212375 0.821507 2.64197 -1.51993 -2.31253 3.07152 0.779272 -2.45128 -1.60217 0.0934372 -0.30541 
-1.23199 -1.09586 -2.54595 -0.844501 2.5093 0.741319 -1.27793 -0.0406877 1.19887 1.58173 -0.525023 2.25789 1.29906 -0.759124 -1.77008 -0.574272 0.905694 3.38138 2.3358 0.253544 0.742226 2.57456 -1.50192 -2.23145 3.22923 0.818857 -2.4039 -1.48798 0.179093 -0.11065 
-1.36074 -1.11506 -2.52298 -0.685148 2.48049 0.757313 -1.20631 -0.0806697 1.1204 1.77267 -0.380345 2.15418 1.18024 -0.708658 -1.8182 -0.577441 0.805848 3.46897 2.27569 0.281391 0.660718 2.51256 -1.47801 -2.16357 3.35964 0.847759 -2.35034 -1.37312 0.263304 0.0746762 
-1.48657 -1.12888 -2.49749 -0.525688 2.45582 0.770923 -1.1289 -0.118862 1.03602 1.96274 -0.241802 2.06248 1.07869 -0.661262 -1.86501 -0.577171 0.713666 3.55135 2.20083 0.304819 0.569333 2.44527 -1.44793 -2.10121 3.47154 0.874404 -2.29007 -1.25367 0.34918 0.256992 
-1.59996 -1.1322 -2.47183 -0.373934 2.44217 0.777647 -1.05211 -0.149908 0.952776 2.13949 -0.118097 1.99238 0.996288 -0.621801 -1.90119 -0.576037 0.632324 3.62056 2.11974 0.319514 0.47956 2.38132 -1.41579 -2.05472 3.5563 0.892473 -2.23347 -1.14425 0.424282 0.430996 
-1.7072 -1.12841 -2.43383 -0.23739 2.43679 0.779077 -0.966759 -0.178453 0.867433 2.31458 -0.00100585 1.93066 0.930204 -0.58429 -1.92531 -0.574091 0.559305 3.68491 2.02322 0.325591 0.38469 2.31443 -1.38515 -2.01337 3.6242 0.910325 -2.18136 -1.03293 0.49216 0.599851 
-1.80172 -1.11473 -2.3936 -0.11555 2.44214 0.773486 -0.883012 -0.19873 0.786849 2.47499 0.10269 1.88628 0.871035 -0.554256 -1.93523 -0.572995 0.498328 3.73655 1.92296 0.324459 0.292727 2.25722 -1.35134 -1.98073 3.67081 0.923075 -2.13792 -0.931404 0.546586 0.769313 
-1.79186 -1.05937 -2.43737 -0.063012 2.44464 0.712927 -0.83295 -0.147825 0.792927 2.7862 0.130502 1.90993 0.740437 -0.553958 -1.90155 -0.666159 0.47865 3.64119 1.84292 0.345849 0.254182 2.29907 -1.30382 -1.96908 3.58157 0.922656 -2.21938 -0.931938 0.692433 0.968355 
-1.79044 -0.893425 -2.44991 -0.173085 2.4396 0.678169 -0.730048 -0.139292 0.748914 3.14718 0.0924453 2.03197 0.712943 -0.560181 -1.86414 -0.733374 0.492125 3.45177 1.64613 0.219906 0.284334 2.30513 -1.37728 -1.96902 3.4091 0.98923 -2.33767 -0.971677 0.782583 0.990938 
-1.82511 -0.762784 -2.42804 -0.232 2.44563 0.648286 -0.622754 -0.15672 0.688407 3.41147 0.0940409 2.10894 0.706475 -0.560976 -1.83971 -0.770815 0.480045 3.34354 1.46112 0.102572 0.279511 2.28512 -1.4213 -1.95223 3.30439 1.04126 -2.39229 -0.963154 0.844755 1.03002 
-1.8104 -0.597657 -2.45707 -0.346159 2.4284 0.585151 -0.53668 -0.152434 0.668426 3.73336 0.048542 2.22662 0.68567 -0.565558 -1.80983 -0.843836 0.483449 3.15506 1.30622 -0.0199451 0.32402 2.31477 -1.48931 -1.93273 3.13256 1.09995 -2.51252 -1.01266 0.931742 0.982499 
-1.76807 -0.506343 -2.43751 -0.423016 2.40949 0.570186 -0.455982 -0.155905 0.643651 4.03752 0.0130008 2.29153 0.690731 -0.585121 -1.79141 -0.87701 0.4996 3.02743 1.16762 -0.114939 0.309903 2.32061 -1.55085 -1.91024 3.03791 1.12348 -2.5612 -1.02714 0.964656 0.96115 
