Mean 0 Mean 1 Mean 2 Mean 3 Mean 4 Mean 5 Mean 6 Mean 7 Mean 8 
1.27266 2.48358 -1.36589 -0.405371 -0.817245 -0.311527 -0.833152 2.19067 -3.05991 
1.09998 2.45669 -1.34001 -0.386697 -0.99873 -0.17706 -0.651721 2.13866 -3.02585 
1.5439 2.47465 -1.22046 -0.407703 -1.04327 -0.190792 -0.856123 2.17986 -3.39039 
1.32846 2.45038 -1.15805 -0.313866 -1.25621 0.253409 -1.2 2.18173 -3.37593 
1.28203 2.64351 -1.48237 -0.0533824 -1.35149 0.225568 -1.38429 2.18418 -3.03602 
1.46886 2.69995 -1.48213 0.177843 -1.47221 0.255803 -1.07582 2.52002 -3.22461 
1.4766 2.55804 -1.49065 0.275953 -1.26057 0.189733 -1.07231 2.53429 -3.2974 
1.19555 2.52159 -1.78228 0.167636 -1.13544 0.0964464 -1.06008 2.37527 -3.10406 
1.31455 2.68203 -1.76514 -0.124686 -0.890647 0.176252 -1.05817 2.33466 -3.09204 
1.34921 2.62207 -1.75307 -0.130232 -0.614865 0.495064 -1.13201 2.21648 -3.01062 
1.53533 2.51949 -1.90114 -0.153638 -0.759205 0.415187 -0.974447 2.26529 -2.75614 
1.50643 2.49819 -1.89244 -0.1869 -0.634195 0.594924 -0.962748 2.24057 -2.89141 
1.15143 2.18766 -2.04967 -0.323659 -0.399611 0.269003 -0.826634 2.33778 -2.83118 
1.23934 2.10214 -2.01219 0.0081338 -0.769978 0.286443 -0.993918 2.19393 -2.91553 
1.03286 1.9097 -2.03029 -0.19314 -0.624385 0.0055193 -0.880809 2.38813 -2.93247 
0.822191 1.87756 -2.02666 -0.0444404 -0.479214 0.0499157 -0.73246 2.32207 -2.94829 
0.910649 1.91027 -2.1292 -0.0524839 -0.422784 0.338783 -0.799947 2.41783 -2.91861 
0.954843 1.84215 -2.14057 -0.0416499 -0.432719 0.230811 -0.725889 2.38799 -2.98562 
1.04481 1.83071 -1.98985 -0.230919 -0.400184 0.151083 -0.831762 2.32435 -2.82723 
1.29525 1.89851 -2.06557 -0.272331 -0.401752 0.0598032 -0.816178 2.60922 -2.99162 
1.2933 1.68382 -2.01055 -0.295234 -0.481564 -0.112812 -0.838116 2.54538 -2.9935 
1.25596 1.79125 -1.91594 -0.307844 -0.58058 -0.0197274 -0.944244 2.25057 -2.88422 
1.23443 1.70033 -1.93932 -0.229082 -0.633417 -0.126636 -0.8655 2.33809 -2.89711 
1.30522 1.86404 -1.9117 -0.270378 -0.660854 -0.0596362 -0.95601 2.04793 -2.8286 
1.23815 1.857 -2.08943 -0.193687 -0.672158 -0.0950021 -0.865255 1.912 -2.74612 
1.14002 2.14833 -1.81731 -0.2957 -0.735161 -0.178411 -0.976118 1.95499 -2.80494 
0.962338 2.14194 -1.84045 -0.179318 -0.512994 -0.170751 -0.861877 2.0204 -2.93869 
1.00511 1.87902 -1.79964 -0.226847 -0.466647 -0.347174 -0.88978 1.94285 -2.85775 
0.879534 1.89498 -1.74962 -0.193792 -0.371495 -0.15046 -0.834252 1.98299 -2.91612 
0.953811 1.86335 -1.90365 -0.0475141 -0.398199 0.0411808 -0.739537 1.82122 -3.02985 
1.08891 1.95775 -1.82647 -0.143511 -0.275714 -0.102543 -0.735027 1.7232 -2.88066 
0.907571 1.98837 -1.8623 -0.187862 -0.21675 0.157637 -0.73602 1.77203 -3.0143 
0.920594 2.03777 -1.76668 -0.158897 -0.388898 0.203112 -0.959001 1.68968 -3.00709 
1.14708 2.01075 -1.63494 -0.173645 -0.369547 0.00677747 -0.872087 1.59903 -2.93906 
0.997833 1.98278 -1.59828 -0.0632731 -0.366149 -0.0226275 -0.843416 1.68235 -3.04854 
0.973556 1.81473 -1.88284 -0.0475164 -0.423109 -0.0981446 -0.844877 1.574 -3.10908 
0.894747 1.71153 -1.74305 -0.0235302 -0.326699 -0.0475762 -0.710321 1.55879 -3.39068 
0.915398 1.71937 -1.73039 -0.0900016 -0.415395 0.12092 -0.553834 1.53685 -3.25502 
0.925625 1.78268 -1.96661 -0.124402 -0.358857 0.280411 -0.561727 1.52303 -3.02904 
0.91429 1.67261 -1.8322 -0.0036892 -0.268828 0.261278 -0.382604 1.53989 -2.98872 
0.819446 1.87001 -1.85783 0.00729859 -0.397084 0.1967 -0.539524 1.45011 -3.07353 
0.937411 1.74349 -1.83117 -0.135308 -0.318761 0.169842 -0.643684 1.55177 -3.25235 
1.03379 1.76618 -1.77432 -0.297062 -0.257739 0.146687 -0.574225 1.50687 -3.03928 
1.04457 1.6753 -1.80626 -0.261697 -0.292511 0.094945 -0.662391 1.5022 -2.94873 
0.774289 1.76007 -1.91002 -0.32252 -0.265545 0.0944611 -0.751251 1.42616 -2.87688 
0.702154 1.71627 -2.00946 -0.28321 -0.189274 0.203895 -0.640098 1.50873 -2.71458 
0.665695 1.52924 -2.091 -0.209668 -0.0760526 0.204515 -0.584716 1.49627 -2.86736 
0.503322 1.53814 -2.0627 -0.0060868 -0.0409214 0.23862 -0.541096 1.3705 -2.80034 
0.516834 1.62545 -2.03909 -0.0442821 0.104433 0.37415 -0.439769 1.43103 -2.69621 
0.337875 1.66487 -2.05929 -0.179816 0.127457 0.483314 -0.37889 1.45373 -2.72696 
0.574143 1.49839 -2.2674 -0.163096 0.107831 0.549234 -0.344397 1.39398 -2.59713 
0.455859 1.74377 -2.31956 -0.15118 0.0506482 0.367496 -0.675949 1.42398 -2.6865 
0.438323 1.8761 -2.31499 -0.0717592 0.217155 0.348445 -0.668524 1.61214 -2.59317 
0.546536 1.696 -2.30924 -0.102127 0.0393488 0.325577 -0.570075 1.58393 -2.67444 
0.519922 1.75307 -2.21649 -0.0158662 -0.0134022 0.366736 -0.516761 1.76816 -2.7755 
0.439048 1.69776 -1.93841 -0.00752885 -0.143192 0.260565 -0.794514 1.67391 -2.70305 
0.637086 1.59369 -2.15788 0.00488488 -0.0177124 0.33327 -0.630294 1.67343 -2.60926 
0.672512 1.67087 -2.19082 0.149006 0.0195315 0.359686 -0.500812 1.65518 -2.51943 
0.797808 1.75911 -2.3221 0.0247487 0.114371 0.427369 -0.440751 1.65741 -2.53206 
0.680308 1.81137 -2.33705 0.12379 0.15483 0.528669 -0.417064 1.58789 -2.7972 
0.588115 1.84062 -2.50777 0.0745402 -0.0707991 0.525907 -0.436604 1.4233 -2.98014 
0.561297 1.9201 -2.41127 0.0135625 -0.0456562 0.647575 -0.406442 1.33079 -3.04376 
0.426444 2.02098 -2.42109 0.21216 0.0859038 0.613691 -0.306402 1.33882 -3.14251 
0.562965 2.32417 -2.33504 0.242274 0.0594793 0.367495 -0.226048 1.17275 -3.08851 
0.552874 2.40147 -2.30214 0.316915 0.197175 0.417683 -0.122461 1.15751 -3.11667 
0.757764 2.48323 -2.03625 0.460901 0.162572 0.21906 -0.218442 1.32334 -3.12253 
0.79159 2.45681 -2.05232 0.406827 0.189511 0.319995 -0.209446 1.20456 -3.18891 
0.801822 2.43931 -2.06871 0.383918 0.278006 0.295031 -0.121083 1.21835 -3.19203 
0.829956 2.45747 -2.09939 0.403468 0.345708 0.277524 -0.0303214 1.18494 -3.13699 
0.767283 2.50366 -1.82986 0.320603 0.435474 0.327928 0.0251251 1.19998 -3.13286 
0.729859 2.49859 -1.91861 0.340623 0.399592 0.432835 -0.0712457 1.23681 -3.14722 
0.662987 2.47828 -1.99599 0.385734 0.435004 0.483497 -0.156089 1.26818 -3.19249 
0.449136 2.46551 -2.00616 0.250746 0.449739 0.54048 -0.0883436 1.28122 -3.08035 
0.572989 2.38725 -2.07963 0.311187 0.449425 0.589361 -0.057621 1.25895 -2.99374 
0.534536 2.4129 -2.36172 0.362718 0.39317 0.68351 -0.112171 1.20504 -2.91769 
0.404978 2.44454 -2.11908 0.421512 0.265728 0.647744 -0.100185 1.37942 -2.94156 
0.672715 2.37165 -2.21453 0.419261 0.379065 0.551621 -0.013288 1.43258 -2.92053 
0.565309 2.51362 -2.38635 0.54023 0.347764 0.512959 -0.0241299 1.45952 -2.93526 
0.429955 2.40211 -2.27415 0.494745 0.271105 0.531172 -0.0945269 1.54269 -3.04803 
0.507142 2.40461 -2.0646 0.447439 0.276941 0.40411 -0.243329 1.53303 -2.89912 
0.517002 2.39803 -1.87827 0.386852 0.329952 0.291328 -0.344762 1.441 -2.79517 
0.307455 2.39953 -1.90116 0.324363 0.359956 0.420429 -0.315496 1.43208 -2.85639 
0.295853 2.48296 -1.7651 0.460508 0.283696 0.47884 -0.19084 1.55083 -2.88918 
0.178511 2.43935 -1.64979 0.450415 0.200875 0.203472 -0.283842 1.68695 -2.7529 
0.181797 2.35511 -1.66819 0.524428 0.0850228 0.217676 -0.268197 1.41749 -2.73551 
0.260721 2.27317 -1.63538 0.556081 0.121461 0.314497 -0.336325 1.50909 -2.74928 
0.48838 2.19684 -1.76537 0.572677 0.167115 0.384119 -0.317443 1.42138 -2.68587 
0.396383 2.24679 -1.77507 0.46083 0.236195 0.507864 -0.281685 1.45338 -2.73179 
0.384566 2.36057 -1.84458 0.417819 0.279026 0.564836 -0.25038 1.48732 -2.73947 
0.37656 2.29473 -1.8907 0.316374 0.265132 0.552017 -0.0766985 1.35256 -2.78569 
0.401354 2.36597 -1.89457 0.53358 0.389544 0.675377 -0.0783679 1.43186 -2.64882 
0.501965 2.4733 -1.59938 0.46953 0.469066 0.655006 -0.121715 1.3341 -2.82291 
0.436178 2.44566 -1.682 0.456719 0.417982 0.691948 -0.124609 1.29297 -2.8315 
0.477281 2.44691 -1.78042 0.445419 0.339109 0.761722 -0.136311 1.24533 -2.76815 
0.536263 2.44866 -1.83757 0.374438 0.366316 0.797564 -0.183753 1.2143 -2.72745 
0.49348 2.45633 -1.68409 0.415957 0.454058 0.899632 -0.251667 1.20623 -2.82406 
0.568031 2.39904 -1.77365 0.546334 0.399003 0.828871 -0.201027 1.36 -2.81171 
0.491456 2.55612 -1.59908 0.611749 0.409613 0.949975 -0.199417 1.3514 -2.84654 
0.487058 2.47558 -1.50009 0.722201 0.384509 1.0701 -0.260243 1.38972 -2.84279 
0.33728 2.4918 -1.62291 0.53084 0.402028 0.966146 -0.193216 1.3432 -3.03198 
