Mean 0 Mean 1 Mean 2 Mean 3 Mean 4 Mean 5 Mean 6 Mean 7 Mean 8 
-0.1447 -1.3154 -2.11106 2.82836 -1.0726 -0.901062 0.78676 2.96097 -1.45189 
0.207904 -1.75776 -1.96891 2.95463 -0.809263 -1.12328 0.602829 2.98368 -1.53857 
0.617426 -1.86065 -1.84819 2.79702 -0.885719 -0.714648 0.907727 2.99727 -1.68408 
0.231432 -1.76572 -2.20721 2.57716 -0.769588 -0.415898 0.74644 3.37922 -1.85251 
0.254161 -1.80402 -1.94924 2.40685 -0.517944 -0.420367 0.770408 3.2658 -1.74908 
0.24607 -1.53764 -1.93001 2.37572 -0.900905 -0.418986 0.787647 2.87935 -1.63483 
0.349116 -1.55511 -2.11276 2.40987 -0.583852 -0.43571 0.692005 2.7903 -1.60129 
0.476428 -1.46441 -2.07483 2.4152 -0.791776 -0.504688 0.503753 3.04604 -1.80835 
0.377399 -1.5672 -1.85184 2.41119 -0.815759 -0.416553 0.577342 3.03947 -1.88541 
0.38621 -1.38648 -1.91898 2.49111 -0.773792 -0.50278 0.440019 3.07013 -2.05814 
0.256084 -1.41648 -1.68115 2.52942 -0.898811 -0.445096 0.50563 3.10791 -2.13514 
0.169387 -1.365 -1.90644 2.61285 -0.947137 -0.464298 0.527704 3.32957 -1.9506 
0.084641 -1.20691 -1.8147 2.7444 -1.0049 -0.444599 0.594163 3.35932 -2.03319 
-0.0282647 -1.38502 -1.81464 2.87964 -1.04612 -0.426178 0.820627 3.39434 -2.03485 
-0.088414 -1.15489 -1.79946 3.01158 -1.12408 -0.415756 0.874865 3.51462 -2.22444 
-0.077871 -0.984014 -1.63492 2.87693 -1.12043 -0.517399 0.717758 3.47486 -2.17537 
0.112234 -0.986312 -1.47482 2.70685 -0.9872 -0.403603 0.895816 3.47553 -2.14888 
0.0877613 -1.0218 -1.65139 2.74248 -0.880664 -0.55353 1.08818 3.40031 -2.00249 
-0.0943177 -1.0248 -1.53851 2.37003 -0.846144 -0.637386 0.932044 3.3747 -2.20416 
-0.124171 -1.20795 -1.6266 2.29143 -0.723072 -0.663025 0.911173 3.27954 -2.23384 
-0.291588 -1.24609 -1.668 2.35663 -0.668766 -0.567504 0.957279 3.27616 -2.15472 
-0.225033 -1.15501 -1.67059 2.52067 -0.733154 -0.578937 0.749555 3.30924 -2.14143 
-0.124605 -0.99124 -1.57114 2.46399 -0.646546 -0.498263 0.887314 3.33946 -1.99877 
-0.290374 -0.976484 -1.5528 2.54951 -0.632762 -0.531791 0.754993 3.22935 -2.17604 
-0.415792 -0.999362 -1.48967 2.60811 -0.659139 -0.621798 0.807071 3.06683 -2.36855 
-0.233669 -1.03432 -1.55377 2.75191 -0.592403 -0.56702 0.880821 2.93302 -2.34996 
-0.162104 -1.02262 -1.43781 2.69879 -0.489461 -0.547936 0.887518 2.88135 -2.21481 
-0.117776 -1.0389 -1.43968 2.79049 -0.627659 -0.489338 0.859282 2.60285 -2.13943 
-0.020938 -1.1201 -1.43013 2.95318 -0.598832 -0.332543 1.05177 2.61439 -1.93422 
0.0302973 -1.14071 -1.42673 2.97076 -0.76198 -0.288285 0.995527 2.60567 -2.02278 
-0.111015 -1.10913 -1.52236 3.12997 -0.807389 -0.237419 1.0408 2.59647 -1.9643 
-0.261982 -1.17719 -1.47677 3.273 -0.726346 -0.271544 0.985852 2.58417 -2.19594 
-0.195267 -1.53492 -1.64452 3.28763 -0.763241 -0.368095 1.03417 2.45583 -2.20379 
-0.156163 -1.7794 -1.76296 3.32117 -0.802122 -0.450929 1.02558 2.37424 -2.27216 
-0.24791 -1.83984 -1.65309 3.1755 -0.975458 -0.476535 0.990661 2.35161 -2.2358 
-0.26931 -1.96184 -1.91283 3.17622 -0.99796 -0.553788 0.982698 2.26938 -2.29389 
-0.250657 -1.98633 -1.92827 3.13627 -1.09317 -0.426855 1.1798 2.38441 -2.11038 
-0.135176 -1.87915 -1.94799 3.07881 -1.13615 -0.367376 1.06709 2.63165 -1.96002 
-0.0508934 -1.8433 -1.98493 3.25807 -0.996001 -0.448838 1.13243 2.55335 -2.05492 
-0.102994 -1.92166 -1.75543 3.34015 -1.17819 -0.604809 1.08105 2.55861 -2.32502 
-0.168853 -1.94543 -1.76932 3.30201 -1.07122 -0.656401 1.23094 2.47538 -2.10031 
-0.18518 -2.07625 -1.83035 3.16937 -0.909989 -0.656608 0.865621 2.42506 -1.97646 
-0.309834 -1.97872 -1.74799 3.36569 -0.913789 -0.752944 0.778794 2.23597 -1.85317 
-0.263235 -2.0376 -1.80255 3.20306 -0.848984 -0.714343 0.671984 2.26327 -1.92744 
-0.226284 -2.05954 -1.53617 3.32417 -1.00662 -0.90336 0.61962 2.32436 -2.10857 
-0.18903 -1.9443 -1.51276 3.33259 -0.809674 -0.807524 0.648538 2.37214 -2.19088 
-0.356086 -1.93042 -1.38463 3.33833 -0.827447 -0.974413 0.745596 2.23313 -2.18314 
-0.234001 -1.87812 -1.40268 3.38623 -0.632163 -0.918118 0.799073 2.19131 -2.02883 
-0.165837 -1.81465 -1.42059 3.40969 -0.730536 -1.04556 0.810589 2.34913 -1.99388 
-0.155903 -1.88096 -1.33735 3.41637 -0.845672 -1.20743 0.841738 2.19082 -2.02743 
-0.126388 -1.82954 -1.29641 3.36854 -0.861226 -1.09469 0.821883 2.19912 -2.0895 
0.0451113 -1.75014 -1.34405 3.42491 -0.847979 -1.0838 0.692498 2.22661 -2.09849 
-0.00433113 -1.74565 -1.30435 3.45278 -0.780241 -1.17375 0.659584 2.63358 -1.89821 
0.0187945 -1.79858 -1.31093 3.51464 -0.773787 -1.03162 0.61985 2.61735 -1.9018 
0.0707646 -1.75208 -1.29721 3.40424 -0.943133 -0.905029 0.75224 2.56073 -1.91265 
0.00147625 -1.8404 -1.4193 3.33035 -0.833584 -0.769284 0.903669 2.41654 -1.95198 
-0.0221456 -1.90593 -1.15809 3.3448 -0.969865 -0.879716 0.659124 2.2735 -1.9163 
0.0695512 -1.80848 -1.24146 3.37475 -0.942664 -0.919724 0.630974 2.41018 -1.74537 
0.216654 -1.83483 -1.40655 3.44651 -0.873506 -0.975768 0.575606 2.36512 -1.80685 
0.312266 -1.71248 -1.51274 3.30901 -0.861082 -0.922834 0.616788 2.38715 -1.84723 
0.283733 -1.67085 -1.43242 3.27879 -0.79692 -0.817908 0.695878 2.43263 -1.82792 
0.486411 -1.80507 -1.67463 3.39762 -0.708997 -0.782674 0.862898 2.4519 -1.78062 
0.621524 -1.91062 -1.90189 3.4012 -0.629459 -0.758655 0.947916 2.36261 -1.62078 
0.374313 -1.84596 -1.86793 3.38772 -0.67794 -0.779056 0.825835 2.50307 -1.60771 
0.268222 -1.90484 -1.70798 3.5098 -0.764701 -0.850478 0.856328 2.40544 -1.51764 
0.365635 -1.66595 -1.8466 3.51438 -0.823637 -0.822517 0.807901 2.51713 -1.41556 
0.37347 -1.67888 -1.70634 3.54194 -0.918873 -0.930906 0.911277 2.51635 -1.48439 
0.257528 -1.59301 -1.70611 3.58801 -0.879784 -0.852465 0.981847 2.25603 -1.58792 
0.396451 -1.64765 -1.78202 3.57459 -0.803961 -0.755457 0.898451 2.16198 -1.59731 
0.34776 -1.69935 -1.73044 3.45513 -0.777848 -0.681359 0.919102 2.04152 -1.68987 
0.322428 -1.92543 -1.73285 3.51178 -0.690423 -0.687521 0.879133 2.13696 -1.63358 
0.350423 -2.10659 -1.80412 3.59544 -0.683691 -0.636839 0.828246 2.18631 -1.56429 
0.356951 -2.15125 -1.94971 3.66817 -0.640896 -0.414535 0.859958 2.33279 -1.46925 
0.404721 -1.96043 -1.82598 3.66609 -0.715001 -0.580468 0.930594 2.4894 -1.57905 
0.372283 -2.0131 -1.81887 3.58484 -0.861645 -0.446185 0.739769 2.34781 -1.53855 
0.346252 -2.07005 -1.88358 3.58562 -0.948113 -0.41342 0.937624 2.24035 -1.6774 
0.352584 -2.02029 -1.77885 3.57818 -0.989095 -0.606735 1.12228 2.36844 -1.71788 
0.325439 -1.93803 -1.65258 3.49044 -0.900998 -0.541909 1.19322 2.32544 -1.60238 
0.472347 -1.74459 -1.71792 3.45236 -0.952969 -0.646563 1.02974 2.61818 -1.49619 
0.428872 -1.7565 -1.82868 3.42609 -1.02952 -0.42031 0.855025 2.43994 -1.40623 
0.413283 -1.57566 -1.83377 3.47288 -1.07772 -0.412829 0.774603 2.67311 -1.37022 
0.455237 -1.48502 -1.88072 3.34297 -0.932643 -0.506924 0.977368 2.57298 -1.28957 
0.437015 -1.51811 -1.89291 3.24444 -0.756474 -0.451053 0.869136 2.52527 -1.46127 
0.500954 -1.52042 -1.81749 3.167 -0.586127 -0.401698 0.861999 2.42972 -1.59834 
0.511646 -1.45528 -1.73109 3.10517 -0.513732 -0.388548 0.749802 2.40603 -1.70621 
0.411896 -1.40137 -1.70485 3.30032 -0.512883 -0.544043 0.729357 2.51676 -1.71471 
0.266473 -1.34817 -1.5905 3.49196 -0.509648 -0.699848 0.679807 2.59434 -1.70641 
0.278841 -1.35791 -1.43509 3.38791 -0.562885 -0.990434 0.727283 2.75011 -1.5381 
0.245455 -1.28712 -1.40739 3.3382 -0.654929 -1.14878 0.803243 2.70062 -1.51697 
0.130571 -1.15371 -1.20522 3.2924 -0.60144 -1.23746 0.832764 2.39357 -1.34286 
-0.0690157 -1.21857 -1.03759 3.21898 -0.570029 -1.19209 0.941033 2.28506 -1.65641 
-0.0928808 -1.14178 -0.899053 3.37036 -0.518756 -1.14669 0.948089 2.21323 -1.62389 
-0.00944357 -1.2374 -0.774834 3.29056 -0.523511 -1.17259 0.888485 2.30643 -1.7753 
0.00721693 -1.50119 -0.869492 3.30516 -0.478886 -1.20259 1.08581 2.27738 -1.7486 
-0.158204 -1.37223 -1.04958 3.43357 -0.520737 -1.25675 1.27825 2.41568 -1.76179 
-0.00848596 -1.39419 -0.980131 3.31148 -0.495854 -1.13601 1.15996 2.34522 -1.87008 
0.0975493 -1.43362 -0.98717 3.2219 -0.455048 -1.01657 1.07783 2.27853 -1.95168 
0.0374802 -1.57242 -0.977365 3.12542 -0.468215 -0.943598 1.08008 2.11884 -2.07191 
0.105853 -1.51679 -1.07694 3.24606 -0.418154 -0.913191 1.06875 2.10782 -2.06489 
0.120527 -1.43655 -1.12376 3.18433 -0.375702 -0.955448 0.971608 2.24025 -2.03978 
