Mean 0 Mean 1 Mean 2 Mean 3 Mean 4 Mean 5 Mean 6 Mean 7 Mean 8 
-2.56972 2.55872 -2.30846 -1.36397 -1.14455 -1.53081 0.194708 -1.99903 -2.27217 
-2.51009 2.90846 -2.38279 -1.38352 -1.2897 -1.17393 0.409083 -2.16163 -2.38201 
-2.64251 2.69577 -2.82525 -1.70889 -1.05585 -1.18182 0.288311 -1.87258 -2.07325 
-2.32756 2.81251 -2.81285 -1.67571 -1.25668 -1.58887 0.134725 -2.0019 -2.17161 
-2.20139 2.70613 -2.84231 -1.63442 -1.01145 -1.85704 0.0580489 -2.24345 -2.08274 
-2.09352 2.77861 -2.79168 -1.27439 -1.26499 -1.68665 0.335673 -1.87772 -2.29515 
-2.23983 3.08571 -3.02643 -1.47097 -1.01376 -1.54865 -0.118365 -1.76061 -2.38282 
-2.52553 2.83809 -3.22067 -1.51541 -1.1337 -1.38691 0.0732743 -1.71723 -2.124 
-2.8628 2.65936 -3.25352 -1.50043 -1.25097 -1.50067 0.0473361 -1.43612 -2.0932 
-2.80704 2.88089 -3.04935 -1.50093 -1.00645 -1.28921 0.117743 -1.5549 -2.13697 
-3.07199 3.00628 -3.18393 -1.48972 -1.17849 -1.36733 0.134332 -1.35248 -2.29052 
-2.90055 3.04846 -3.08958 -1.51968 -1.22672 -1.35747 0.132651 -1.32004 -2.4027 
-2.81876 3.03287 -2.70485 -1.81712 -1.26817 -1.15985 0.308784 -1.17192 -2.46743 
-2.62108 3.09767 -2.5913 -2.0063 -1.28669 -0.999297 0.364066 -1.17149 -2.4181 
-2.48459 3.09178 -2.51582 -1.74591 -1.44594 -0.937294 0.277411 -1.2167 -2.27207 
-2.47845 3.105 -2.766 -1.78256 -1.42919 -1.1515 0.378916 -1.19596 -2.27275 
-2.49596 3.18021 -2.72956 -1.71103 -1.43034 -0.986212 0.348653 -1.5916 -2.09244 
-2.46737 3.15067 -2.80195 -1.53191 -1.59886 -0.895318 0.194263 -1.67691 -2.16489 
-2.64591 2.98471 -2.90236 -1.41788 -1.67691 -0.882035 0.19393 -1.5173 -2.11409 
-2.76783 3.04517 -2.68697 -1.32843 -1.50356 -0.903663 0.156149 -1.56312 -2.27682 
-2.86866 3.13487 -2.67312 -1.37001 -1.66123 -0.902856 -0.11834 -1.71834 -2.32303 
-2.8872 3.11343 -2.65901 -1.37084 -1.84268 -0.766505 -0.175146 -1.65483 -2.12325 
-2.78335 2.99276 -2.72848 -1.4162 -1.82826 -0.729956 -0.0428355 -1.71197 -2.15375 
-2.92981 3.17008 -3.01189 -1.46258 -1.88771 -0.709348 0.103415 -1.5109 -2.16254 
-2.96508 3.27729 -3.15038 -1.53077 -2.03462 -0.670073 0.147831 -1.34019 -2.17992 
-2.95764 3.40151 -3.22293 -1.57197 -2.19155 -0.6876 0.0999841 -1.19651 -2.16701 
-2.74698 3.36738 -3.13357 -1.6435 -2.23336 -0.566469 0.0996123 -1.15793 -1.90399 
-2.96868 3.30606 -3.10704 -1.55133 -2.17028 -0.488156 0.0054807 -1.1805 -1.94474 
-2.93692 3.23156 -3.16935 -1.60421 -2.05881 -0.595484 -0.00512494 -1.29264 -2.06507 
-2.76819 2.86068 -3.20638 -1.57153 -2.02972 -0.516679 0.0792763 -1.41706 -2.00494 
-2.75668 2.99773 -3.19227 -1.53369 -2.07203 -0.581641 0.184936 -1.36625 -1.79362 
-2.79604 3.06147 -3.13342 -1.51374 -2.13792 -0.61553 -0.00727697 -1.44485 -1.8043 
-2.96359 3.20361 -3.07726 -1.52113 -2.05052 -0.732202 -0.0259026 -1.29438 -1.90939 
-2.83796 3.29602 -3.11671 -1.5508 -2.16603 -0.786158 -0.00052888 -1.32757 -2.07979 
-2.73984 3.27765 -3.2647 -1.44511 -2.2208 -0.711357 0.000154969 -1.37916 -1.96912 
-2.75298 3.28638 -3.14346 -1.47901 -2.12134 -0.801292 0.016499 -1.18923 -1.85518 
-2.83693 3.35078 -3.29396 -1.64866 -2.07734 -0.907693 0.0347132 -1.09933 -1.97415 
-2.87775 3.31695 -3.3831 -1.57806 -1.84644 -1.01211 0.118795 -1.06153 -1.92832 
-2.84726 3.25717 -3.3223 -1.31126 -1.74338 -1.17726 0.168334 -1.1482 -2.02338 
-2.86789 3.20165 -3.32438 -1.14228 -1.71412 -1.09216 0.232696 -1.13819 -1.99433 
-2.92318 3.16871 -3.38231 -1.19359 -1.75741 -1.0147 0.278354 -1.27698 -2.11508 
-2.79483 3.19998 -3.53904 -1.33895 -1.84865 -1.07922 0.195569 -1.17516 -2.0313 
-2.69543 3.15552 -3.56542 -1.31916 -1.70599 -1.05378 0.154211 -1.04456 -2.13368 
-2.86174 3.1335 -3.40184 -1.20706 -1.82791 -1.00241 0.159801 -1.13314 -1.97579 
-3.0525 3.31501 -3.28262 -1.14982 -1.69613 -0.871514 0.340528 -1.10397 -2.03347 
-3.05942 3.28261 -3.32937 -1.17463 -1.70574 -0.729576 0.365612 -1.16597 -2.02807 
-3.20555 3.38183 -3.28431 -1.08078 -1.61009 -0.612098 0.485425 -1.20598 -1.97188 
-3.23481 3.34907 -3.4008 -1.27223 -1.48633 -0.761817 0.360991 -1.32251 -1.96926 
-3.21504 3.34309 -3.37065 -1.34816 -1.47052 -0.671052 0.290538 -1.48584 -2.12565 
-3.03677 3.48069 -3.2461 -1.39213 -1.25756 -0.789763 0.247218 -1.47929 -2.17854 
-2.83889 3.63116 -3.22218 -1.32757 -1.0847 -0.866549 0.21392 -1.40002 -2.17377 
-2.86346 3.4836 -2.99979 -1.19973 -1.29196 -0.835681 -0.0474454 -1.30353 -2.07222 
-2.95822 3.5262 -3.05118 -1.3622 -1.20753 -0.793702 0.0596178 -1.37132 -2.29023 
-2.92714 3.55342 -3.25668 -1.32242 -1.37359 -0.977873 0.199749 -1.17598 -2.15538 
-2.98934 3.56994 -3.28946 -1.33694 -1.48967 -0.927484 0.247829 -1.20022 -2.11897 
-2.96312 3.47129 -3.28025 -1.18578 -1.31499 -0.792161 0.488547 -1.11391 -2.00856 
-2.96165 3.61016 -3.35576 -1.21043 -1.37636 -1.09868 0.682484 -1.15059 -2.05045 
-2.93772 3.63398 -3.453 -1.29294 -1.41191 -1.05166 0.702666 -1.13383 -1.99703 
-3.0569 3.61491 -3.46769 -1.32255 -1.3393 -1.06524 0.724278 -1.13951 -2.03412 
-2.99417 3.61789 -3.51933 -1.29127 -1.3718 -1.05535 0.864614 -1.15937 -1.9933 
-2.96276 3.60365 -3.68163 -1.41162 -1.35747 -1.08018 0.791697 -1.3751 -1.81032 
-3.00829 3.42871 -3.77442 -1.35168 -1.20385 -1.03481 0.616967 -1.27178 -1.82447 
-3.17245 3.25516 -3.7867 -1.38317 -1.19166 -1.12478 0.548159 -1.26621 -1.68508 
-3.34079 3.26251 -3.66214 -1.18791 -1.35233 -1.05645 0.469008 -1.26206 -1.86192 
-3.21658 3.33174 -3.72183 -1.19982 -1.3395 -1.20444 0.500987 -1.21008 -1.93502 
-3.13002 3.43462 -3.6423 -1.23463 -1.21136 -1.05555 0.397444 -1.24821 -1.70496 
-3.10129 3.33 -3.69716 -1.33412 -1.22668 -1.07732 0.453199 -1.16925 -1.7572 
-2.86183 3.30769 -3.68732 -1.27992 -1.11016 -1.1602 0.450127 -1.07463 -1.75147 
-2.88738 3.41485 -3.59966 -1.19968 -1.1043 -1.30289 0.555211 -0.992482 -1.58431 
-2.92151 3.30179 -3.57346 -1.20947 -1.1505 -1.20265 0.496969 -0.933181 -1.61623 
-2.7646 3.2283 -3.59998 -1.13746 -1.07728 -1.2692 0.507543 -0.922602 -1.68858 
-2.73261 3.19023 -3.67758 -1.0008 -1.08368 -1.06008 0.443653 -0.737191 -1.68201 
-2.82344 3.05795 -3.7511 -0.864481 -1.11708 -1.06517 0.489902 -0.910437 -1.74867 
-2.9273 2.96934 -3.72303 -0.882199 -0.962543 -1.07768 0.403248 -0.869739 -1.77575 
-2.97711 3.06614 -4.01395 -0.835411 -1.03226 -0.936148 0.379087 -0.979904 -1.68848 
-3.04774 3.04491 -4.05757 -0.826061 -0.915369 -0.969644 0.288232 -0.952182 -1.66445 
-2.9089 3.21477 -3.99979 -0.797438 -0.976665 -0.876578 0.307187 -1.01019 -1.60078 
-2.96492 3.18666 -4.1373 -0.816385 -0.822299 -0.788344 0.336137 -0.926328 -1.72701 
-2.95512 3.18353 -3.96438 -0.913355 -0.747663 -0.940509 0.473694 -0.963257 -1.70256 
-2.92921 3.17909 -3.89962 -1.01701 -0.621993 -0.877249 0.311259 -0.988912 -1.69139 
-2.9717 3.3504 -3.95598 -1.11288 -0.544627 -0.972421 0.546246 -1.0186 -1.59613 
-2.93089 3.45726 -3.99557 -1.24153 -0.460744 -1.05742 0.72942 -1.0975 -1.50009 
-2.92247 3.44694 -4.03657 -1.18082 -0.407582 -1.11017 0.706777 -1.28939 -1.70043 
-2.97385 3.44213 -4.10649 -1.09821 -0.390209 -1.25619 1.10553 -1.23753 -1.65708 
-2.92262 3.7391 -4.02223 -1.18274 -0.378469 -1.26043 1.19721 -1.1087 -1.75719 
-2.9902 3.76139 -4.21504 -1.10912 -0.339615 -1.33176 1.17252 -1.12057 -1.69977 
-2.96928 3.66399 -4.13592 -1.16709 -0.434307 -1.21258 0.955501 -1.02611 -1.62962 
-2.97824 3.60551 -4.24433 -1.04554 -0.334261 -1.06603 0.957593 -0.910708 -1.6103 
-3.01657 3.68618 -4.15942 -1.10383 -0.465673 -1.28879 0.995421 -0.957588 -1.6032 
-2.95204 3.71173 -4.22811 -1.12057 -0.545568 -1.22082 0.897261 -0.933957 -1.55117 
-2.97127 3.66349 -4.27115 -1.19471 -0.589896 -1.38363 0.795999 -0.924017 -1.5165 
-2.89196 3.50682 -4.26682 -1.16391 -0.795202 -1.31741 0.711235 -1.00587 -1.54682 
-2.81326 3.5133 -4.03308 -0.939897 -0.782634 -1.17951 0.671203 -0.876771 -1.43554 
-2.82763 3.66173 -3.9522 -1.00309 -0.838375 -1.12156 0.552716 -0.882584 -1.38527 
-2.71366 3.77373 -3.97999 -1.06382 -0.9984 -1.22166 0.635891 -0.967294 -1.52862 
-2.53546 3.76553 -3.98222 -0.912997 -0.892526 -1.25489 0.571955 -0.858423 -1.51469 
-2.7128 3.64453 -3.88179 -0.904291 -0.824456 -1.32749 0.597822 -0.845842 -1.63087 
-2.67458 3.65069 -3.89184 -0.868222 -0.767337 -1.34495 0.61645 -0.914992 -1.85053 
-2.55896 3.64917 -4.03795 -0.829442 -0.739587 -1.19652 0.513844 -0.74717 -1.85059 
-2.6709 3.90488 -4.14507 -0.834737 -0.673543 -1.02101 0.50181 -0.854293 -1.83804 
