Mean 0 Mean 1 Mean 2 Mean 3 Mean 4 Mean 5 Mean 6 Mean 7 Mean 8 
2.66696 -1.81406 -1.39211 1.8783 0.867229 0.0309474 1.70879 -1.77528 -2.47284 
2.90551 -1.86346 -1.09969 1.98602 0.282265 0.0609737 1.94455 -1.71453 -2.59077 
2.8854 -1.63064 -1.36446 2.16819 0.14516 0.0232493 2.02992 -1.27096 -2.09984 
2.88646 -1.62498 -1.42345 2.24784 0.165849 -0.115359 2.11292 -1.48128 -2.02058 
2.75537 -1.84628 -1.44998 2.16774 0.276834 -0.254095 1.95527 -1.74434 -2.04194 
2.90303 -1.80567 -1.58823 2.16372 0.366345 -0.208073 2.00678 -1.88105 -2.21729 
2.58044 -1.50679 -1.24223 1.95307 0.391021 0.278863 1.95975 -1.9572 -2.28724 
2.2475 -1.21781 -1.51936 1.92433 0.374732 0.186285 2.00856 -1.83155 -2.34026 
2.53576 -1.29353 -1.52039 1.91186 0.393966 0.205029 2.07432 -1.7759 -2.39981 
2.52557 -1.4194 -1.24201 1.91971 0.319717 0.25852 2.08767 -1.80049 -2.56186 
2.46043 -1.47492 -1.01152 1.94085 0.24952 0.298547 2.09558 -1.73991 -2.67961 
2.41987 -1.65487 -0.950497 2.03079 0.270566 0.338648 2.23768 -1.87583 -2.67091 
2.45179 -1.73455 -1.23696 2.00392 0.2424 0.272934 2.05804 -1.70548 -2.55748 
2.44308 -1.69736 -1.38736 1.93232 0.225547 0.149448 2.14122 -1.65974 -2.59754 
2.59979 -1.66322 -1.28204 2.13154 0.0840286 0.259077 2.05335 -1.65397 -2.45212 
2.62293 -1.51247 -1.22465 2.07459 0.21421 0.194437 2.02616 -1.72439 -2.5034 
2.67882 -1.60372 -1.28636 2.12949 0.154329 0.1804 2.07792 -1.74403 -2.5176 
2.45445 -1.66275 -1.07722 1.7238 0.274731 0.0918135 1.92556 -1.73125 -2.75788 
2.38979 -1.47631 -0.929924 1.84179 0.269766 0.0970609 1.87872 -1.65259 -2.84846 
2.60625 -1.21302 -0.970034 1.74996 0.0935681 0.239621 1.83113 -1.64285 -2.7817 
2.56711 -1.27244 -0.83706 1.5379 0.0766849 0.237057 1.74839 -1.59746 -2.92426 
2.62107 -1.44724 -0.527208 1.3886 -0.117444 0.329978 1.76207 -1.57488 -2.99169 
2.6913 -1.41776 -0.603822 1.49391 -0.147464 0.318214 1.64844 -1.50155 -3.01714 
2.57117 -1.43221 -0.622057 1.46367 -0.382909 0.476666 1.63429 -1.4586 -2.91553 
2.72826 -1.57457 -0.681792 1.54382 -0.312052 0.436406 1.71594 -1.58727 -2.91481 
2.75806 -1.48531 -0.681502 1.6849 -0.31228 0.249589 1.92066 -1.73191 -2.95493 
2.72395 -1.52411 -0.723904 1.61586 -0.210048 0.20002 2.05062 -1.71323 -2.85345 
2.60598 -1.52187 -0.942154 1.65002 -0.231476 0.185324 1.98808 -1.72281 -2.98847 
2.60318 -1.66569 -0.806052 1.61019 -0.248446 0.210796 1.99063 -1.79198 -2.95709 
2.56092 -1.71881 -0.722166 1.71885 -0.310203 0.167241 1.90716 -1.68512 -3.12612 
2.60183 -1.83554 -0.509398 1.61424 -0.253786 0.171766 1.91589 -1.65223 -3.24093 
2.52178 -1.90926 -0.52143 1.66293 -0.198712 0.135592 1.98124 -1.69674 -3.36139 
2.47894 -2.01884 -0.425225 1.94366 -0.145111 0.207146 2.05733 -1.67485 -3.4275 
2.66522 -1.86439 -0.43904 1.86063 -0.105385 0.107082 1.95599 -1.43887 -3.41806 
2.40135 -1.97253 -0.331541 1.76106 -0.0233489 0.0528998 1.95666 -1.40027 -3.38787 
2.39872 -1.99226 -0.39703 1.70557 0.131602 0.0524863 2.10299 -1.36991 -3.21781 
2.36397 -1.98081 -0.400514 1.72043 0.0596851 0.0484518 1.9921 -1.46257 -3.27727 
2.54071 -1.95919 -0.416456 1.61959 -0.0112145 0.0459417 1.98876 -1.55195 -3.38146 
2.30082 -1.87334 -0.433113 1.73253 -0.0385366 0.122507 2.11012 -1.59647 -3.35671 
2.35191 -1.90253 -0.468392 1.73548 -0.0452455 0.128643 2.04862 -1.60081 -3.39983 
2.4263 -1.83193 -0.50182 1.69581 -0.134228 0.0580031 2.0241 -1.5034 -3.40462 
2.30876 -1.84546 -0.4921 1.7216 -0.100399 0.0326959 1.90422 -1.26226 -3.34665 
2.21996 -1.70261 -0.44303 1.8069 -0.079639 0.0865547 1.79333 -1.14997 -3.40417 
2.11472 -1.72914 -0.286654 1.68028 -0.184081 0.0259977 1.69795 -1.13038 -3.29473 
2.07715 -1.52562 -0.321171 1.58255 -0.158539 0.143119 1.65017 -1.34724 -3.37811 
2.00081 -1.81225 -0.321082 1.75703 -0.166289 0.133254 1.74112 -1.37143 -3.42652 
1.87352 -1.6958 -0.305236 1.86748 -0.0527849 0.257757 1.90461 -1.41621 -3.35922 
1.81139 -1.71413 -0.306777 1.93518 -0.327485 0.242008 1.86132 -1.479 -3.37732 
1.67014 -1.70383 -0.321624 2.12144 -0.374035 0.270987 1.92907 -1.6846 -3.26063 
1.70537 -1.75997 -0.470917 2.01577 -0.204515 0.29344 2.03382 -1.74479 -3.32913 
1.87786 -1.65468 -0.505321 2.0839 -0.228488 0.24554 1.93861 -1.76629 -3.26726 
2.08273 -1.58707 -0.51923 2.14393 -0.20663 0.21216 1.80003 -1.7377 -3.27866 
2.0796 -1.58998 -0.533266 2.17955 -0.257164 0.301968 1.89087 -1.77849 -3.25451 
2.19133 -1.63305 -0.430302 2.04472 -0.376388 0.26935 1.94686 -1.82519 -3.3526 
2.11653 -1.74001 -0.295669 1.92279 -0.561677 0.289291 2.01058 -1.77257 -3.26254 
2.25555 -1.8227 -0.397309 2.07401 -0.584586 0.209576 1.9205 -1.72524 -3.30988 
2.23067 -1.82583 -0.51858 2.0723 -0.543041 0.250083 1.98565 -1.70948 -3.25835 
2.21361 -1.91008 -0.548223 2.23696 -0.349721 0.290315 2.04821 -1.62538 -3.25281 
2.26941 -2.04485 -0.542823 2.39961 -0.259157 0.279578 2.04012 -1.58941 -3.37909 
2.34782 -2.22985 -0.52806 2.42433 -0.254234 0.288023 2.03889 -1.69099 -3.2859 
2.18834 -2.15384 -0.524639 2.44672 -0.300144 0.26482 1.87433 -1.62064 -3.26724 
2.27113 -2.0685 -0.497547 2.32712 -0.389539 0.302357 1.81031 -1.55165 -3.18297 
2.21091 -2.22079 -0.682341 2.37217 -0.261537 0.260565 1.74718 -1.4278 -3.23758 
2.14995 -2.07908 -0.772712 2.36698 -0.467078 0.212363 1.68716 -1.42757 -3.27086 
2.09123 -1.88023 -0.87765 2.36023 -0.351384 0.184554 1.79113 -1.38577 -3.32808 
2.04919 -1.80807 -0.784755 2.36497 -0.368772 0.183455 1.85415 -1.46635 -3.22382 
2.15436 -1.61254 -0.915543 2.23977 -0.40792 0.193456 1.94361 -1.48467 -3.2241 
2.1207 -1.78806 -0.996057 2.31038 -0.39415 0.241159 1.72961 -1.62902 -3.24371 
2.06529 -1.8021 -0.911918 2.26015 -0.3557 0.43007 1.7177 -1.67049 -3.16022 
2.03984 -1.78114 -0.980693 2.11028 -0.424339 0.479278 1.7999 -1.65496 -3.0689 
1.97398 -1.74126 -1.08027 2.11579 -0.300856 0.462707 1.88667 -1.65638 -3.22475 
2.02549 -1.88616 -1.17762 2.13463 -0.282649 0.501605 1.94703 -1.70676 -3.20148 
2.13524 -1.96939 -1.23915 2.15899 -0.262425 0.502204 2.02234 -1.76695 -3.17174 
2.24539 -1.97911 -1.39976 2.18088 -0.219187 0.520529 2.04945 -1.90594 -3.30727 
2.09403 -1.94181 -1.22595 2.23685 -0.180179 0.371217 2.19634 -2.06459 -3.5872 
2.09304 -1.7666 -1.01681 2.20837 -0.169649 0.424644 2.23017 -2.00152 -3.42871 
2.18331 -1.76256 -1.0393 2.08966 -0.233333 0.364652 2.18719 -2.00274 -3.2713 
2.24365 -1.73604 -1.15304 2.02618 -0.292538 0.381428 2.11575 -1.8834 -3.18909 
2.08187 -1.85041 -1.03282 2.01074 -0.360406 0.386652 2.06642 -1.75263 -3.31997 
2.02568 -1.94403 -0.89501 1.98328 -0.416333 0.347962 1.97146 -1.80207 -3.16769 
2.11389 -1.79003 -0.842615 1.81397 -0.329381 0.413363 2.09567 -1.83342 -3.09737 
2.15809 -1.70032 -0.92116 1.76554 -0.427443 0.26569 2.13399 -1.85158 -2.96436 
2.18128 -1.48809 -0.988239 1.52389 -0.307569 0.240644 2.12089 -1.69001 -2.8039 
2.44723 -1.38395 -0.926836 1.81736 -0.511924 0.13861 1.98845 -1.63939 -3.02471 
2.48299 -1.34315 -0.894319 1.70083 -0.324505 0.194492 2.01573 -1.73368 -3.19273 
2.40943 -1.25726 -1.01047 1.43637 -0.178467 0.220764 1.9083 -1.63825 -3.04148 
2.6055 -1.3897 -1.1015 1.52287 -0.15823 0.288774 1.928 -1.73311 -2.97465 
2.45907 -1.28644 -1.15539 1.4694 -0.201102 0.253981 2.01254 -1.54584 -2.88484 
2.38966 -1.19489 -0.900152 1.49431 -0.163064 0.118267 2.02478 -1.8218 -2.76458 
2.54521 -1.22598 -0.730249 1.71048 -0.126428 0.328737 2.0111 -1.99694 -2.77924 
2.57603 -1.16736 -0.647889 1.78573 -0.308265 0.292832 1.9491 -1.81696 -2.73658 
2.61481 -1.03988 -0.541736 1.69376 -0.304424 0.275387 2.03125 -1.82614 -2.81871 
2.68968 -0.941881 -0.429002 1.63847 -0.306786 0.30546 2.08097 -1.86995 -2.88063 
2.70503 -1.06875 -0.32302 1.57494 -0.248933 0.293018 1.96068 -1.8069 -3.10247 
2.74161 -1.1478 -0.230385 1.5179 -0.152884 0.285845 1.85018 -1.8585 -3.23826 
2.67464 -1.20351 -0.261223 1.67184 -0.125393 0.253762 1.84053 -1.94692 -3.22947 
2.83564 -1.17261 -0.242028 1.70551 -0.117543 0.220293 1.94695 -2.03425 -3.20547 
2.80584 -0.977385 -0.441233 1.5492 -0.110684 0.203998 2.00014 -1.95797 -3.03948 
2.63426 -1.19981 -0.46147 1.58111 -0.133709 0.0140898 2.03875 -1.80764 -3.03974 
2.5375 -1.21802 -0.282424 1.35274 0.00474992 0.104922 2.02798 -1.93526 -2.91945 
