Mean 0 Mean 1 Mean 2 Mean 3 Mean 4 Mean 5 Mean 6 Mean 7 Mean 8 
-2.30477 1.39611 2.69674 2.43209 1.76584 -1.68506 -0.394676 -1.66281 -1.85569 
-2.45058 1.51045 2.67089 2.34797 2.04071 -1.31544 -0.344341 -1.69226 -1.8341 
-2.62346 1.36207 3.17545 2.56503 2.30081 -1.33161 -0.218191 -1.59154 -1.55444 
-2.60357 1.03902 3.49327 2.752 2.32566 -1.46039 -0.602355 -1.72239 -1.70133 
-2.59991 1.09043 3.90682 2.48655 2.19045 -1.11253 -0.267519 -1.79648 -2.03937 
-2.68774 1.18136 3.80777 2.30644 2.06926 -1.06899 0.228517 -1.6962 -1.95911 
-2.52457 1.22558 3.44088 2.36892 2.13846 -1.2364 0.0131108 -1.48844 -2.00079 
-2.42805 1.16412 3.49261 2.18596 2.17745 -1.0754 0.218231 -1.33904 -2.12046 
-2.55008 1.45937 3.58164 2.21764 2.35606 -0.927043 0.261571 -1.45212 -2.0997 
-2.41424 1.33964 3.38021 2.18141 2.37208 -0.72529 0.313008 -1.37665 -2.09078 
-2.28996 1.2243 3.5051 2.10518 2.32605 -0.774977 0.518174 -1.54315 -2.00231 
-2.3639 1.0909 3.57014 2.2286 2.25437 -0.736337 0.57428 -1.68331 -1.98937 
-2.07421 1.32332 3.62699 2.29893 2.31008 -0.597134 0.626071 -1.69975 -1.92548 
-1.98211 1.39157 3.40692 2.44839 2.34697 -0.664019 0.573292 -1.83678 -1.94506 
-1.96919 1.73861 3.3536 2.35116 2.45611 -0.578986 0.123204 -1.76329 -1.99984 
-2.24956 1.60521 3.30779 2.49718 2.59352 -0.601274 0.270625 -1.80209 -1.99422 
-2.21105 1.61259 3.40515 2.54865 2.63788 -0.466138 0.233969 -1.81454 -2.07523 
-2.19806 1.55913 3.39652 2.36998 2.59732 -0.901488 0.166536 -1.579 -2.22175 
-2.12827 1.5607 3.37265 2.49731 2.63547 -0.815596 0.248511 -1.65154 -2.28788 
-2.23608 1.54823 3.45105 2.26596 2.4882 -0.850773 0.227574 -1.41989 -2.18282 
-2.32426 1.49231 3.18984 2.51165 2.57709 -0.792156 0.270232 -1.40161 -2.31384 
-2.41403 1.47896 3.4362 2.34959 2.74091 -0.866155 0.333484 -1.3268 -2.2098 
-2.45023 1.41531 3.20517 2.57434 2.75687 -0.802311 0.371439 -1.36672 -2.22317 
-2.38554 1.27552 3.33281 2.45691 2.72538 -0.604641 0.469487 -1.34062 -2.24634 
-2.55593 1.42379 3.07841 2.43999 2.5574 -0.548791 0.581058 -1.18277 -2.22798 
-2.49997 1.46201 3.14795 2.45072 2.44161 -0.539285 0.597506 -1.2446 -2.40372 
-2.38442 1.3791 3.1022 2.56379 2.55156 -0.488997 0.641412 -1.37579 -2.35671 
-2.42643 1.51617 3.17425 2.4535 2.72631 -0.619348 0.632621 -1.26103 -2.34759 
-2.33427 1.44222 3.19307 2.62503 2.74649 -0.483087 0.79556 -1.32209 -2.13458 
-2.46379 1.41825 3.14485 2.79746 2.71965 -0.526098 0.832571 -1.39057 -2.05105 
-2.38775 1.36213 3.19855 2.76686 2.8898 -0.512641 0.76423 -1.27287 -2.00096 
-2.25896 1.29874 3.31645 2.75412 2.87438 -0.742025 0.745658 -1.09842 -1.87369 
-2.27781 1.21283 3.22326 2.70214 2.81604 -0.829826 0.485397 -1.12284 -1.79734 
-2.1289 1.25683 3.28759 2.49808 2.91812 -0.825197 0.568235 -1.18358 -1.8005 
-2.17641 1.2519 3.13832 2.43255 2.99858 -0.810645 0.373494 -1.24095 -1.84941 
-2.15168 1.10023 3.11911 2.50871 3.02745 -0.921372 0.371868 -1.16696 -1.96633 
-2.26753 1.20634 3.24172 2.55287 3.07681 -1.01467 0.359941 -1.02854 -2.1505 
-2.40014 1.10276 3.28807 2.623 3.15748 -0.843308 0.419113 -0.995222 -2.15732 
-2.3732 1.32224 3.41131 2.56441 3.13096 -0.749819 0.448468 -1.16098 -2.09045 
-2.25527 1.46186 3.11119 2.58787 2.9341 -0.741668 0.416927 -1.07541 -2.10693 
-2.19327 1.44709 3.2637 2.58931 3.06587 -0.712436 0.498023 -1.04417 -2.03975 
-2.26219 1.55806 3.34312 2.68507 3.0549 -0.683736 0.368905 -0.953505 -2.11967 
-2.44889 1.57511 3.29327 2.60932 3.08616 -0.696336 0.397013 -1.02909 -2.14021 
-2.60414 1.76462 3.36239 2.65621 3.14236 -0.566396 0.602646 -1.07054 -2.18319 
-2.54486 1.59787 3.33469 2.69489 3.14083 -0.46541 0.547694 -0.955547 -2.28999 
-2.49813 1.736 3.3374 2.68281 3.20093 -0.431849 0.583482 -1.04712 -2.13281 
-2.33132 1.52972 3.32161 2.67977 3.23311 -0.403141 0.514741 -1.13744 -2.32326 
-2.28534 1.58349 3.44126 2.72949 3.3189 -0.469444 0.516146 -1.10064 -2.29549 
-2.20995 1.64361 3.57623 2.78208 3.36786 -0.510859 0.511585 -1.11955 -2.23909 
-2.16533 1.65976 3.706 2.83641 3.38251 -0.542125 0.499202 -1.09661 -2.21501 
-2.10858 1.98732 3.82204 2.904 3.48323 -0.593185 0.469016 -1.02302 -2.01167 
-2.2318 1.90368 4.01486 2.8492 3.49637 -0.627422 0.488769 -0.995208 -1.99065 
-2.1237 1.83305 4.00928 2.879 3.52519 -0.608377 0.53099 -0.96615 -2.00242 
-2.08671 1.78887 3.89753 2.68304 3.32786 -0.737919 0.648532 -1.09374 -1.9852 
-2.12009 1.80063 3.86632 2.68595 3.28329 -0.596271 0.586612 -1.09746 -1.9534 
-2.18818 1.75027 3.95452 2.86828 3.50348 -0.524722 0.612794 -1.01991 -1.9945 
-2.22425 1.79377 4.05993 2.88354 3.45813 -0.625159 0.802321 -1.23093 -2.15647 
-2.15618 1.90351 4.29477 3.00833 3.52359 -0.796829 0.867589 -1.27524 -2.14413 
-2.15537 2.00906 4.16245 2.88014 3.52743 -0.746714 0.713561 -1.03116 -2.01803 
-2.18858 1.93686 4.15132 2.96116 3.41779 -0.702254 0.583323 -0.976476 -1.986 
-2.02658 1.8068 4.1108 3.14452 3.41975 -0.903018 0.668142 -1.13544 -1.99505 
-1.98162 1.86766 4.1478 3.11193 3.49273 -0.744662 0.760786 -1.07907 -2.03095 
-2.03439 1.79369 4.20042 3.07898 3.5756 -0.659245 0.957821 -1.10502 -1.94242 
-2.00739 1.77448 4.16155 2.86115 3.67502 -0.6488 0.986598 -1.10532 -2.12445 
-1.81583 1.89126 4.20714 3.11347 3.66189 -0.66739 0.960078 -1.09378 -2.16661 
-1.78671 1.85994 4.23922 3.08217 3.60592 -0.747299 1.15648 -1.05012 -2.11554 
-1.88622 1.69559 4.30995 3.14541 3.63668 -0.962866 0.958794 -1.02648 -2.00934 
-1.91894 1.69479 4.19441 3.11201 3.663 -0.980194 0.927379 -0.994485 -2.08051 
-1.9261 1.7335 4.01189 3.15931 3.60078 -0.876508 1.05987 -1.02834 -2.00259 
-1.95724 1.62433 4.02815 3.13877 3.56699 -0.810737 0.982704 -0.956088 -2.01009 
-2.05276 1.69732 4.02063 3.077 3.48782 -0.683243 1.17264 -0.911125 -2.2189 
-2.11622 1.80787 3.95264 3.18051 3.49178 -0.656696 1.1332 -0.968032 -2.23626 
-2.18901 1.82931 3.98554 3.0126 3.56265 -0.60505 0.66001 -0.98067 -2.2514 
-2.41017 1.95788 4.24496 3.14335 3.38155 -0.640427 0.624185 -0.877086 -2.30967 
-2.3972 1.87135 4.14532 3.37943 3.3499 -0.641493 0.608678 -0.992898 -2.39441 
-2.41202 1.96772 4.00994 3.56573 3.37809 -0.680904 0.64888 -1.00456 -2.40198 
-2.3249 1.87849 3.92146 3.5142 3.40058 -0.636571 0.705971 -1.10846 -2.61168 
-2.2911 1.89966 4.0233 3.53015 3.42424 -0.578265 0.666956 -0.975484 -2.75279 
-2.43085 1.79188 4.12657 3.47291 3.35858 -0.581413 0.643374 -0.86571 -2.82546 
-2.43024 1.84496 4.00814 3.47463 3.31683 -0.655071 0.588861 -0.851929 -2.69355 
-2.58524 1.83985 3.98027 3.40972 3.32468 -0.618136 0.519163 -0.918464 -2.60102 
-2.62675 1.84079 3.98203 3.35199 3.30053 -0.568315 0.515563 -1.02394 -2.40438 
-2.62643 1.892 3.9412 3.52877 3.37812 -0.591819 0.489284 -0.933919 -2.21175 
-2.51486 1.88154 4.001 3.39852 3.4191 -0.596898 0.396865 -0.878553 -2.42656 
-2.42913 1.96605 3.88097 3.49033 3.35635 -0.595752 0.426254 -0.943475 -2.32955 
-2.46458 2.15399 3.88035 3.52517 3.35732 -0.595446 0.433788 -0.863848 -2.2805 
-2.27272 2.14939 3.89964 3.66829 3.30466 -0.47781 0.43725 -0.918724 -2.26109 
-2.2003 2.27111 3.77862 3.82137 3.19474 -0.460586 0.378274 -0.854103 -2.28797 
-2.08626 2.31843 3.96599 3.83733 3.16222 -0.559767 0.283946 -0.760606 -2.23929 
-1.88765 2.29361 4.04819 3.88585 3.07772 -0.539538 0.255247 -0.877795 -2.25235 
-1.99599 2.23657 4.03534 3.99541 3.1464 -0.628117 0.353514 -0.904989 -2.23861 
-2.10027 2.19295 4.10061 4.02449 3.18506 -0.677222 0.428131 -0.909199 -2.22188 
-2.07163 2.33392 3.94032 4.23594 3.14815 -0.630441 0.567875 -0.862433 -1.98198 
-2.2121 2.52645 3.9456 4.05183 3.22801 -0.570843 0.441647 -0.892228 -1.83316 
-2.09794 2.55697 3.99174 4.16096 3.32523 -0.484019 0.258726 -1.02985 -1.70112 
-2.01804 2.71366 3.83021 4.0113 3.44748 -0.45159 0.295271 -1.06271 -1.67529 
-2.26276 2.70429 3.82229 4.0223 3.40647 -0.620553 0.391784 -0.988544 -1.78644 
-2.34063 2.73221 4.09688 4.04791 3.42442 -0.781596 0.502371 -0.90052 -1.87932 
-2.30227 2.84999 3.95687 3.9467 3.49836 -0.776791 0.442296 -0.823853 -1.94676 
-2.31698 2.80061 4.03323 3.97873 3.45235 -0.656872 0.53578 -1.18179 -1.89437 
