Mean 0 Mean 1 Mean 2 Mean 3 Mean 4 Mean 5 Mean 6 Mean 7 Mean 8 
3.12778 1.85623 -1.6347 1.32442 1.41731 -2.4019 1.5478 -2.58534 2.81646 
2.99791 1.59819 -2.14545 1.09772 1.61964 -2.29065 1.60989 -2.51364 2.85643 
3.49615 1.4624 -1.75434 1.0102 1.57209 -2.06233 1.90286 -2.48365 2.56785 
3.40238 1.5482 -1.54338 0.750057 1.80206 -2.00688 1.88643 -2.44793 2.64311 
3.57458 1.84057 -1.44299 0.856555 1.82097 -2.05788 1.66842 -2.37718 2.61107 
3.50425 1.7352 -1.61153 0.742924 1.91979 -1.98664 1.74148 -2.30469 2.39458 
3.15648 2.04503 -1.31809 0.650502 1.82683 -1.59802 1.70909 -2.45442 2.39547 
2.9537 2.26951 -1.11961 0.663368 1.76886 -1.2833 1.76255 -2.54984 2.35275 
2.9437 2.0895 -0.974758 0.681162 1.73527 -1.29527 1.78242 -2.5414 2.26172 
2.82041 2.04842 -1.05508 0.728479 1.53764 -1.33299 1.69868 -2.64506 2.35418 
2.91222 1.84643 -0.982028 0.590283 1.57557 -1.16904 1.96417 -2.69203 2.42487 
2.77253 1.71552 -1.04068 0.659641 1.60436 -1.16294 2.14853 -2.7205 2.47488 
2.62768 1.89682 -1.14385 0.676165 1.50411 -1.10402 1.94391 -2.50865 2.414 
2.70816 2.07869 -1.17687 0.584812 1.57048 -1.39724 1.72816 -2.40792 2.36934 
2.92198 2.08239 -1.34161 0.418614 1.65966 -1.30599 1.71005 -2.31082 2.27832 
3.09449 2.03316 -1.19869 0.387645 1.55571 -1.27568 1.6901 -2.1233 2.17484 
3.16949 2.10502 -1.21157 0.341155 1.40081 -1.49629 1.57134 -2.38464 2.14697 
3.25849 2.05957 -1.09771 0.226334 1.29353 -1.45038 1.56241 -2.54107 2.15097 
3.09847 2.17683 -0.953384 0.16553 1.43612 -1.58137 1.48668 -2.48718 2.13689 
2.96662 2.04696 -1.0224 0.519512 1.43193 -1.46259 1.53729 -2.50994 2.11939 
2.97755 2.31418 -0.96302 0.494916 1.46901 -1.3046 1.67778 -2.37077 2.18067 
3.02971 2.16112 -0.915296 0.439306 1.47644 -1.31133 1.69069 -2.42697 2.25849 
3.10202 2.23813 -0.944221 0.508884 1.5566 -1.45085 1.52595 -2.38452 2.43496 
3.10231 2.20335 -0.903356 0.612149 1.50107 -1.36508 1.5345 -2.39172 2.14001 
3.26314 2.27646 -0.825376 0.570474 1.33925 -1.3864 1.59918 -2.47124 2.28958 
3.29146 2.25437 -0.819554 0.438865 1.35716 -1.40192 1.64313 -2.39345 2.28649 
3.30852 2.22069 -0.710238 0.407678 1.27517 -1.42626 1.69278 -2.38702 2.28518 
3.23453 2.32113 -0.723268 0.466089 1.2963 -1.44912 1.73552 -2.24732 2.54572 
3.35615 2.27021 -0.682677 0.429626 1.31736 -1.42436 1.78286 -2.29979 2.42192 
3.2269 2.26121 -0.641974 0.351276 1.18091 -1.30187 1.71085 -2.38137 2.4298 
3.18997 2.13918 -0.560488 0.250884 1.14271 -1.32713 1.80877 -2.36344 2.53543 
3.14114 2.24254 -0.516097 0.272531 1.20185 -1.308 1.76441 -2.46795 2.4516 
3.13501 2.28099 -0.467177 0.319097 1.08179 -1.25828 1.5542 -2.57703 2.44028 
2.98936 2.21458 -0.486898 0.354405 1.21216 -1.24188 1.50032 -2.59283 2.31277 
2.88635 2.18029 -0.507992 0.480759 1.13722 -1.10404 1.57489 -2.49336 2.3367 
2.88034 2.13926 -0.470137 0.38442 1.01619 -1.12043 1.52213 -2.63397 2.31195 
2.88845 2.06439 -0.468695 0.346855 0.880201 -1.15756 1.50518 -2.74706 2.24387 
2.93385 2.05881 -0.43353 0.31238 0.784146 -1.23969 1.48434 -2.82146 2.18996 
2.87331 2.05021 -0.379785 0.437758 0.798259 -1.08013 1.51388 -2.65679 2.16793 
2.7966 2.19769 -0.387126 0.357247 0.926373 -1.25114 1.43062 -2.65181 2.27909 
2.80217 2.30118 -0.433479 0.448987 0.986106 -1.25731 1.71123 -2.58659 2.19114 
2.8259 2.33029 -0.45163 0.586168 0.895859 -1.15181 1.83413 -2.63433 2.21518 
2.79901 2.20611 -0.480492 0.532517 0.833202 -1.13164 1.82746 -2.61611 2.27792 
2.9766 2.19909 -0.422016 0.410917 0.843798 -1.10093 1.73402 -2.66018 2.35461 
2.86443 2.46514 -0.577977 0.496473 1.07853 -1.42482 1.53076 -2.67334 2.07419 
2.82818 2.45536 -0.610808 0.425909 1.01765 -1.48035 1.83891 -2.59372 2.02458 
2.87157 2.34571 -0.512155 0.287325 0.838665 -1.44246 1.784 -2.69949 1.96304 
2.72396 2.30397 -0.507022 0.2936 0.85613 -1.2415 1.84946 -2.76808 2.06501 
2.67367 2.27983 -0.518126 0.337812 0.884201 -1.12638 1.93606 -2.83913 2.10919 
2.69926 2.25656 -0.500305 0.333641 0.734447 -1.15451 2.02182 -2.93276 2.04299 
2.59213 2.31109 -0.581953 0.386071 0.662595 -1.11975 2.06693 -3.01875 2.11409 
2.67808 2.25263 -0.543926 0.408472 0.749485 -1.07 2.03037 -2.89943 2.14409 
2.72683 2.33827 -0.674179 0.43361 0.62061 -1.22317 2.13407 -2.75185 2.2747 
2.77542 2.28055 -0.651154 0.510332 0.661035 -1.11435 2.04314 -2.74112 2.27536 
2.89477 2.24233 -0.617972 0.533894 0.696732 -1.07489 2.01478 -2.72273 2.24219 
2.72257 2.23053 -0.596847 0.533373 0.595086 -0.963746 2.06057 -2.78553 2.23053 
2.67953 2.2637 -0.4904 0.531107 0.70994 -0.856748 2.11914 -2.6901 2.28785 
2.70087 2.29096 -0.495894 0.528621 0.655235 -0.784852 2.16107 -2.7009 2.23934 
2.61959 2.13991 -0.413384 0.447667 0.570654 -0.714654 2.15989 -2.90376 2.28419 
2.68647 2.17075 -0.49919 0.475974 0.580376 -0.761631 2.31492 -2.89608 2.32091 
2.71992 2.15004 -0.449292 0.351187 0.52739 -0.794847 2.17739 -3.1057 2.3381 
2.67421 2.09448 -0.448295 0.315838 0.436487 -0.728334 2.13173 -3.36921 2.26565 
2.65004 2.07227 -0.517463 0.431746 0.455606 -0.763564 2.16526 -3.16644 2.32843 
2.60523 2.02572 -0.496473 0.329745 0.473293 -0.699759 2.23025 -3.16884 2.3188 
2.71754 2.08282 -0.446816 0.352887 0.559558 -0.652738 2.15684 -3.09716 2.46357 
2.68644 2.23907 -0.598097 0.354225 0.555311 -0.666516 2.09928 -2.98202 2.53706 
2.67408 2.20036 -0.529858 0.219297 0.408362 -0.76029 2.08861 -3.25034 2.43803 
2.61383 2.15818 -0.550063 0.256449 0.47812 -0.695519 2.05365 -3.16397 2.42117 
2.68073 1.91909 -0.484739 0.213017 0.616778 -0.682546 2.05214 -3.02727 2.4499 
2.66423 1.83111 -0.465507 0.226169 0.592326 -0.646448 2.00403 -2.94253 2.43739 
2.59967 1.90119 -0.530205 0.174445 0.593843 -0.543347 2.09501 -2.98834 2.50794 
2.60723 1.86978 -0.376018 0.233023 0.586033 -0.453933 2.06542 -2.8266 2.49932 
2.38458 2.03368 -0.452882 0.415876 0.588057 -0.3974 2.0545 -2.66562 2.39231 
2.22421 2.16928 -0.518026 0.590114 0.55429 -0.327188 2.02597 -2.52873 2.28011 
2.43739 2.263 -0.49575 0.580436 0.537517 -0.408439 2.11804 -2.5265 2.27135 
2.45095 2.43272 -0.388799 0.644335 0.474749 -0.479324 2.16258 -2.39846 2.33516 
2.55965 2.20051 -0.523716 0.566282 0.476568 -0.529012 2.29187 -2.47847 2.32634 
2.39667 2.19117 -0.409147 0.476079 0.460268 -0.631475 2.1145 -2.55289 2.41639 
2.33639 2.17127 -0.398217 0.402177 0.377532 -0.788119 2.34171 -2.49914 2.41848 
2.56391 1.98569 -0.379723 0.363597 0.388633 -0.843524 2.25376 -2.43713 2.51279 
2.60367 1.90476 -0.322947 0.300665 0.355909 -0.882705 2.23301 -2.55679 2.61049 
2.67156 2.05655 -0.238751 0.373073 0.404838 -0.821914 2.19988 -2.58129 2.63933 
2.79373 2.14723 -0.172412 0.29372 0.518104 -0.690814 2.29143 -2.69463 2.71258 
2.68751 2.26573 -0.151657 0.326961 0.552956 -0.686525 2.27021 -2.4367 2.75645 
2.85618 2.34145 -0.164397 0.306039 0.56079 -0.676205 2.39227 -2.57135 2.77864 
2.82763 2.09228 -0.345034 0.521995 0.508873 -0.589947 2.53294 -2.73852 2.71214 
2.89625 2.14872 -0.314241 0.459647 0.484345 -0.593037 2.61184 -2.82142 2.74164 
2.89827 2.08398 -0.419684 0.58692 0.436193 -0.564484 2.72213 -2.9007 2.75978 
2.92863 2.129 -0.250304 0.731991 0.40312 -0.595219 2.72239 -2.69444 2.79343 
2.88516 2.26159 -0.328657 0.586728 0.399127 -0.577546 2.77695 -2.62221 2.75313 
2.93649 2.09612 -0.259271 0.505498 0.405107 -0.78601 2.81647 -2.7794 2.88528 
3.08179 2.21782 -0.329345 0.538827 0.242333 -0.881412 2.79914 -2.83258 2.77166 
3.08338 2.22045 -0.273307 0.444341 0.196986 -1.04725 2.85534 -2.91473 2.7948 
2.92948 2.43614 -0.282045 0.321707 0.286248 -0.957096 2.72172 -2.92018 2.9596 
2.73426 2.50222 -0.27816 0.298919 0.216248 -0.895136 2.66487 -2.78807 2.96197 
2.75841 2.58202 -0.327049 0.373972 0.300377 -0.764517 2.54332 -2.6029 3.01949 
2.81126 2.6896 -0.222073 0.26416 0.154309 -0.856984 2.65141 -2.70493 2.71797 
2.65943 2.67601 -0.268078 0.31588 0.114238 -0.934926 2.7227 -2.61124 2.74318 
2.45467 2.61148 -0.277715 0.366857 0.0130043 -1.00731 2.76758 -2.53427 2.73025 
2.55557 2.55678 -0.268937 0.347032 -0.0582585 -1.06828 2.90726 -2.59064 2.58524 
