Mean 0 Mean 1 Mean 2 Mean 3 Mean 4 Mean 5 Mean 6 Mean 7 Mean 8 
0.258647 2.5694 -1.18815 0.389207 1.67454 0.55731 -0.715193 -1.12935 2.62188 
0.0990601 2.3939 -1.46158 0.253305 1.55972 0.658061 -0.440011 -1.306 2.65132 
-0.270523 2.53474 -1.43895 0.216176 1.77762 0.859477 -0.406366 -0.971323 2.29678 
-0.227562 2.47881 -1.55637 0.00579659 1.63487 0.963203 -0.502816 -1.11307 2.35279 
-0.38742 2.58467 -1.57696 -0.101744 1.54422 0.861195 -0.530629 -1.04546 2.19544 
-0.311206 2.89012 -1.67747 -0.0896611 1.29778 0.610766 -0.431115 -1.17858 2.17536 
-0.147635 2.99558 -1.83171 -0.245228 1.50717 0.488261 -0.516627 -0.860119 2.12544 
-0.135982 2.85992 -1.55149 -0.322395 1.75067 0.574171 -0.486176 -0.851332 1.94572 
-0.220465 3.13852 -1.46864 -0.473001 1.66541 0.525456 -0.548101 -1.0574 2.11484 
-0.205641 2.96441 -1.48038 -0.482239 1.6405 0.45087 -0.522323 -0.943315 2.23896 
-0.203228 2.84339 -1.46087 -0.307584 1.39245 0.373283 -0.414895 -0.914908 2.257 
-0.386334 2.6669 -1.50614 -0.151223 1.25435 0.218437 -0.346018 -0.99841 2.25465 
-0.66934 2.7864 -1.58986 -0.331755 1.31608 0.276481 -0.504118 -1.20471 2.37644 
-0.534006 2.8494 -1.49381 -0.20088 1.15417 0.661718 -0.546886 -1.23218 2.16251 
-0.460805 2.77446 -1.56079 -0.249711 1.36456 0.797465 -0.551379 -1.09705 2.31596 
-0.217885 2.86827 -1.42828 -0.288352 1.46597 0.85574 -0.264667 -1.0572 2.32023 
-0.388326 3.12872 -1.25952 -0.326254 1.15391 0.668942 -0.26849 -1.06634 2.22522 
-0.360476 3.16769 -1.26588 -0.549076 1.0796 0.546332 -0.0730562 -1.0553 1.98367 
-0.382082 3.14693 -1.59392 -0.593475 1.08197 0.388121 -0.0932956 -0.94677 1.91834 
-0.526597 3.21909 -1.57328 -0.578793 0.969469 0.504643 -0.357696 -1.14237 1.9268 
-0.514986 3.19739 -1.64492 -0.348262 0.835061 0.531694 -0.27733 -1.21983 1.94708 
-0.49391 3.28144 -1.82622 -0.377418 1.05596 0.395741 -0.131136 -1.26151 1.94527 
-0.48053 3.33272 -1.80184 -0.427006 1.05611 0.298475 -0.311857 -1.08537 1.94721 
-0.491989 3.34784 -1.80598 -0.420763 1.02477 0.210475 -0.541667 -1.01705 1.90981 
-0.546818 3.33813 -1.59824 -0.486854 1.16772 0.0965831 -0.462661 -0.87871 2.00799 
-0.508445 3.32288 -1.40612 -0.527763 1.31135 0.00585909 -0.412404 -0.768932 2.06147 
-0.517561 3.26507 -1.36808 -0.433845 1.29535 0.118492 -0.417291 -0.611823 1.79644 
-0.523708 3.36608 -1.44595 -0.384475 1.22831 -0.0131104 -0.229727 -0.700435 1.77211 
-0.496595 3.34017 -1.47335 -0.405919 1.1568 -0.106973 -0.277277 -0.56711 1.87723 
-0.340606 3.32888 -1.30115 -0.385191 1.3715 -0.146022 -0.312484 -0.621666 1.916 
-0.453415 3.3242 -1.22577 -0.356183 1.26939 -0.137481 -0.276145 -0.519754 1.76209 
-0.582949 3.40335 -1.22963 -0.357609 1.27654 -0.156275 -0.264467 -0.441688 1.68333 
-0.524956 3.41233 -1.03838 -0.333782 1.35347 -0.275938 -0.28043 -0.563772 1.6591 
-0.654697 3.34996 -0.964222 -0.135279 1.32098 -0.294688 -0.211521 -0.50229 1.53408 
-0.71419 3.4831 -1.01388 -0.105729 1.41171 -0.291262 -0.265862 -0.309807 1.56045 
-0.799618 3.56612 -0.873433 -0.0982361 1.48887 -0.457359 -0.276743 -0.266421 1.46947 
-0.689802 3.5432 -0.896879 -0.152791 1.3827 -0.465844 -0.306286 -0.223894 1.61917 
-0.90912 3.39154 -0.971871 -0.231158 1.33836 -0.433246 -0.30883 -0.330407 1.5202 
-0.845147 3.36162 -0.913717 -0.108945 1.31175 -0.513937 -0.125076 -0.31677 1.55714 
-0.81352 3.42872 -0.980931 -0.0349906 1.11627 -0.536237 -0.135029 -0.552607 1.30648 
-0.802219 3.35483 -1.11504 0.027783 0.878156 -0.467694 -0.056234 -0.618266 1.46476 
-0.836035 3.3122 -1.004 -0.0889877 0.82032 -0.491759 -0.417272 -0.485447 1.79819 
-0.929451 3.2486 -0.907776 -0.203942 0.724447 -0.554008 -0.50978 -0.354022 1.96658 
-0.931759 3.24091 -1.00938 -0.227131 0.867865 -0.334602 -0.42232 -0.380009 2.13005 
-0.968709 3.21004 -0.901284 -0.292697 0.723069 -0.455207 -0.531397 -0.451127 2.08754 
-0.953848 3.25084 -0.888203 -0.362053 0.687792 -0.498225 -0.684378 -0.233393 1.88776 
-0.865955 3.21945 -0.867556 -0.37072 0.736561 -0.495284 -0.707916 -0.145897 1.86255 
-0.826364 3.28428 -0.791465 -0.469408 0.712652 -0.555106 -0.768204 0.140438 1.7365 
-0.77505 3.57844 -0.677993 -0.398114 0.825405 -0.573648 -0.686462 0.214321 1.95383 
-0.839216 3.35779 -0.614781 -0.399542 0.690557 -0.601804 -0.640297 0.146084 1.8324 
-0.780638 3.40721 -0.614232 -0.351671 0.690066 -0.505515 -0.656001 2.7995e-06 1.67081 
-0.791141 3.32031 -0.503758 -0.2692 0.617614 -0.437011 -0.832304 0.0272942 1.73107 
-0.815385 3.3586 -0.414432 -0.300426 0.646124 -0.342124 -0.702016 0.0189889 1.96784 
-0.838339 3.25562 -0.324433 -0.337867 0.556245 -0.252973 -0.669629 0.0715749 2.05237 
-0.930109 3.24237 -0.242153 -0.145689 0.771225 -0.201756 -0.634096 0.0792301 1.98681 
-0.825632 3.41171 -0.395616 -0.178195 0.961236 -0.27467 -0.590714 0.0829383 1.80313 
-0.829085 3.46545 -0.444259 -0.143808 0.975028 -0.236529 -0.549715 0.173499 1.79133 
-0.906523 3.46127 -0.66594 -0.077194 0.869708 -0.353777 -0.578402 0.140269 1.83046 
-0.889946 3.47799 -0.52928 -0.0259355 0.846638 -0.304769 -0.481061 0.139985 1.81223 
-0.825382 3.46342 -0.609468 -0.0949788 0.854293 -0.265029 -0.416687 0.103989 1.94986 
-0.779083 3.45546 -0.737543 -0.109015 0.811292 -0.314142 -0.343831 0.0460568 1.98964 
-0.918422 3.36607 -0.63009 -0.169329 0.779709 -0.218584 -0.397946 0.0118827 1.96157 
-0.987227 3.26344 -0.725355 -0.161947 0.825337 -0.29588 -0.401573 0.0483782 1.9794 
-0.972956 3.1937 -0.802098 -0.171111 0.875139 -0.22392 -0.497407 0.0895132 1.94714 
-1.0236 3.37355 -0.920954 -0.145729 0.974495 -0.259835 -0.41533 0.134696 1.88544 
-1.19878 3.47646 -0.983911 -0.211317 0.934233 -0.26748 -0.733061 0.0586048 1.72218 
-1.3873 3.48691 -0.977142 -0.231519 0.823758 -0.238717 -0.861535 0.164501 1.77392 
-1.43396 3.46386 -0.913859 -0.306489 0.758211 -0.327247 -0.806723 0.0552895 1.81958 
-1.30803 3.34275 -1.05753 -0.391187 0.66183 -0.276923 -0.792598 0.083291 1.66832 
-1.327 3.26741 -1.03569 -0.390173 0.662643 -0.100355 -0.750946 0.0805454 1.76752 
-1.22717 3.44573 -1.13095 -0.323432 0.599638 -0.0844211 -0.799175 0.124681 1.81043 
-1.3886 3.56821 -1.1889 -0.135497 0.624997 -0.0900448 -0.795999 0.265196 1.67261 
-1.29663 3.53991 -1.14204 -0.23499 0.711534 0.0742596 -0.804346 0.280226 1.6637 
-1.20847 3.65462 -1.27926 -0.194938 0.504097 0.0723196 -0.865128 0.423375 1.56204 
-1.06643 3.46027 -1.28049 -0.205385 0.414478 0.134576 -0.833566 0.312223 1.69156 
-0.999887 3.32013 -1.17735 -0.203012 0.414197 0.0653164 -0.927557 0.364667 1.83703 
-0.831133 3.46705 -0.996949 -0.0419418 0.492586 0.0732521 -0.890413 0.307097 1.77659 
-0.867688 3.41463 -1.05145 -0.126939 0.54012 0.0819259 -0.776571 0.196896 1.55097 
-0.93172 3.43639 -0.92804 -0.187504 0.666826 0.0955674 -0.931727 0.114577 1.42865 
-0.909959 3.38582 -0.929489 -0.279751 0.584269 -0.035714 -1.00297 0.219515 1.38623 
-0.998164 3.38661 -1.06581 -0.228711 0.524477 -0.12797 -0.985352 0.172486 1.41921 
-0.883625 3.442 -1.10125 -0.261005 0.491312 -0.0866989 -0.991574 0.16652 1.63777 
-0.796972 3.63305 -1.05464 -0.25783 0.373858 -0.128543 -0.985981 0.0595653 1.52716 
-0.815047 3.70779 -1.0873 -0.413396 0.398869 -0.203967 -0.826982 -0.0435731 1.45466 
-0.994654 3.70421 -0.944968 -0.506059 0.62381 -0.0831 -0.819233 0.038251 1.4968 
-1.06532 3.56694 -1.05512 -0.53653 0.596522 -0.0462173 -0.714689 -0.0444752 1.49913 
-1.00799 3.57166 -1.08929 -0.526886 0.571446 -0.122912 -0.821783 0.0860687 1.58286 
-0.902679 3.59731 -1.04195 -0.406719 0.662407 -0.11111 -1.01261 -0.195149 1.56262 
-0.618791 3.84897 -0.896076 -0.43977 0.711502 -0.0676654 -1.10079 -0.07205 1.73495 
-0.554165 3.89254 -1.02357 -0.289695 0.52638 0.0298345 -1.20413 0.0374603 1.77704 
-0.468617 4.00974 -0.901115 -0.335497 0.588351 0.111468 -1.32405 0.0248284 1.95664 
-0.421563 4.15547 -1.00948 -0.495323 0.486331 0.121966 -1.22142 0.178417 2.03788 
-0.503628 4.22567 -0.859896 -0.421042 0.471332 -0.087007 -1.20201 0.306355 2.10554 
-0.696779 4.24419 -0.847938 -0.52576 0.41095 -0.055129 -1.2433 0.388264 2.09368 
-0.63837 4.2151 -0.724782 -0.479332 0.427051 0.124738 -1.27314 0.465063 2.1149 
-0.761161 4.4166 -0.719629 -0.582087 0.429328 0.0167568 -1.40502 0.472349 2.33346 
-0.81218 4.40228 -0.604004 -0.587985 0.400093 -0.0180187 -1.4604 0.498999 2.37548 
-0.751519 4.34734 -0.501982 -0.548994 0.421798 0.0146433 -1.19474 0.395114 2.28803 
-0.845524 4.23944 -0.469032 -0.519339 0.479276 -0.0098677 -1.04209 0.445079 2.12827 
-0.750548 4.12246 -0.560073 -0.455856 0.278926 0.0248825 -1.01052 0.58199 1.9696 
