Mean 0 Mean 1 Mean 2 Mean 3 Mean 4 Mean 5 Mean 6 Mean 7 Mean 8 
-0.8136 -0.965 -1.8922 0.925 1.4478 -0.248 -2.0495 -1.0208 1.6476 
-0.680576 -1.04926 -1.86948 1.00286 1.31186 0.354027 -1.77028 -1.03743 2.29511 
-0.811015 -1.27246 -1.8558 0.966018 1.31195 0.0303927 -2.0259 -0.888719 2.04127 
-0.688136 -1.54171 -1.88179 1.36706 1.32104 0.263652 -1.75049 -1.03979 2.20272 
-0.549263 -1.71889 -2.06822 1.34016 1.27598 0.1202 -1.89262 -0.803995 2.09232 
-0.812752 -1.63254 -2.25495 1.21366 0.926236 0.129229 -1.76955 -0.734692 1.9712 
-0.671397 -1.58728 -2.3181 1.13322 1.33329 0.13478 -1.87606 -0.890181 1.96074 
-0.599505 -1.49462 -2.31226 1.20622 1.186 0.163434 -1.7984 -0.776886 1.90586 
-0.594801 -1.51392 -2.13845 1.2116 1.03609 0.13407 -1.55105 -0.642237 1.76015 
-0.545528 -1.52514 -2.08828 1.17229 1.03335 0.102808 -1.45477 -0.693714 1.82093 
-0.688463 -1.46009 -2.35664 1.11687 0.901432 0.0985669 -1.44535 -0.637341 1.94725 
-0.678947 -1.4355 -2.23029 1.10886 1.11702 0.131082 -1.49799 -0.524722 1.9449 
-0.52808 -1.47759 -2.09573 1.16362 1.06753 0.0222311 -1.55938 -0.438341 1.6598 
-0.646867 -1.40243 -1.92263 0.937878 1.17958 0.0127376 -1.36625 -0.337922 1.40312 
-0.784942 -1.37655 -2.06443 0.793967 1.31958 0.0251776 -1.58459 -0.659466 1.64051 
-0.799424 -1.14736 -1.86231 0.709678 1.27897 -0.0760156 -1.76867 -0.673441 1.64642 
-0.729914 -1.13143 -1.72916 0.592958 1.10524 0.0350536 -1.81068 -0.667347 1.53496 
-0.731162 -1.22692 -1.95359 0.595505 1.12851 -0.0614193 -1.8025 -0.769386 1.36214 
-0.787651 -1.25108 -1.78466 0.737393 1.0186 -0.0178637 -1.69985 -0.941441 1.46246 
-0.927006 -1.1819 -1.78332 0.633305 1.11239 -0.0744485 -1.73393 -0.850412 1.59428 
-0.97218 -1.18801 -1.69494 0.474116 1.09137 -0.0881325 -1.6702 -0.678654 1.70159 
-0.876527 -1.34765 -1.57093 0.442689 1.23235 0.104249 -1.5545 -0.637779 1.56035 
-0.779941 -1.39307 -1.36916 0.263928 1.22703 0.108328 -1.69706 -0.546638 1.42201 
-0.72123 -1.1784 -1.27364 0.317304 1.30345 0.183966 -1.55874 -0.592363 1.57164 
-0.665121 -1.14776 -1.25341 0.281686 1.53189 0.296498 -1.61371 -0.607767 1.81959 
-0.68193 -1.10808 -1.22663 0.517469 1.36979 0.348047 -1.5962 -0.733831 1.66591 
-0.651854 -1.14024 -1.15185 0.485782 1.26104 0.305312 -1.55508 -0.719447 1.65497 
-0.604161 -1.17087 -1.13839 0.410193 1.22555 0.310128 -1.49135 -0.7447 1.46773 
-0.598996 -1.18306 -1.19342 0.591462 1.07302 0.345256 -1.74305 -0.688367 1.55173 
-0.686229 -1.3116 -1.16838 0.649001 1.23078 0.298535 -1.79508 -0.791128 1.50948 
-0.458132 -1.22405 -1.01484 0.584428 1.29201 0.274824 -1.68611 -0.866686 1.37652 
-0.512771 -1.31307 -1.03111 0.529833 1.15598 0.346589 -1.59536 -0.855328 1.57273 
-0.365531 -1.24476 -0.996002 0.288956 1.24212 0.272042 -1.5222 -1.00115 1.6556 
-0.253879 -1.17924 -1.15327 0.432683 1.08668 0.176817 -1.60308 -1.02029 1.75296 
-0.236124 -1.38663 -1.02601 0.554327 0.91208 0.172685 -1.64766 -0.981514 1.56501 
-0.148558 -1.40281 -1.0262 0.51042 0.777271 0.163613 -1.74406 -1.0092 1.36543 
-0.111499 -1.38159 -1.03062 0.482178 0.73396 0.0939411 -1.75888 -0.905853 1.50717 
-0.0690891 -1.33335 -1.12956 0.472288 0.638855 0.0616006 -1.87547 -0.817302 1.58834 
0.144141 -1.05973 -1.07131 0.588721 0.519291 0.0138161 -1.87964 -0.744689 1.3712 
0.0635267 -1.0653 -0.943298 0.435278 0.533322 -0.0953752 -1.94928 -0.58341 1.42121 
0.0797654 -1.02474 -0.984864 0.408189 0.488482 -0.140647 -1.94299 -0.509699 1.4121 
-0.0262813 -1.16221 -1.05643 0.489187 0.53726 -0.108736 -1.71409 -0.534639 1.37279 
-0.0665833 -1.07179 -1.06871 0.487504 0.439128 -0.0836896 -1.59372 -0.660917 1.56776 
-0.0748719 -1.06064 -0.979832 0.434192 0.412156 -0.113051 -1.74095 -0.46759 1.5396 
0.213877 -1.12193 -0.978934 0.432224 0.424679 -0.248974 -1.70711 -0.524626 1.57611 
0.175235 -1.32464 -0.885447 0.400397 0.515794 -0.227476 -1.98055 -0.551777 1.59136 
0.348924 -1.29183 -0.854226 0.415986 0.473066 -0.352003 -1.88864 -0.529682 1.6668 
0.127556 -1.39797 -0.758529 0.344665 0.406962 -0.423611 -1.83274 -0.416359 1.72327 
0.154587 -1.53929 -0.611701 0.280873 0.391331 -0.370659 -2.26765 -0.365298 1.6955 
0.130174 -1.65737 -0.411774 0.307532 0.376451 -0.246279 -2.65261 -0.289796 1.68864 
0.144129 -1.48049 -0.432492 0.247735 0.461101 -0.220707 -2.37988 -0.32265 1.50467 
0.228747 -1.48099 -0.365381 0.221993 0.435587 -0.179612 -2.25702 -0.442353 1.39991 
0.329889 -1.5923 -0.413701 0.191041 0.40113 -0.191397 -2.23977 -0.522042 1.34562 
0.403672 -1.72735 -0.396828 0.165912 0.316045 -0.212057 -2.20499 -0.637797 1.28205 
0.307638 -1.65562 -0.478436 0.171079 0.259264 -0.182251 -2.13593 -0.643331 1.32492 
0.474507 -1.63627 -0.701744 0.216074 0.452966 -0.194737 -1.9361 -0.644107 1.14333 
0.493699 -1.5966 -0.839633 0.0286285 0.46861 -0.181139 -1.88919 -0.670831 1.25532 
0.473042 -1.63067 -0.810068 0.0901139 0.382306 -0.159511 -1.9112 -0.831142 1.24376 
0.402326 -1.68059 -0.763541 0.0933554 0.341082 -0.136195 -2.09391 -0.982696 1.27168 
0.244887 -1.40935 -0.741512 0.271231 0.294149 -0.154401 -2.0531 -0.882677 1.40867 
0.169385 -1.3843 -0.749125 0.312739 0.303552 -0.161587 -2.1131 -0.792948 1.37925 
0.352561 -1.4831 -0.720141 0.35028 0.428678 -0.173711 -2.17065 -0.624934 1.56202 
0.213275 -1.44867 -0.709811 0.380569 0.432928 -0.258773 -2.27858 -0.618354 1.69224 
