Mean 0 Mean 1 Mean 2 Mean 3 Mean 4 Mean 5 Mean 6 Mean 7 Mean 8 
0.360818 2.0473 -1.45937 -2.34447 0.932622 0.383815 0.699496 2.37158 3.00753 
0.145502 2.20238 -1.4195 -2.25819 0.822345 0.652082 0.744268 2.74714 2.96598 
0.360792 2.0332 -1.62727 -2.2611 0.577915 0.200341 0.560698 2.87093 2.78273 
0.264133 1.60673 -1.13718 -2.06022 0.875054 0.138855 0.41356 2.64614 2.60924 
0.50743 1.46619 -1.3684 -2.2736 1.01792 0.229476 0.709127 2.66492 2.59304 
0.650065 1.63509 -1.52261 -2.01079 1.03047 0.206225 0.429322 2.64967 2.84217 
0.967229 1.72539 -1.65887 -1.77733 0.978067 0.190048 0.346202 2.49551 2.75271 
1.00739 1.47356 -1.94556 -1.9081 0.97818 0.470742 0.786013 2.38555 2.66311 
0.92816 1.29615 -1.89844 -1.94871 1.03981 0.275949 0.680652 2.46232 2.59627 
0.867712 1.58755 -1.72559 -1.99502 1.24974 0.511132 0.706857 2.4299 2.61202 
1.22276 1.45146 -1.71249 -1.77487 1.0642 0.36811 0.784486 2.50162 2.49363 
0.965544 1.34614 -1.67792 -1.80994 1.07383 0.483147 0.97851 2.45974 2.57441 
0.735956 1.2516 -1.59478 -1.88258 1.07012 0.545219 0.813898 2.35254 2.40542 
0.811471 1.27817 -1.41254 -1.65109 0.90257 0.683389 0.713474 2.30653 2.56847 
0.567976 1.20352 -1.23455 -1.47016 0.874858 0.500456 0.688147 2.43741 2.6551 
0.55235 1.38644 -1.23569 -1.44317 0.881678 0.468971 0.786831 2.427 2.66683 
0.550133 1.40082 -1.12428 -1.3276 0.757267 0.472707 0.647026 2.49845 2.83259 
0.55376 1.51121 -1.32052 -1.44673 0.698674 0.497468 0.834962 2.38853 2.73074 
0.435528 1.64217 -1.16348 -1.61033 0.837403 0.377672 0.726671 2.44716 2.68953 
0.355643 1.57795 -0.941194 -1.50335 0.688572 0.36099 0.73172 2.35081 2.69417 
0.362439 1.72515 -0.898645 -1.59426 0.962206 0.337299 0.811422 2.20274 2.61732 
0.525749 1.86869 -0.859287 -1.66809 1.06471 0.474549 0.869072 2.34625 2.73688 
0.451716 1.64555 -0.81836 -1.72734 1.03828 0.382429 0.82021 2.3455 2.62335 
0.437406 1.73358 -0.75767 -1.63465 0.882204 0.366648 0.935258 2.16174 2.47961 
0.475125 1.52779 -0.783544 -1.68975 0.978869 0.233979 0.880342 2.19849 2.36225 
0.365748 1.45568 -0.847546 -1.76964 0.94199 0.121115 0.806017 2.24417 2.49149 
0.443246 1.5836 -0.777334 -1.57892 0.884113 0.113418 0.812696 2.2337 2.55061 
0.530425 1.63872 -0.715522 -1.43549 0.757134 0.167263 0.813025 2.17099 2.52927 
0.531339 1.69883 -0.590433 -1.32147 0.667263 0.237768 0.685227 2.22047 2.42746 
0.344884 1.63244 -0.502067 -1.27465 0.714607 0.315105 0.635768 2.29231 2.37766 
0.370278 1.74195 -0.572977 -1.27138 0.665257 0.266028 0.748109 2.34982 2.60574 
0.530692 1.85578 -0.508469 -1.38217 0.740113 0.206512 0.808856 2.39148 2.47761 
0.587255 1.90257 -0.571383 -1.34753 0.684716 0.290563 0.791483 2.43359 2.52733 
0.517133 2.04925 -0.594662 -1.44834 0.78611 0.285973 0.596296 2.2895 2.4316 
0.653692 1.99264 -0.624466 -1.49635 0.693692 0.281054 0.500526 2.1844 2.22674 
0.66887 2.11819 -0.529931 -1.47972 0.906679 0.34378 0.578964 2.33166 2.32367 
0.641027 2.04918 -0.665154 -1.43347 1.07544 0.212009 0.651503 2.37685 2.36498 
0.493083 2.18369 -0.676548 -1.42808 0.995521 0.267071 0.468575 2.34467 2.42406 
0.424598 2.12973 -0.6067 -1.32018 0.949826 0.439293 0.505439 2.4765 2.39437 
0.475091 2.2618 -0.587601 -1.39882 0.88232 0.455414 0.558047 2.33357 2.30046 
0.38611 2.2294 -0.537136 -1.33658 0.968804 0.473428 0.453693 2.44263 2.47271 
0.333274 2.22465 -0.575912 -1.3394 0.674264 0.291751 0.463639 2.16225 2.24676 
0.474631 2.21911 -0.663591 -1.39018 0.886876 0.181779 0.37083 2.09259 2.16486 
0.518321 2.0504 -0.56462 -1.53602 0.988892 0.0959114 0.157394 2.03777 2.28984 
0.314704 2.06738 -0.680057 -1.55057 1.03694 0.0150026 -0.000625091 1.90401 2.26465 
0.159894 2.07345 -0.746851 -1.59745 1.09446 -0.0613605 -0.117717 1.73333 2.31399 
0.262841 2.19543 -0.642524 -1.56892 1.2446 -0.0568998 -0.135115 1.75815 2.26764 
0.385201 2.30205 -0.580304 -1.56263 1.37943 -0.075639 -0.125629 1.74315 2.24855 
0.311492 2.26559 -0.693362 -1.63035 1.51738 -0.0729583 -0.194219 1.76517 2.32438 
0.3471 1.92721 -0.71294 -1.46806 1.41081 -0.0308424 0.0201008 1.58864 2.30282 
0.268291 1.97112 -0.623015 -1.22925 1.48733 0.041341 -0.00768995 1.50138 2.30714 
0.374398 1.77575 -0.63705 -1.07842 1.43666 0.0167082 0.17963 1.34249 2.29423 
0.537424 1.82493 -0.656219 -1.04754 1.40489 -0.0584337 0.136204 1.29832 2.28793 
0.460653 1.86601 -0.490234 -1.17427 1.22418 0.0335784 -0.157892 1.41885 2.29244 
0.500416 1.72089 -0.444342 -1.11724 1.13545 0.0470385 -0.160408 1.36282 2.15303 
0.512302 1.69845 -0.628185 -1.18469 1.17252 -0.0114269 -0.279646 1.28508 2.21488 
0.372437 1.71035 -0.494805 -1.16684 0.941293 -0.146806 -0.111629 1.20881 2.2818 
0.375467 1.81319 -0.458995 -1.21048 0.956297 -0.213219 0.0977418 1.09961 2.16211 
0.379626 1.89006 -0.39314 -1.16072 0.973789 -0.294227 0.28362 1.00638 2.01645 
0.335364 2.0068 -0.533158 -1.10365 1.00874 -0.334497 0.0765716 0.915945 1.94494 
0.370603 1.99887 -0.710359 -1.23883 1.0367 -0.338325 0.0595487 0.769584 2.15532 
0.458099 2.03563 -0.673866 -1.31848 0.951282 -0.268597 -0.00418587 0.909058 2.24636 
0.585891 1.87507 -0.665445 -1.22641 0.853999 -0.315774 -0.0329494 0.799444 2.32629 
0.506489 2.06599 -0.758406 -1.24457 0.79851 -0.259683 -0.0940675 0.951897 2.41 
0.414486 1.99136 -0.620161 -1.11801 0.751213 -0.310663 -0.0342815 0.886238 2.51185 
0.281204 2.10661 -0.751783 -1.06436 0.834107 -0.282418 0.0058607 0.858416 2.36524 
0.419455 2.05959 -0.868871 -1.04312 1.06594 -0.184668 -0.0725899 0.954012 2.39988 
0.523376 1.9894 -0.974117 -0.977322 1.0602 -0.137267 0.155596 0.755149 2.44069 
0.302819 2.08585 -0.893322 -1.06087 0.986787 -0.203565 0.000773402 0.787956 2.42624 
0.30693 2.02104 -0.841199 -0.994416 0.982067 -0.270852 -0.189652 0.814329 2.56567 
0.210011 2.07687 -0.854623 -0.884675 0.862909 -0.30973 -0.326102 1.03601 2.71198 
0.377049 1.86767 -0.895759 -0.844247 0.730528 -0.251687 -0.144552 0.954139 2.75631 
0.45205 1.88929 -0.971943 -0.83855 0.622084 -0.212121 -0.171106 0.962736 2.64222 
0.436372 1.7482 -0.988377 -0.6704 0.647779 -0.167066 -0.173454 0.860389 2.59192 
0.511176 1.70353 -1.01596 -0.731056 0.667366 -0.266824 -0.190268 0.838684 2.66755 
0.539565 1.60115 -1.08667 -0.49464 0.60115 -0.180721 -0.176127 0.735783 2.62662 
0.50956 1.64292 -0.956235 -0.49434 0.52467 -0.144108 -0.148622 0.825473 2.63377 
0.327069 1.58346 -0.778331 -0.327775 0.425194 -0.14153 0.0320308 0.982967 2.69277 
0.290962 1.63068 -0.667501 -0.435339 0.574734 -0.115947 -0.152205 0.902777 2.53506 
0.423476 1.66825 -0.613053 -0.487805 0.602162 -0.116588 -0.138426 0.792218 2.60585 
0.441375 1.61338 -0.505558 -0.48646 0.516684 -0.0739172 -0.326596 0.77636 2.70945 
0.416712 1.52591 -0.532157 -0.425342 0.454069 -0.146006 -0.23146 0.507059 2.67991 
0.645685 1.41688 -0.540827 -0.484183 0.38559 -0.154794 -0.364944 0.564112 2.73396 
0.542227 1.55879 -0.515903 -0.484101 0.450176 -0.149003 -0.350182 0.862524 2.78561 
0.664763 1.63871 -0.516865 -0.499333 0.429136 -0.064233 -0.260633 0.870711 2.9124 
0.726897 1.82011 -0.464906 -0.407335 0.168313 -0.165141 -0.361754 0.789804 2.74776 
0.599323 1.98559 -0.498123 -0.469903 0.204461 -0.20479 -0.293569 0.977136 2.84441 
0.504237 2.00805 -0.595967 -0.431869 0.399386 -0.210388 -0.247109 0.906226 2.81767 
0.536831 1.99887 -0.684188 -0.384596 0.255224 -0.241765 -0.302607 0.9313 2.97581 
0.309548 2.03746 -0.612597 -0.545873 0.0951599 -0.160725 -0.313402 0.780235 2.92494 
0.348404 2.19856 -0.513958 -0.617101 0.139985 -0.192814 -0.207637 0.668004 2.92774 
0.187596 2.22731 -0.478851 -0.667588 0.00179559 -0.174135 -0.101201 0.556031 2.79995 
0.1608 2.21275 -0.564617 -0.685619 -0.0272611 -0.0719549 -0.149153 0.47857 2.82928 
0.0486769 2.27756 -0.563695 -0.651373 -0.0879956 -0.0813674 -0.0687872 0.447531 2.70643 
0.185812 2.2255 -0.51053 -0.634113 -0.0970505 -0.0284782 -0.00686203 0.390255 2.62039 
0.18497 2.10541 -0.436783 -0.610627 -0.0123316 -0.146566 0.0395053 0.43732 2.6172 
0.0241362 1.97933 -0.265615 -0.906589 0.0305452 -0.141084 0.0963416 0.280101 2.71414 
0.0163447 2.00435 -0.212185 -1.00311 0.138579 -0.119018 0.0149323 0.36344 2.84959 
0.0611515 1.98134 -0.108934 -0.941146 0.197463 -0.129708 -0.0930421 0.28715 2.88222 
0.0178006 2.09144 -0.282658 -0.752353 0.143023 -0.175503 -0.214473 0.354457 3.0594 
