Mean 0 Mean 1 Mean 2 Mean 3 Mean 4 Mean 5 Mean 6 Mean 7 Mean 8 
0.201405 -1.09419 -1.87451 -2.54069 1.30347 -2.24456 1.01308 1.23356 -2.49597 
-0.00972437 -1.15603 -1.49477 -2.43797 1.68781 -2.24041 0.66218 1.42926 -2.35122 
-0.159525 -0.958224 -1.50818 -2.57179 1.62493 -1.83601 0.957499 1.06019 -2.46709 
-0.0607976 -1.05363 -1.534 -3.00368 1.47678 -1.62884 0.962291 1.02136 -2.89934 
-0.0861688 -1.06059 -1.41013 -3.08643 1.48746 -1.60571 1.14881 1.0097 -3.35683 
0.00791429 -1.0172 -1.48325 -2.94632 1.53768 -1.63096 1.09347 1.097 -3.07116 
-0.0207045 -1.06553 -1.37833 -2.82736 1.55448 -1.79042 0.755113 0.937026 -2.72739 
-0.162618 -1.07436 -1.53503 -2.84807 1.09087 -1.70132 0.800372 1.0389 -2.72193 
-0.190939 -1.11479 -1.41147 -2.78744 1.08886 -1.63217 0.896447 0.880509 -2.74592 
-0.189933 -1.12155 -1.92706 -2.75873 1.03915 -1.7457 0.86512 0.927064 -2.71831 
-0.355811 -1.13385 -1.94488 -2.82725 0.973608 -1.71574 0.863347 0.826756 -2.76189 
-0.364372 -1.02427 -1.84867 -2.91236 1.43092 -1.81327 0.832792 0.621339 -2.55458 
-0.0347166 -0.839545 -1.71565 -2.84096 1.50038 -1.6401 0.998961 0.639004 -2.51125 
-0.237231 -0.950556 -1.53195 -2.50275 1.36782 -1.83577 0.931548 0.759176 -2.49034 
-0.38383 -1.17641 -1.47622 -2.30496 1.37182 -1.819 1.1615 0.775761 -2.58699 
-0.534149 -1.18354 -1.3485 -2.13717 1.26839 -1.8058 1.09703 0.857808 -2.54089 
-0.501643 -1.17985 -1.24179 -2.00518 1.13564 -1.80105 0.944099 0.929453 -2.37317 
-0.568618 -1.22033 -1.29932 -1.9381 1.1887 -1.83343 1.07817 1.09064 -2.28352 
-0.659576 -1.04152 -1.16134 -2.13215 1.32318 -1.9828 0.937736 1.12461 -2.37504 
-0.685952 -1.02354 -1.11848 -2.03141 1.31232 -2.06729 0.817818 1.00717 -2.43545 
-0.722929 -0.963656 -1.03233 -1.94947 1.29899 -2.08331 0.754317 0.963278 -2.40308 
-0.783288 -0.941318 -0.973036 -1.94445 1.33643 -2.12859 0.683491 0.943699 -2.29504 
-0.76532 -0.701783 -0.907309 -2.00705 1.52751 -2.13865 0.64098 0.797317 -2.3509 
-0.891907 -0.700535 -0.845854 -2.07492 1.50356 -2.18124 0.672891 0.657508 -2.57875 
-0.914477 -0.694729 -0.704398 -2.18312 1.59936 -2.3054 0.76126 0.825921 -2.50413 
-0.882573 -0.661132 -0.693423 -1.99198 1.44122 -2.18147 0.793933 0.72221 -2.63134 
-0.956179 -0.654117 -0.830837 -1.95766 1.34318 -2.10174 0.607373 0.805187 -2.83899 
-0.905447 -0.590037 -0.643731 -1.8632 1.33507 -2.16956 0.684359 0.753982 -2.71983 
-0.9435 -0.631723 -0.738721 -1.79283 1.35179 -2.18121 0.650282 0.667851 -2.67617 
-0.94559 -0.829103 -0.664785 -1.87311 1.44095 -2.26033 0.613575 0.733583 -2.61487 
-0.947013 -0.640065 -0.660555 -1.86008 1.51996 -2.20808 0.588953 0.65272 -2.71335 
-0.972255 -0.512063 -0.604627 -1.89302 1.53692 -2.17816 0.570807 0.570828 -2.77486 
-0.879992 -0.582929 -0.520136 -1.85391 1.50758 -2.35302 0.59993 0.824288 -2.60615 
-1.0167 -0.692486 -0.5467 -1.85198 1.60686 -2.31022 0.55024 0.791208 -2.74335 
-0.936437 -0.682841 -0.470634 -1.83522 1.59214 -2.34594 0.624679 1.02063 -2.58764 
-1.02754 -0.783242 -0.411888 -1.75085 1.49749 -2.35143 0.651768 0.948288 -2.60204 
-1.00686 -0.729669 -0.545437 -1.56311 1.33733 -2.04461 0.722823 0.831831 -2.59786 
-0.949943 -0.576969 -0.675893 -1.45775 1.25482 -2.08945 0.764788 0.701453 -2.7714 
-1.05028 -0.313972 -0.59062 -1.63393 1.29717 -2.09998 0.61319 0.420749 -2.96946 
-1.08954 -0.485559 -0.497253 -1.62246 1.41218 -1.96113 0.677894 0.429969 -3.18795 
-1.1058 -0.411293 -0.548214 -1.83484 1.45506 -1.83569 0.684045 0.341499 -3.17116 
-1.12272 -0.481826 -0.515752 -1.83118 1.41058 -1.85128 0.626733 0.461045 -3.13301 
-1.17584 -0.287223 -0.488064 -1.86298 1.48432 -1.79476 0.528639 0.236229 -3.27486 
-1.13388 -0.355762 -0.534857 -1.8161 1.52508 -1.86311 0.54165 0.105795 -3.12571 
-1.1761 -0.429187 -0.426995 -1.88749 1.34368 -2.01308 0.434286 0.103247 -3.10515 
-1.06212 -0.56605 -0.47482 -1.88571 1.36082 -2.04715 0.397715 0.130969 -2.94927 
-1.05595 -0.550672 -0.385736 -1.86007 1.38305 -2.09064 0.406804 0.0839686 -2.7623 
-1.14737 -0.617551 -0.456293 -1.88485 1.19412 -2.0495 0.415698 0.0659689 -2.82314 
-1.05098 -0.541978 -0.328326 -1.81998 1.29745 -2.07362 0.41706 0.0845102 -2.78374 
-1.11993 -0.561514 -0.400155 -1.70224 1.15793 -2.00064 0.317415 -0.00205001 -2.63596 
-1.18358 -0.591692 -0.453557 -1.56462 1.01892 -1.96105 0.296764 -0.0205716 -2.50249 
-1.29658 -0.599287 -0.461853 -1.48317 0.926018 -1.89745 0.300481 -0.0117375 -2.42604 
-1.08109 -0.563077 -0.472974 -1.52089 0.999747 -1.96137 0.146217 -0.00739566 -2.4813 
-1.13818 -0.552064 -0.319898 -1.62335 0.891624 -1.90608 -0.099419 0.089103 -2.49947 
-1.03085 -0.710151 -0.178303 -1.75927 0.844356 -1.93283 -0.00960598 0.0827063 -2.63418 
-0.917727 -0.65484 -0.0798548 -1.67335 0.693356 -1.91614 0.0273019 0.0217255 -2.80921 
-0.979776 -0.620513 -0.287218 -1.67672 0.759855 -1.9486 0.0762492 -0.0035042 -2.71503 
-0.983759 -0.53888 -0.24126 -1.71053 0.798915 -2.04336 0.291298 -0.139657 -2.8489 
-1.11166 -0.571365 -0.301867 -1.67413 0.828218 -2.11326 0.352715 -0.0985405 -2.76281 
-1.09739 -0.451912 -0.267974 -1.58379 0.767604 -2.18634 0.590677 -0.196254 -2.89694 
-0.964399 -0.422012 -0.391667 -1.56796 0.809657 -2.33608 0.396629 -0.13161 -2.76001 
-1.13191 -0.430204 -0.338599 -1.63794 0.848294 -2.36231 0.375022 0.00734694 -2.75325 
-1.1324 -0.554825 -0.473293 -1.64832 0.930568 -2.36646 0.422147 -0.06482 -2.73191 
-1.13881 -0.673 -0.481049 -1.57588 0.916168 -2.36638 0.39859 0.0986231 -2.71692 
-1.18731 -0.716266 -0.496607 -1.58013 0.978929 -2.44534 0.266979 0.123759 -2.62008 
-1.2075 -0.77016 -0.613832 -1.47499 0.873543 -2.42137 0.170204 0.0263941 -2.61154 
-1.14413 -0.830434 -0.648099 -1.43814 1.04021 -2.42239 0.0835682 0.0729836 -2.55749 
-1.25679 -0.526971 -0.616593 -1.43544 1.10661 -2.42644 0.209669 0.0196564 -2.45919 
-1.2546 -0.586778 -0.662742 -1.419 0.99638 -2.28751 0.119789 0.0669685 -2.53375 
-1.20066 -0.721513 -0.664662 -1.44789 1.00998 -2.2636 0.104003 0.215688 -2.56192 
-1.26429 -0.562972 -0.580832 -1.48785 0.982063 -2.20701 0.244828 -0.140452 -2.72435 
-1.33004 -0.54494 -0.629734 -1.44206 1.04167 -2.15662 0.188085 -0.11128 -2.76148 
-1.37704 -0.461316 -0.69247 -1.37495 1.10021 -2.14019 0.146494 -0.119844 -2.92665 
-1.38021 -0.44012 -0.716039 -1.35931 0.971853 -2.0384 -0.0109218 -0.120734 -2.96782 
-1.34691 -0.305244 -0.577294 -1.33313 0.956053 -2.1749 0.0458062 0.0362795 -2.97104 
-1.36246 -0.456901 -0.616288 -1.36224 0.914961 -2.17204 0.0615735 0.0402816 -2.95897 
-1.38753 -0.600912 -0.519426 -1.43499 0.935772 -2.16519 0.0524441 0.169452 -3.12321 
-1.40274 -0.614153 -0.450612 -1.45289 0.844632 -2.34021 0.342324 0.304895 -3.01954 
-1.53542 -0.576071 -0.546787 -1.36013 0.960253 -2.31623 0.283466 0.168609 -3.11248 
-1.6161 -0.512745 -0.663423 -1.28854 0.964479 -2.30528 0.254596 -0.0226749 -3.22322 
-1.5585 -0.390644 -0.599495 -1.32781 0.904293 -2.30437 0.306201 -0.0905207 -3.30657 
-1.59429 -0.292959 -0.701486 -1.27097 0.870219 -2.26148 0.240845 -0.170532 -3.38367 
-1.77976 -0.30099 -0.589168 -1.34756 1.06196 -2.28265 0.249716 -0.177974 -3.22246 
-1.5606 -0.308654 -0.547995 -1.27639 1.18132 -2.20448 0.314292 -0.228219 -3.18976 
-1.48154 -0.247396 -0.515059 -1.42454 1.33283 -2.15881 0.334586 -0.289394 -3.32675 
-1.52208 -0.369497 -0.536663 -1.38339 1.27212 -2.18669 0.423938 -0.49073 -3.38503 
-1.56438 -0.427582 -0.580052 -1.36123 1.21365 -2.18622 0.470257 -0.643918 -3.40027 
-1.39263 -0.425072 -0.513429 -1.38886 1.17714 -2.16757 0.471025 -0.650337 -3.49395 
-1.366 -0.377772 -0.456375 -1.39927 1.27106 -2.16641 0.381463 -0.673898 -3.2156 
-1.42318 -0.451936 -0.398536 -1.47478 1.34502 -2.1484 0.367977 -0.65613 -3.31959 
-1.39041 -0.486105 -0.521175 -1.66121 1.17927 -2.12081 0.236549 -0.759079 -3.4429 
-1.34165 -0.368682 -0.522499 -1.45052 1.25081 -2.0313 0.342227 -0.623845 -3.28058 
-1.38515 -0.419143 -0.441099 -1.42813 1.16946 -2.1714 0.328194 -0.636904 -3.20175 
-1.39215 -0.334727 -0.442233 -1.35919 1.19094 -2.18973 0.36787 -0.653989 -3.25394 
-1.40298 -0.207822 -0.488102 -1.31558 1.1264 -2.18 0.331494 -0.577947 -3.21207 
-1.49636 0.00894471 -0.431097 -1.43279 1.16216 -2.11552 0.297413 -0.744143 -3.17762 
-1.58675 0.20389 -0.357613 -1.46846 1.18111 -2.08107 0.270146 -0.853487 -3.18841 
-1.60972 0.178296 -0.287158 -1.58551 1.27115 -2.06057 0.217806 -0.771526 -3.05529 
-1.52009 0.153296 -0.292209 -1.54306 1.31229 -2.05241 0.179713 -0.86291 -3.24184 
-1.28242 0.132368 -0.398058 -1.44916 1.2206 -1.90549 0.0484855 -0.674599 -3.17704 
