Mean 0 Mean 1 Mean 2 Mean 3 Mean 4 Mean 5 Mean 6 Mean 7 Mean 8 
-1.06723 2.39734 -2.62497 1.1933 1.47607 -2.27055 0.296676 2.70571 -1.53769 
-1.20807 2.48339 -2.69835 1.10058 1.52733 -2.1279 0.485622 2.50578 -1.55964 
-1.25356 2.30992 -2.8974 0.905389 1.74603 -1.9878 0.506214 2.49255 -1.45108 
-1.14416 2.61922 -3.04376 0.777252 1.28815 -1.79426 0.447283 2.32596 -1.5258 
-0.981752 2.6471 -2.9375 0.950084 1.2808 -1.96915 0.624129 2.29404 -1.57476 
-0.96546 2.78581 -2.80447 0.882325 1.02904 -1.94067 0.602614 2.04268 -1.52432 
-0.932865 2.62972 -2.70591 0.599039 1.04656 -1.85088 0.676736 2.42931 -1.69767 
-1.31052 2.77456 -2.84252 0.69339 1.10002 -1.93658 0.745625 2.25862 -1.635 
-1.29828 2.70965 -2.69619 0.67815 1.22708 -1.84786 0.727338 2.30645 -1.674 
-1.05878 2.78531 -2.92311 0.827267 1.36243 -2.08375 0.908926 2.56381 -1.78795 
-1.08393 2.62383 -2.7901 0.880147 1.25196 -1.96941 0.855403 2.38365 -1.79926 
-1.13416 2.74123 -2.62392 0.685678 1.27894 -1.8791 0.816935 2.1167 -1.61706 
-1.15788 2.69659 -2.5411 0.579244 1.4051 -1.67937 0.850614 1.95807 -1.52633 
-1.27398 2.70639 -2.66409 0.414045 1.33947 -1.63235 0.811193 1.98886 -1.61841 
-1.39766 2.66939 -2.70307 0.256063 1.27573 -1.53637 0.677171 2.05023 -1.74983 
-1.36675 2.55085 -2.71098 0.136192 1.24082 -1.54774 0.767662 2.35362 -1.80654 
-1.24607 2.69311 -2.76172 0.21369 1.28652 -1.56237 0.568785 2.39662 -1.76879 
-1.43566 2.82423 -2.77616 0.254608 1.23901 -1.45845 0.457259 2.16514 -1.77388 
-1.62246 2.95532 -2.77193 0.297152 1.11243 -1.37328 0.267727 1.93568 -1.70067 
-1.47196 2.90792 -3.01069 0.401057 0.930604 -1.44441 0.288797 2.01226 -1.66235 
-1.44572 2.75739 -3.0307 0.399478 0.82188 -1.30471 0.209092 2.15372 -1.59377 
-1.56269 2.96043 -2.97273 0.326785 0.913979 -1.35601 0.178255 2.11313 -1.57282 
-1.67359 3.03088 -2.94046 0.553481 0.819169 -1.2966 0.238876 2.10672 -1.72134 
-1.80049 3.18168 -3.19477 0.525632 0.753916 -1.23866 0.384946 2.32694 -1.71341 
-1.74117 3.18612 -3.10741 0.758848 0.722951 -1.18286 0.467542 2.19709 -1.78547 
-1.72777 3.07247 -3.05802 0.667156 0.818193 -1.31084 0.379858 2.28595 -1.53913 
-1.6909 3.01806 -2.90484 0.613502 0.75019 -1.34821 0.440218 2.29631 -1.55551 
-1.72063 2.9536 -2.91726 0.664172 0.710455 -1.36425 0.467145 2.17721 -1.49083 
-1.75097 2.91532 -2.90478 0.562769 0.694975 -1.26731 0.400848 2.21943 -1.52934 
-1.86681 3.03197 -2.9091 0.50137 0.780887 -1.42687 0.464979 2.34796 -1.58247 
-1.85909 2.91813 -2.94622 0.44068 0.891905 -1.49977 0.458047 2.28138 -1.42532 
-1.7402 2.95352 -2.59953 0.430717 0.993824 -1.6643 0.514769 2.20144 -1.53324 
-1.64446 2.97051 -2.65669 0.386355 0.904407 -1.50955 0.42644 2.17989 -1.36465 
-1.61388 2.86965 -2.72703 0.344462 0.846884 -1.37552 0.620176 2.17812 -1.07975 
-1.78121 2.81761 -2.71971 0.385102 0.910457 -1.29579 0.657497 2.12589 -1.31553 
-1.85043 2.73802 -2.70484 0.548962 0.869365 -1.35012 0.533416 2.0507 -1.38852 
-1.95191 2.70664 -2.65821 0.644623 0.719291 -1.22192 0.464007 2.14987 -1.40463 
-1.73756 2.81202 -2.79599 0.786209 0.925602 -1.2564 0.567654 2.04015 -1.48739 
-1.69635 2.76414 -2.71292 0.887185 0.898941 -1.37869 0.743807 2.10006 -1.47874 
-1.802 2.91523 -2.76846 0.864757 0.776431 -1.38223 0.624709 1.89588 -1.60307 
-1.66293 2.98752 -2.98916 0.853293 0.60504 -1.37717 0.547297 1.96087 -1.68011 
-1.64365 3.00237 -3.15756 0.600988 0.772728 -1.36313 0.61586 1.89908 -1.79813 
-1.69605 2.98002 -3.03736 0.548699 0.704982 -1.38715 0.354638 2.01318 -1.56627 
-1.98071 3.02027 -3.08305 0.508343 0.731402 -1.40693 0.302689 1.94751 -1.51586 
-2.20177 3.0585 -3.15878 0.45484 0.769593 -1.40629 0.250397 1.86199 -1.44433 
-2.12546 2.91756 -2.89325 0.585432 0.613737 -1.44906 0.278775 1.8799 -1.62738 
-1.86923 2.92079 -2.84088 0.593951 0.56896 -1.59126 0.367673 1.93412 -1.53525 
-1.88829 2.63188 -2.83474 0.651495 0.570596 -1.58896 0.460383 1.74293 -1.49897 
-1.88926 2.6704 -2.84957 0.561642 0.661255 -1.43412 0.371652 1.58904 -1.67298 
-1.98364 2.4487 -2.74029 0.549148 0.488124 -1.49081 0.406629 1.64673 -1.7417 
-2.08326 2.49472 -2.80499 0.491649 0.434601 -1.43699 0.39382 1.66543 -1.79672 
-1.88701 2.40969 -2.99285 0.589824 0.476867 -1.41827 0.465888 1.59052 -1.6104 
-1.75896 2.30641 -2.98064 0.541037 0.447177 -1.43672 0.450481 1.54934 -1.67137 
-1.74713 2.27819 -3.00738 0.532263 0.443936 -1.3809 0.533414 1.49298 -1.83797 
-1.86549 2.17918 -2.69056 0.531634 0.376964 -1.44771 0.280537 1.50187 -1.72773 
-2.03115 2.22306 -2.69472 0.545973 0.281039 -1.32272 0.359947 1.46855 -1.71904 
-1.82828 2.24476 -2.67126 0.477057 0.419713 -1.20714 0.440126 1.70578 -1.55602 
-1.75233 2.07659 -2.58936 0.597773 0.302863 -1.16655 0.522129 1.46739 -1.58921 
-1.90334 2.12378 -2.5864 0.665859 0.196266 -1.07102 0.299916 1.33687 -1.6256 
-1.80585 1.94944 -2.60165 0.706616 0.233981 -1.0861 0.316575 1.275 -1.5416 
-1.85701 1.95491 -2.46663 0.704823 0.409657 -1.22168 0.398668 1.10347 -1.40268 
-1.64689 1.95239 -2.47388 0.703851 0.501621 -1.33736 0.427064 1.17656 -1.46674 
-1.51312 2.0071 -2.53162 0.723272 0.518087 -1.4027 0.45972 1.22185 -1.52006 
-1.42124 2.37578 -2.48845 0.764615 0.501037 -1.6156 0.561851 1.062 -1.50063 
-1.50351 2.44866 -2.57449 0.74431 0.507407 -1.53088 0.457004 0.918158 -1.67489 
-1.39702 2.53764 -2.67191 0.696456 0.484831 -1.50425 0.494186 1.05327 -1.64285 
-1.41603 2.57136 -2.90101 0.680148 0.404318 -1.43697 0.567341 0.981422 -1.52606 
-1.38411 2.71345 -3.02796 0.544488 0.35505 -1.41597 0.620569 0.982055 -1.55157 
-1.39151 2.65235 -3.03503 0.500769 0.347791 -1.33272 0.653788 0.966397 -1.53991 
-1.45916 2.76731 -3.07387 0.56068 0.325704 -1.29563 0.626653 0.893433 -1.54785 
-1.46973 2.63106 -2.95689 0.590721 0.329959 -1.28604 0.590988 0.98442 -1.56371 
-1.44273 2.63635 -2.90504 0.657096 0.216256 -1.36238 0.654759 0.850429 -1.8517 
-1.70208 2.65899 -2.95332 0.665918 0.164429 -1.45832 0.627665 0.742506 -1.65861 
-1.58544 2.59502 -3.07497 0.680302 0.21382 -1.41693 0.596614 0.648775 -1.57253 
-1.64303 2.55059 -3.02192 0.60331 0.267646 -1.42255 0.492202 0.581726 -1.6943 
-1.49502 2.68067 -2.97716 0.611118 0.179684 -1.26785 0.540867 0.685508 -1.6862 
-1.25604 2.61456 -3.06333 0.626151 0.313194 -1.35282 0.646219 0.785647 -1.64903 
-1.31152 2.59282 -2.975 0.613178 0.221387 -1.51165 0.920066 0.957808 -1.57579 
-1.44849 2.57204 -2.8109 0.588249 0.220144 -1.47476 0.858288 0.984164 -1.48181 
-1.42844 2.74214 -2.77626 0.605855 0.20418 -1.42948 0.918469 0.956153 -1.45963 
-1.3967 2.62588 -2.71422 0.532941 0.169525 -1.48767 0.883896 0.869598 -1.34781 
-1.63022 2.62784 -2.73207 0.484105 0.21821 -1.36539 0.877522 0.885156 -1.41874 
-1.82631 2.68691 -2.64337 0.434833 0.245059 -1.28049 0.889549 0.955121 -1.50093 
-1.97865 2.68296 -2.52798 0.409611 0.459332 -1.25654 0.873276 0.999466 -1.37616 
-1.93622 2.64204 -2.47561 0.594298 0.435953 -1.18977 0.874857 1.06946 -1.14262 
-1.99994 2.49076 -2.52428 0.624741 0.324439 -1.22416 0.850867 0.847554 -1.15643 
-1.92596 2.47918 -2.61347 0.546316 0.106217 -1.11527 0.784792 0.728429 -1.21329 
-1.88476 2.49424 -2.76631 0.402235 -0.092158 -1.00385 0.665482 0.637454 -1.33521 
-1.99828 2.43168 -2.52503 0.377927 -0.0416043 -0.988724 0.763713 0.641345 -1.52424 
-2.0763 2.53543 -2.30317 0.420257 0.114229 -1.08645 0.866059 0.705923 -1.52516 
-2.07696 2.68892 -2.46311 0.274705 0.0733831 -1.12622 0.915357 0.884688 -1.51938 
-2.01804 2.72645 -2.38457 0.347461 -0.00184663 -1.10949 0.788758 0.736882 -1.43373 
-2.20913 2.70281 -2.17353 0.303491 0.028397 -0.988448 0.90093 0.544827 -1.67341 
-2.30638 2.72386 -2.28855 0.294515 0.0808608 -1.02252 0.904437 0.572221 -1.65684 
-2.28699 2.80444 -2.12978 0.404065 0.0593501 -1.03269 0.902646 0.484578 -1.55858 
-2.08423 2.76972 -2.15109 0.390713 0.0328559 -1.11534 0.765673 0.447328 -1.41634 
-2.10995 2.68702 -2.26347 0.314695 0.0175013 -1.00292 0.798858 0.43674 -1.32852 
-2.1942 2.90695 -2.27422 0.302335 0.0297738 -0.919517 0.880056 0.553299 -1.36108 
-2.21872 3.03445 -2.01139 0.135334 0.312024 -0.997819 0.884885 0.492741 -1.59342 
-2.22831 2.96655 -2.11553 0.117952 0.243262 -1.06255 0.885943 0.341237 -1.56944 
