Mean 0 Mean 1 Mean 2 Mean 3 Mean 4 Mean 5 Mean 6 Mean 7 Mean 8 
3.06852 1.22866 1.13973 0.510397 1.54137 1.45715 0.0373433 0.774634 -3.00189 
2.8881 0.971044 1.00777 0.357963 1.89783 1.57858 0.0757117 0.734124 -2.63189 
0.870575 1.04561 1.32756 0.562879 1.61701 2.00907 -0.204699 0.619087 -2.9271 
-0.0347569 1.01735 1.45816 0.504166 1.56266 2.14848 -0.354499 0.624863 -2.98397 
-0.657427 0.996912 1.35078 0.571881 1.80682 1.9248 -0.0573461 0.305973 -2.87119 
-0.268886 1.0083 1.32609 0.292247 1.94849 1.69072 -0.0806534 0.419057 -3.18667 
-0.246643 1.24463 0.983508 0.295493 1.82586 1.50897 0.0424748 0.550024 -3.27058 
0.087891 1.27611 1.22715 0.509513 1.8292 1.52859 0.10577 0.415843 -3.25793 
-0.398134 0.98043 1.08052 0.522879 2.07294 1.43714 0.184926 0.432186 -3.08146 
-0.0325802 0.7426 1.1985 0.474194 1.8391 1.40771 0.134358 0.55025 -2.89942 
0.212137 1.06524 1.16476 0.536587 2.03002 1.37952 0.0799161 0.695231 -2.95847 
0.0806105 1.17735 0.966515 0.564187 1.93967 1.25915 0.140368 0.875179 -3.16085 
0.197999 1.55914 0.978019 0.608761 2.1566 1.16979 0.0960659 1.06824 -3.1697 
0.297636 1.78193 1.01587 0.594425 2.37555 1.06163 -0.00420003 1.13276 -3.16669 
0.366731 1.75471 0.819502 0.589304 2.37401 0.967955 0.137547 1.22165 -3.10664 
0.496511 1.64901 0.703863 0.615418 2.21052 0.957326 0.145448 1.23065 -3.04254 
0.52642 1.60597 0.580588 0.541349 2.08904 0.907486 0.115489 1.07621 -3.24421 
0.507393 1.87332 0.765545 0.451614 2.26231 0.975433 0.114467 0.954634 -3.36373 
0.399605 1.82772 0.707421 0.708469 2.03237 1.05188 0.0261661 0.911501 -3.20977 
0.256143 1.83271 0.817807 0.824907 2.0258 0.980651 -0.0837393 0.802286 -3.24061 
0.424182 1.65438 0.852657 0.545702 1.85762 0.718273 -0.149776 0.901266 -3.20756 
0.266141 1.73883 1.14893 0.514396 1.91266 0.686867 -0.266164 0.784201 -3.19535 
0.197334 1.72871 1.10952 0.548527 1.80539 0.727786 -0.444941 0.698933 -3.26718 
0.263662 1.74561 0.900272 0.493158 1.79737 0.764627 -0.265942 0.599683 -3.39361 
0.227589 1.72591 0.982187 0.509268 1.75815 0.8301 -0.365942 0.651511 -3.42832 
0.507247 1.66522 1.00129 0.414254 1.63652 0.628148 -0.296564 0.758807 -3.4229 
0.195729 1.65849 1.0091 0.468422 1.67585 0.602669 -0.399495 0.679632 -3.41475 
0.0377756 1.59489 0.960797 0.6292 1.74725 0.595623 -0.401738 0.605969 -3.41956 
0.000959769 1.76006 0.968765 0.455966 1.66976 0.756698 -0.243307 0.507481 -3.41939 
-0.0633325 1.62689 1.10289 0.244133 1.57303 0.906582 -0.255603 0.497566 -3.26781 
-0.166631 1.51227 1.18975 0.279138 1.72898 0.828679 -0.262881 0.453782 -3.29821 
-0.235485 1.63856 1.15634 0.151965 1.7118 0.753192 -0.180053 0.37068 -3.40426 
-0.219082 1.71477 1.01267 -0.0681146 1.68239 0.914091 -0.126655 0.170157 -3.32877 
-0.15956 1.75402 1.13922 -0.0610064 1.6381 0.927338 -0.337199 0.0931624 -3.27571 
-0.284475 1.82931 0.981478 -0.150132 1.7151 0.802266 -0.329344 0.445666 -3.35153 
-0.357974 1.87133 0.836111 -0.232323 1.78343 0.701381 -0.310643 0.65014 -3.43436 
-0.431247 2.04833 0.856221 -0.191752 1.82361 0.655304 -0.415959 0.341474 -3.54899 
-0.408952 1.87157 0.957323 0.16585 1.9103 0.49889 -0.355017 0.350573 -3.57827 
-0.217413 1.889 0.826162 0.306425 2.00667 0.531296 -0.247281 0.255875 -3.6364 
-0.231467 1.76168 1.00892 0.398335 1.80689 0.422336 -0.266385 0.262153 -3.85333 
-0.175101 1.7367 0.828986 0.418873 1.73923 0.450953 -0.293304 0.0481919 -3.81742 
-0.285542 1.69908 0.975165 0.429406 1.68423 0.387973 -0.284229 0.0316355 -3.77416 
-0.286967 1.80084 0.977466 0.410166 1.56058 0.433612 -0.160978 -0.0386325 -3.55185 
-0.237813 1.94936 0.946078 0.351314 1.70192 0.394814 -0.216031 -0.0455557 -3.47804 
-0.427074 1.95712 0.842924 0.322805 1.76886 0.319027 -0.415731 -0.168824 -3.51158 
-0.570396 1.95567 0.78575 0.26471 1.84199 0.246471 -0.566853 -0.331113 -3.46958 
-0.636152 1.94089 0.809936 0.291691 1.75152 0.377208 -0.482886 -0.338784 -3.40402 
-0.701517 1.99376 0.807091 0.427376 1.83098 0.178799 -0.458212 -0.446968 -3.27634 
-0.948261 1.88921 0.686843 0.565708 1.6393 0.12092 -0.396492 -0.484318 -3.47517 
-0.888333 2.13921 0.729882 0.558415 1.67559 0.00708267 -0.424699 -0.533259 -3.49648 
-0.955089 2.12639 0.692251 0.478474 1.6061 0.101945 -0.433705 -0.493239 -3.55868 
-0.810341 1.8863 0.695579 0.645721 1.60606 0.0985792 -0.250841 -0.662072 -3.5627 
-0.866514 1.921 0.711318 0.628701 1.54579 0.258738 -0.247485 -0.595404 -3.53997 
-0.799767 1.96586 0.535381 0.644628 1.43826 0.11122 -0.129644 -0.362732 -3.42697 
-0.745782 2.03945 0.687646 0.620139 1.50348 -0.0424031 -0.101744 -0.487212 -3.14544 
-0.618391 2.19238 0.682122 0.304366 1.55603 0.131876 -0.0317303 -0.333361 -3.05652 
-0.503046 2.14929 0.594058 0.393113 1.73903 0.112389 0.113494 -0.322618 -3.24422 
-0.308287 2.1193 0.478479 0.483261 1.73967 -0.00364739 -0.0441606 -0.302818 -3.36231 
-0.428294 2.10382 0.625933 0.516623 1.85429 -0.0580759 0.0233517 -0.480212 -3.25916 
-0.304204 2.09811 0.565249 0.692649 1.61395 -0.062614 -0.191041 -0.411575 -3.20385 
-0.279312 2.08852 0.4593 0.665046 1.57535 -0.0808665 -0.107065 -0.436155 -3.17263 
-0.395195 2.07194 0.404505 0.675318 1.60243 -0.0481415 -0.056601 -0.284152 -3.15322 
-0.195696 2.00873 0.331885 0.60436 1.59519 -0.0978616 -0.0467327 -0.227704 -3.14181 
-0.165549 2.13907 0.12868 0.542393 1.59168 -0.0961585 0.0826415 -0.276016 -3.23266 
-0.125471 2.3042 -0.0666762 0.407953 1.60364 -0.0637093 0.242569 -0.363658 -3.30082 
-0.0951509 2.21148 0.0211477 0.272777 1.80606 0.032083 0.30137 -0.392249 -3.43852 
-0.0175782 2.10533 0.0580987 0.365907 1.94185 0.0140946 0.310734 -0.270478 -3.3967 
0.078618 2.32298 0.296533 0.513038 1.89747 -0.140059 0.188641 -0.178423 -3.41036 
-0.0885999 2.39069 0.390823 0.524927 1.89393 -0.151585 0.0163911 -0.108245 -3.4156 
-0.106505 2.44905 0.322727 0.431438 1.6876 0.0713172 -0.0193059 0.0524265 -3.49676 
-0.0756593 2.48234 0.297867 0.482028 1.80577 -0.0585374 -0.0303429 -0.104831 -3.50086 
0.0572857 2.24836 0.251411 0.55014 1.65351 -0.00449973 0.107939 -0.198399 -3.40354 
0.0613378 2.33996 0.171836 0.286701 1.77579 -0.218945 0.278906 -0.363397 -3.17736 
-0.0170055 2.40821 0.15846 0.354705 1.8527 -0.249138 0.225621 -0.439698 -3.40238 
-0.0761562 2.46727 0.390719 0.306514 1.90959 -0.278301 0.0562505 -0.360285 -3.32236 
-0.0156802 2.36968 0.335366 0.298137 1.97713 -0.264074 -0.0554725 -0.337112 -3.24894 
-0.066765 2.40917 0.231647 0.36817 2.00921 -0.286667 -0.0848669 -0.317608 -3.23032 
-0.0163462 2.42199 0.402574 0.311421 1.98488 -0.317716 -0.251895 -0.262467 -3.22436 
-0.151846 2.4665 0.335077 0.225291 2.08056 -0.505834 -0.065794 -0.279292 -3.10209 
-0.120912 2.6191 0.379282 0.256082 2.03085 -0.432929 0.0230761 -0.304178 -3.08699 
-0.0827215 2.60728 0.402208 0.259685 2.15393 -0.386277 -0.116085 -0.319475 -3.14721 
0.0218823 2.4351 0.388677 0.343423 2.09801 -0.469332 -0.201576 -0.425558 -3.22607 
0.0197395 2.16539 0.153457 0.408615 2.13973 -0.379907 -0.182577 -0.357478 -3.09836 
0.0105299 2.13539 0.100223 0.343094 2.0037 -0.353292 -0.207425 -0.428615 -3.14941 
-0.0231333 2.22604 0.327647 0.301722 2.01691 -0.485821 -0.203057 -0.540033 -3.01863 
0.00498486 2.32586 0.37424 0.468833 1.82805 -0.52782 -0.275178 -0.450504 -3.07163 
-0.0544128 2.27501 0.328588 0.483298 1.80225 -0.498649 -0.193564 -0.631367 -3.13304 
0.127182 2.24662 0.204552 0.549807 1.88566 -0.406241 -0.202056 -0.593768 -3.05254 
0.0620629 2.37904 0.455007 0.52629 1.93906 -0.537125 -0.175682 -0.833478 -2.91427 
-0.137935 2.3499 0.659099 0.446767 1.95 -0.478936 -0.107024 -0.943533 -3.24065 
-0.0896977 2.23099 0.753552 0.615691 1.88594 -0.628917 -0.089381 -0.85185 -3.0779 
0.0426008 2.30104 0.681511 0.408399 1.96042 -0.53984 -0.0497465 -0.773506 -3.08025 
-0.0101286 2.26942 0.628193 0.434969 1.89976 -0.51399 -0.0812343 -0.934421 -3.18628 
-0.141225 2.49507 0.609427 0.309145 1.97309 -0.446294 -0.179027 -0.922745 -2.99908 
-0.351637 2.50852 0.755925 0.337817 1.9778 -0.622009 -0.0508866 -0.911006 -2.96917 
-0.303701 2.62746 0.685331 0.650719 2.04473 -0.570951 0.200682 -0.793015 -2.79915 
-0.267305 2.5979 0.607816 0.721622 2.12573 -0.681338 0.157392 -0.753637 -2.96078 
-0.0211672 2.63191 0.557778 0.835413 2.21907 -0.782101 0.0868597 -0.621024 -2.8618 
0.134401 2.63539 0.573303 0.923937 2.3167 -0.86579 -0.0286124 -0.529586 -2.81824 
-0.00151877 2.81077 0.750314 0.725886 2.26448 -0.860441 -0.171063 -0.584068 -2.88962 
