Mean 0 Mean 1 Mean 2 Mean 3 Mean 4 Mean 5 Mean 6 Mean 7 Mean 8 
0.521933 1.22972 2.14747 1.24895 -2.54658 -2.80339 -3.04051 -0.629275 2.08564 
0.636688 1.213 2.64038 1.39806 -1.91827 -2.32012 -3.02205 -0.263155 1.80322 
0.974991 1.24072 2.16521 1.57187 -1.86284 -2.76695 -2.88133 -0.143067 1.57699 
1.19227 1.45966 2.32614 1.56589 -1.94688 -2.68263 -3.16326 0.083348 1.84836 
1.2066 1.49621 1.82459 1.69957 -1.73833 -3.01214 -3.0786 0.271424 1.80682 
1.0441 1.37832 1.8801 1.72472 -1.77888 -3.16 -3.29897 0.343916 1.73752 
1.08357 1.33907 1.86889 1.7694 -1.82125 -3.22842 -3.30861 0.184842 1.76583 
0.69472 1.05285 1.75457 1.69571 -1.77798 -3.3808 -3.24995 0.0131318 1.86193 
0.517604 1.20931 1.88681 1.82521 -1.98952 -3.44023 -3.304 -0.183718 2.00172 
0.3238 1.4941 1.85491 1.7504 -1.80966 -3.29931 -3.2455 -0.304603 1.6025 
0.293704 1.33168 1.82111 1.8472 -2.15619 -3.29922 -3.21092 -0.481483 1.64765 
0.0335111 0.997979 1.72663 1.76896 -1.88236 -3.48167 -3.15276 -0.444864 1.78554 
-0.00673617 0.965115 1.78526 1.89487 -1.93032 -3.46328 -2.97551 -0.268736 1.74189 
-0.0334193 1.02987 1.59014 1.64614 -1.88251 -3.40804 -3.19914 -0.537565 1.98206 
0.0481198 1.23826 1.68205 1.54169 -1.87455 -3.50003 -3.42252 -0.528745 1.92349 
0.0722754 1.47384 1.90856 1.43099 -1.92024 -3.56427 -3.56044 -0.499376 1.91479 
0.16964 1.32765 1.91444 1.29614 -1.91186 -3.92505 -3.47006 -0.264499 1.64745 
0.216406 1.24042 1.71827 1.29712 -1.95223 -3.92274 -3.46179 -0.343293 1.50897 
0.391275 1.2598 1.76923 1.20426 -2.12938 -3.96482 -3.50545 -0.473319 1.51231 
0.337162 1.38864 1.79856 1.18587 -1.92865 -3.98955 -3.45653 -0.617678 1.44346 
0.39336 1.45064 1.80405 1.39352 -1.83943 -3.99528 -3.48422 -0.521332 1.62638 
0.304752 1.41395 1.7441 1.29255 -1.99466 -3.77614 -3.59108 -0.723191 1.47965 
0.283139 1.56792 2.00569 1.48668 -2.10373 -3.85084 -3.39342 -0.864188 1.47883 
0.0788458 1.77954 2.25777 1.37224 -2.11431 -3.9768 -3.47791 -0.856191 1.44242 
0.132271 1.62516 2.20803 1.50899 -2.0653 -3.87314 -3.47158 -0.939838 1.45936 
0.195104 1.66235 2.14792 1.43828 -2.10009 -4.0125 -3.58024 -0.769388 1.36329 
0.209947 1.60869 2.08807 1.53214 -2.24377 -3.97382 -3.83651 -0.58832 1.39134 
0.281448 1.8403 2.10198 1.66196 -2.16508 -4.16941 -3.61082 -0.750523 1.41686 
0.215811 1.84715 2.04182 1.67326 -2.08422 -4.16609 -3.59774 -0.853595 1.41292 
0.239294 1.76601 2.02616 1.70697 -2.06172 -4.169 -3.56922 -0.961066 1.41491 
0.318664 1.92082 1.89254 1.6397 -1.90023 -4.19216 -3.45751 -1.02765 1.28735 
0.371011 1.74079 1.89655 1.76016 -1.84386 -4.17458 -3.32656 -1.02765 1.34475 
0.416854 1.34871 1.74865 1.80274 -1.89712 -4.2106 -3.27807 -1.17302 1.34516 
0.272971 1.24875 1.6122 1.78264 -1.85527 -4.17409 -3.38712 -1.11849 1.3522 
0.16931 1.18375 1.60021 1.92927 -1.83133 -4.23184 -3.35004 -1.22237 1.32996 
0.15941 1.17003 1.60496 1.84955 -1.67864 -4.21987 -3.21308 -1.13429 1.47667 
0.206877 1.21156 1.74595 1.75927 -1.67947 -4.46312 -3.30461 -1.00215 1.31137 
0.108794 1.40178 1.75673 1.73486 -1.88574 -4.58952 -3.40257 -1.22988 1.27362 
0.299103 1.60616 1.70554 1.92008 -1.86291 -4.56271 -3.41152 -1.24732 1.33393 
0.23504 1.70139 1.46139 1.95757 -2.05071 -4.56167 -3.38349 -1.21851 1.4366 
0.175343 1.54587 1.63688 2.02448 -1.95565 -4.39528 -3.37466 -1.21794 1.22815 
0.161133 1.3704 1.59338 1.88508 -1.79505 -4.38943 -3.72558 -1.2647 1.37609 
0.211995 1.35444 1.56558 1.98827 -1.61213 -4.39266 -3.65234 -1.31919 1.22139 
0.0642074 1.4559 1.68526 2.22206 -1.62766 -4.542 -3.72253 -1.41209 1.30655 
0.0679184 1.50804 1.75909 2.10355 -1.64589 -4.60902 -3.82514 -1.17098 1.16651 
0.0726769 1.53464 1.79009 2.0018 -1.73867 -4.63755 -3.96631 -0.930671 1.01703 
0.127038 1.49786 1.63729 2.02343 -1.93312 -4.72589 -4.02857 -0.820933 1.19645 
0.167524 1.46166 1.63266 1.98024 -1.98166 -4.82744 -4.14813 -0.605445 1.24266 
0.31849 1.29688 1.71344 2.03081 -1.88481 -4.7849 -4.19208 -0.626029 1.55835 
0.463343 1.38522 1.59512 2.05403 -1.93056 -4.74557 -4.21336 -0.595256 1.6201 
0.429404 1.31467 1.4813 1.93393 -1.78612 -4.77714 -4.11644 -0.659613 1.59891 
0.2143 1.49396 1.5438 1.99874 -1.81274 -4.94908 -3.92409 -0.830564 1.57274 
0.308876 1.47038 1.35308 2.04529 -1.70075 -4.80446 -3.56794 -0.94634 1.49619 
0.307491 1.42827 1.18862 2.05088 -1.68032 -4.83026 -3.72234 -1.06074 1.5548 
0.447681 1.29762 1.09296 2.04771 -1.66527 -4.63901 -3.69159 -1.114 1.74158 
0.582897 1.22859 1.03192 2.06422 -1.62057 -4.48948 -3.61767 -1.11673 1.86464 
0.362498 1.24461 1.07483 2.04219 -1.61594 -4.40037 -3.54799 -1.22581 1.4963 
0.569012 1.16987 0.891532 2.06342 -1.44152 -4.30614 -3.44613 -1.19304 1.61722 
0.596397 1.28997 0.853825 2.15843 -1.46541 -4.28506 -3.28671 -1.12455 1.73499 
0.545088 1.37304 1.00666 2.20985 -1.45871 -4.34814 -3.21047 -1.09945 1.75683 
0.635107 1.39537 0.967785 2.18566 -1.49609 -4.33512 -3.32787 -0.988225 1.84846 
0.566331 1.34668 0.988365 2.264 -1.47225 -4.22704 -3.28883 -0.807218 1.73568 
0.473189 1.24463 0.924711 2.25651 -1.4529 -4.31252 -3.30487 -0.78225 1.74506 
0.45174 1.13208 0.821872 2.25189 -1.37915 -4.31375 -3.3969 -0.70579 1.73848 
0.486441 1.03719 0.738917 2.2812 -1.35506 -4.34491 -3.48784 -0.594903 1.72274 
0.669492 1.05907 0.762185 2.31632 -1.29156 -4.34847 -3.40141 -0.519852 1.73326 
0.835705 1.02177 0.615255 2.28246 -1.17778 -4.37238 -3.35907 -0.4854 1.9722 
0.855456 1.0597 0.596703 2.32581 -1.27428 -4.40438 -3.46113 -0.39843 2.12506 
0.99269 1.00551 0.528766 2.27194 -1.17839 -4.37692 -3.50247 -0.434422 2.31799 
1.15425 1.02706 0.536847 2.29071 -1.10388 -4.39735 -3.48969 -0.35456 2.2452 
1.05433 0.946784 0.483916 2.27561 -1.18725 -4.39345 -3.39343 -0.593158 2.15971 
0.981182 1.01517 0.433287 2.26122 -1.10171 -4.28785 -3.37911 -0.680049 1.99397 
1.05339 0.944999 0.370571 2.27434 -1.10213 -4.27789 -3.31423 -0.753607 2.01306 
1.08985 0.901852 0.3761 2.17682 -1.08158 -4.38326 -3.47746 -0.737406 1.98903 
1.11635 1.15104 0.573301 2.13354 -1.08766 -4.38561 -3.42542 -0.6631 2.09837 
1.0559 1.02548 0.549617 2.1281 -1.15549 -4.38057 -3.43006 -0.658525 2.0681 
1.1747 1.03124 0.472766 2.11924 -1.13699 -4.39542 -3.38456 -0.892379 2.01216 
1.12999 1.07836 0.372636 2.18793 -1.22889 -4.19307 -3.64595 -0.970362 2.03987 
1.08868 1.13494 0.332411 2.18918 -1.30449 -4.01424 -3.84736 -1.07024 2.15148 
1.01457 1.36383 0.322144 2.02495 -1.03014 -4.13502 -3.65912 -0.930159 2.40576 
0.911733 1.35916 0.434054 1.99784 -1.03446 -3.9904 -3.61979 -1.06221 2.46002 
1.045 1.51405 0.546678 1.85056 -0.979296 -4.15173 -3.68368 -1.21985 2.59332 
1.11901 1.3592 0.561864 1.89334 -1.00333 -4.20596 -3.77894 -1.15816 2.63459 
1.22114 1.27005 0.542046 1.89952 -1.0181 -4.2118 -3.90152 -1.11052 2.57969 
1.43779 1.09876 0.541392 1.86026 -1.1136 -4.22019 -4.01557 -1.07149 2.72081 
1.43131 1.12598 0.59348 1.84742 -1.06017 -4.333 -4.14145 -0.932654 2.5659 
1.48075 1.29395 0.632959 1.85262 -0.958761 -4.3066 -3.99109 -0.986943 2.514 
1.58825 1.27508 0.688643 1.84317 -0.992321 -4.28853 -3.93666 -1.03081 2.37316 
1.57586 1.31689 0.737321 1.84982 -0.902744 -4.27801 -3.98306 -1.0903 2.60874 
1.7295 1.48964 0.778876 1.80193 -0.885883 -4.2621 -4.06952 -1.02752 2.79795 
1.71162 1.43761 0.852705 1.91345 -0.803202 -4.27284 -4.13417 -1.19988 2.77465 
1.68275 1.49351 0.792297 1.6053 -0.840184 -4.1698 -3.97704 -1.09332 2.91102 
1.67368 1.38599 0.733715 1.62439 -0.826753 -4.18291 -3.80481 -1.21046 2.86312 
1.5665 1.4679 0.863462 1.70639 -0.823755 -4.41713 -3.83564 -1.05739 2.93432 
1.41867 1.7155 0.9414 1.67413 -0.789926 -4.43465 -3.93251 -1.02176 3.13328 
1.5004 1.67178 0.770005 1.67243 -0.903869 -4.45607 -4.10299 -0.8206 3.05784 
1.50756 1.61663 0.870886 1.76603 -0.761496 -4.37192 -4.14802 -0.885457 2.94543 
1.39676 1.66592 0.907456 1.69046 -0.615626 -4.35358 -4.19349 -0.966471 2.92231 
1.40644 1.54747 0.971994 1.71525 -0.520739 -4.18284 -4.23108 -1.01013 2.83505 
1.42469 1.60205 0.891021 1.81825 -0.492347 -4.19857 -4.26516 -1.12989 2.80617 
