Mean 0 Mean 1 Mean 2 Mean 3 Mean 4 Mean 5 Mean 6 Mean 7 Mean 8 
-3.05381 0.652736 2.11092 -0.268791 1.38931 1.06052 0.453016 2.53435 2.32002 
-3.16446 0.786302 1.88496 -0.43096 2.10931 0.996533 0.129558 2.19108 2.20263 
-3.41356 0.75462 1.70086 -0.302647 1.93556 0.739443 0.0845434 2.37577 2.30935 
-3.47153 0.561436 1.70625 -0.199212 1.77739 0.737929 0.034696 2.42487 2.40131 
-3.49753 0.403666 1.77183 -0.251383 1.70402 0.654309 0.0148991 2.23236 2.49366 
-3.50124 0.0031749 1.97284 -0.112078 1.47075 0.638158 0.13789 2.23126 2.34295 
-3.4643 0.360426 2.02408 -0.0247415 1.4654 0.569218 -0.0137625 2.45632 2.245 
-3.3313 0.440707 1.92503 -0.453997 1.63367 0.364578 -0.348328 2.17647 2.40207 
-3.43265 0.403816 1.82424 -0.37394 1.32741 0.534556 -0.289196 2.29092 2.44373 
-3.41775 0.56491 1.7357 -0.238127 1.25511 0.661714 -0.193867 2.23901 2.69137 
-3.32454 0.621453 1.75595 -0.341114 1.38324 0.571444 -0.157471 2.29297 2.65669 
-3.38296 0.689051 1.58993 -0.311061 1.35922 0.604061 -0.153422 2.50778 2.75755 
-3.34278 0.655201 1.6344 -0.529997 1.43935 0.790539 -0.100434 2.60381 2.56962 
-3.44253 0.579063 1.45177 -0.651038 1.55369 0.726172 -0.100958 2.55876 2.66718 
-3.39783 0.446337 1.47716 -0.56062 1.55124 0.854702 -0.0582422 2.39549 2.56577 
-3.40266 0.40106 1.57685 -0.547553 1.50288 0.561876 0.078914 2.58246 2.43588 
-3.55332 0.507646 1.66409 -0.611491 1.50609 0.706707 -0.0302755 2.38018 2.31892 
-3.5102 0.480494 1.67687 -0.757982 1.52264 0.309669 -0.0562123 2.6097 2.16139 
-3.66114 0.345885 1.57868 -0.603523 1.41299 0.417641 -0.0497128 2.74104 2.25399 
-3.55275 0.37472 1.68533 -0.713649 1.34269 0.537017 -0.0565548 2.4606 2.15381 
-3.5637 0.506554 1.53623 -0.786021 1.52856 0.464846 0.119154 2.44248 2.11048 
-3.61716 0.474411 1.45723 -0.821488 1.61325 0.303565 0.170019 2.36062 2.25157 
-3.64297 0.484128 1.45846 -0.772537 1.62047 0.540392 0.132727 2.44151 2.24736 
-3.73368 0.406233 1.48194 -0.692566 1.64938 0.446376 0.0710854 2.46973 2.33601 
-3.70948 0.307619 1.5877 -0.722635 1.6789 0.62535 0.0776182 2.5381 2.42773 
-3.55565 0.370999 1.62343 -0.717149 1.56559 0.681663 0.011938 2.25389 2.52579 
-3.71339 0.321697 1.64875 -0.688016 1.54073 0.763912 -0.0583591 2.28784 2.50426 
-3.76261 0.248944 1.50433 -0.681652 1.58379 0.749282 -0.127878 2.24429 2.35615 
-3.80894 0.400101 1.46934 -0.822878 1.77587 0.671362 0.0294583 2.09797 2.25204 
-3.61276 0.272075 1.51555 -0.794662 1.68024 0.708984 0.0370911 1.87749 2.2454 
-3.7595 0.214717 1.58669 -0.56471 1.74237 0.585022 -0.00504268 1.8645 2.06382 
-3.70832 0.236269 1.6137 -0.432849 1.62809 0.621601 -0.00245795 1.85671 2.09429 
-3.82199 0.431465 1.57218 -0.321901 1.68749 0.556747 0.146468 1.93806 2.06778 
-3.77127 0.559998 1.7235 -0.371029 1.73546 0.482024 0.120494 1.978 2.0212 
-3.70762 0.347204 1.73853 -0.330229 1.71415 0.471898 0.0415911 1.98459 1.97577 
-3.52429 0.50268 1.78471 -0.378677 1.73289 0.418762 0.00565643 2.22557 2.06663 
-3.36096 0.389758 1.85515 -0.374009 1.72803 0.321635 0.046194 2.16223 2.11165 
-3.38057 0.374906 1.85521 -0.451006 1.65244 0.511333 0.216429 2.1048 2.21817 
-3.35467 0.472719 1.73915 -0.655201 1.60147 0.605331 0.246392 1.86432 2.27435 
-3.39496 0.504031 1.80393 -0.656691 1.66482 0.554088 0.139338 2.10288 2.22626 
-3.22297 0.617231 1.80702 -0.606923 1.58917 0.579199 0.379726 2.07885 2.17592 
-3.2398 0.626089 1.70416 -0.588552 1.56614 0.632139 0.626302 2.04545 2.10641 
-3.37783 0.666021 1.64711 -0.547434 1.67547 0.579581 0.353401 1.93664 2.20696 
-3.53189 0.624958 1.72248 -0.479452 1.71524 0.51069 0.450092 1.8519 2.14346 
-3.31368 0.704476 1.74902 -0.423503 1.65945 0.547703 0.5342 1.7006 2.05329 
-3.30592 0.598829 1.86921 -0.445708 1.82753 0.515335 0.656324 1.81776 2.01615 
-3.35785 0.558817 1.80137 -0.403003 1.65192 0.513281 0.829747 1.69334 1.95654 
-3.32623 0.557464 1.70832 -0.325566 1.59016 0.434497 0.787397 1.65512 1.93022 
-3.1688 0.700828 1.77851 -0.288499 1.78861 0.311037 0.699732 1.65707 1.87453 
-3.18627 0.49812 1.68639 -0.198719 1.78732 0.414214 0.699829 1.67935 1.82268 
-3.3193 0.5185 1.67463 -0.171519 1.72877 0.480681 0.70717 1.66061 1.92335 
-3.18486 0.466457 1.49405 -0.164744 1.84442 0.63617 1.04071 1.6154 1.88072 
-3.05389 0.402769 1.32312 -0.15646 1.81284 0.661161 1.04998 1.53086 2.09014 
-3.0866 0.349402 1.32535 -0.13078 1.60603 0.929227 0.935409 1.71875 2.15818 
-3.15857 0.587489 1.36728 -0.0735482 1.79025 0.843888 0.926499 1.83963 2.25344 
-3.27036 0.526949 1.64596 -0.0783649 1.6654 0.723225 0.635177 1.76071 2.30736 
-3.33641 0.716456 1.46464 -0.214942 1.64422 0.689678 0.45566 1.66316 2.27713 
-3.24444 0.750223 1.52622 -0.150288 1.49157 0.64639 0.359104 1.73156 2.29914 
-3.32615 0.704645 1.64884 -0.216172 1.53216 0.524451 0.409288 1.66676 2.18237 
-3.27239 0.710626 1.57136 -0.191671 1.53453 0.524988 0.602521 1.66802 2.22159 
-3.41868 0.727806 1.57033 -0.139082 1.50455 0.51282 0.454113 1.7315 2.23198 
-3.3857 0.817348 1.69516 -0.087158 1.55265 0.388331 0.432193 1.85917 2.21259 
-3.49734 0.821843 1.70224 -0.0708428 1.56242 0.313202 0.323989 1.8652 2.34945 
-3.60325 0.876813 1.7143 -0.0616842 1.52407 0.352286 0.333148 1.84713 2.43412 
-3.61673 0.95488 1.63174 -0.221744 1.55104 0.426947 0.134241 1.81401 2.29957 
-3.45155 0.860448 1.68777 0.0210113 1.52624 0.392717 0.136464 1.64402 2.29734 
-3.51397 0.773522 1.69423 0.00521435 1.50194 0.360313 0.145995 1.63 2.47285 
-3.63816 0.961796 1.48026 0.00920362 1.5301 0.359739 0.0731823 1.80946 2.49803 
-3.62795 0.885617 1.43262 0.0336542 1.44158 0.49021 0.0117948 1.84877 2.42381 
-3.58918 0.832056 1.50131 0.11547 1.49055 0.362821 0.144285 1.8168 2.37422 
-3.58942 0.85697 1.29848 0.23305 1.43237 0.357881 0.23629 1.75858 2.43095 
-3.56428 0.815951 1.33993 0.0490289 1.4975 0.503709 0.24873 1.8463 2.45112 
-3.47823 0.727837 1.33625 0.0704037 1.40989 0.480268 -0.00878458 1.79259 2.4458 
-3.4317 0.864035 1.26543 -0.121287 1.48025 0.300242 0.212238 1.6032 2.59054 
-3.37598 0.839003 1.19807 -0.0605768 1.43918 0.248563 0.238244 1.58801 2.65826 
-3.24679 0.973995 1.25572 -0.0521072 1.35181 0.420512 0.28768 1.65901 2.62472 
-3.20647 0.941179 1.29162 -0.0644132 1.50927 0.41471 0.159426 1.66848 2.72579 
-3.26161 0.888974 1.11422 0.0310437 1.43598 0.383905 0.265377 1.4821 2.56192 
-3.30187 0.894723 1.1341 -0.0315429 1.37277 0.655652 0.348419 1.38017 2.60461 
-3.3435 0.854464 1.23265 0.0996921 1.34559 0.397817 0.295372 1.53488 2.51459 
-3.55416 0.863454 1.29659 0.034287 1.48784 0.545483 0.320224 1.50914 2.52395 
-3.62722 0.919432 1.39031 0.0314104 1.64472 0.54709 0.2991 1.56351 2.60559 
-3.46618 1.10579 1.42984 -0.157566 1.70889 0.441246 0.28885 1.36318 2.76948 
-3.38604 1.10507 1.48516 -0.243813 1.87289 0.514612 0.275791 1.29993 2.61428 
-3.32213 1.17315 1.35219 -0.118785 1.77772 0.514305 0.27256 1.27039 2.69604 
-3.29983 1.09799 1.39152 -0.196751 1.75355 0.649041 0.192014 1.43099 2.78448 
-3.19996 1.11281 1.3309 -0.123005 1.74202 0.583656 0.132472 1.54383 2.93076 
-3.27465 1.12518 1.35468 -0.0670911 1.66499 0.639461 -0.0313079 1.62088 2.85307 
-3.25257 1.20495 1.40172 -0.0468136 1.47501 0.726241 -0.0792332 1.68525 2.84685 
-3.12232 1.29713 1.30088 0.117548 1.40018 0.797402 -0.0964303 1.69179 2.83879 
-3.00002 1.39023 1.24294 0.23751 1.37267 0.963757 -0.121672 1.69623 2.83281 
-2.98219 1.32356 1.15923 0.0380655 1.26674 0.871465 -0.159273 1.59272 2.7018 
-3.05298 1.27184 1.15004 0.0579586 1.23931 0.855993 -0.157267 1.41272 2.60589 
-3.14167 1.44541 1.13127 0.132206 1.07889 0.957998 0.0072858 1.63194 2.58948 
-3.12424 1.42422 0.970909 0.157979 1.06577 0.830108 0.106251 1.68736 2.45773 
-3.25101 1.58318 1.13299 0.0807249 1.12277 0.68382 0.147961 1.4595 2.53126 
-3.15703 1.60069 1.06883 0.168971 1.24359 0.86781 -0.0331991 1.68225 2.60536 
-3.18044 1.6362 1.07533 0.158829 1.28778 0.763457 0.081942 1.55258 2.67886 
-3.16505 1.45502 1.13627 0.164333 1.46806 0.734089 0.31505 1.68917 2.58678 
-3.06149 1.56856 1.1521 0.153675 1.43376 0.656107 0.3934 1.65956 2.53515 
