Mean 0 Mean 1 Mean 2 Mean 3 Mean 4 Mean 5 Mean 6 Mean 7 Mean 8 
-1.44837 1.07908 -1.94475 -0.0498184 1.77016 -2.1489 0.00482662 -1.70881 -3.12055 
-1.29994 1.07739 -1.96705 0.154326 1.82653 -2.34261 -0.133737 -1.9433 -3.09218 
-1.11176 0.923952 -1.85653 -0.0176118 2.01647 -2.31311 -0.361256 -1.87545 -2.67743 
-1.39818 0.874206 -1.47751 0.110569 2.15786 -2.08563 -0.064185 -1.8465 -1.17731 
-1.48659 1.15919 -1.70878 0.221381 2.1728 -2.03651 -0.24637 -1.88906 -1.45844 
-1.40396 1.00561 -1.99684 0.143735 2.0585 -2.01208 -0.247785 -1.87079 -1.05274 
-1.52286 0.70713 -1.97872 0.43239 1.75335 -2.06412 -0.247447 -1.84521 -0.680299 
-1.50505 1.10822 -1.88489 0.299605 1.42538 -2.19271 -0.131189 -2.09063 -1.13411 
-1.60352 1.40434 -1.83019 0.043936 1.4409 -2.24728 -0.166412 -2.20278 -1.23049 
-1.62903 1.26665 -1.52609 0.0368559 1.39332 -2.13036 -0.120198 -2.19761 -1.54496 
-1.66797 1.08433 -1.58169 0.118938 1.20211 -2.3577 0.0741826 -2.16869 -1.21803 
-1.65782 0.969435 -1.65792 0.456148 0.974 -2.31432 0.0271506 -2.21126 -1.15382 
-1.60787 0.799184 -1.75197 0.40631 1.17736 -2.06774 -0.0287292 -2.22709 -1.27603 
-1.59382 0.867417 -1.83773 0.202644 1.19333 -2.10415 0.120471 -2.0811 -1.45302 
-1.56843 0.824969 -1.9071 0.1328 1.38846 -1.97547 0.0950305 -1.96158 -1.37224 
-1.59053 0.848137 -1.91547 0.0876025 1.45285 -1.98224 0.171081 -1.85057 -1.29878 
-1.66714 0.890506 -1.957 0.169933 1.57787 -1.99891 0.347648 -1.78687 -1.34634 
-1.72655 1.01516 -1.97436 0.394455 1.50023 -1.82055 0.343141 -1.81104 -1.38734 
-1.7473 1.12158 -2.01082 0.166423 1.31756 -1.95409 0.529987 -1.8582 -1.64051 
-1.86574 1.20056 -1.98173 0.12739 1.1978 -1.87644 0.25735 -2.03015 -1.68321 
-1.95138 1.27717 -1.94399 0.113795 1.05486 -1.87048 -0.0345884 -2.17233 -1.73115 
-1.92616 1.29271 -1.98239 0.147245 0.922627 -1.89678 -0.264405 -2.24974 -1.79683 
-2.00828 1.4308 -1.91622 0.052547 0.978756 -1.95605 -0.288597 -2.17113 -1.81197 
-1.99928 1.48768 -1.80723 0.151643 0.873777 -1.98449 -0.130381 -2.34086 -1.8825 
-1.87064 1.46949 -1.81927 0.0587899 0.827645 -2.02298 -0.165633 -2.13983 -1.78766 
-1.96839 1.52556 -1.85021 0.069737 0.742641 -2.02693 -0.251996 -2.0446 -1.93898 
-2.03878 1.63574 -2.0412 -0.080357 0.728933 -2.06535 -0.112401 -1.89875 -2.0239 
-2.09456 1.56001 -2.07944 -0.0315621 0.830697 -2.04342 -0.111909 -1.90288 -1.90536 
-1.96619 1.64738 -1.9951 0.0594965 0.931671 -2.10412 -0.0811292 -2.03068 -1.69986 
-1.91979 1.54591 -1.98535 -0.0212738 1.04027 -2.20288 -0.0616723 -1.95165 -1.66068 
-1.86175 1.42401 -2.11592 0.100753 1.09876 -2.22183 0.10291 -1.9331 -1.56418 
-1.63394 1.53605 -2.19132 0.277501 1.24315 -2.2289 0.289607 -2.07201 -1.6131 
-1.64028 1.67786 -2.16241 0.116779 1.25197 -2.23416 0.334136 -2.12707 -1.59623 
-1.77244 1.51581 -1.96407 -0.0589614 1.15689 -2.19532 0.236702 -2.24938 -1.55498 
-1.76548 1.56805 -1.92423 -0.101162 1.05375 -2.22983 0.363552 -2.30829 -1.66459 
-1.73892 1.5505 -1.89202 -0.155343 1.09264 -2.21814 0.300574 -2.14977 -1.52792 
-1.62813 1.69407 -1.85209 -0.281366 1.13427 -2.27117 0.37347 -2.07065 -1.51387 
-1.63846 1.88611 -1.74661 -0.362275 1.11293 -2.41331 0.310143 -1.92403 -1.53495 
-1.64531 1.8788 -1.9031 -0.533119 1.15842 -2.3956 0.486945 -1.89966 -1.6341 
-1.65645 1.85676 -1.9019 -0.496951 1.2187 -2.43235 0.492346 -1.88915 -1.44652 
-1.61681 1.86459 -1.96726 -0.279455 1.13331 -2.25306 0.565561 -1.96879 -1.44865 
-1.45563 1.75272 -1.79836 -0.21907 1.06141 -2.35023 0.555621 -1.93049 -1.36822 
-1.34109 1.71576 -1.66002 -0.151671 0.965384 -2.31839 0.559403 -1.88711 -1.30128 
-1.42325 1.6899 -1.74202 -0.0919808 0.864424 -2.2783 0.645351 -1.88025 -1.31192 
-1.52606 1.66249 -1.87007 -0.0628541 0.980231 -2.13983 0.725048 -1.87164 -1.15297 
-1.54402 1.68933 -1.83758 -0.145523 0.915077 -2.20592 0.516775 -1.66182 -1.35693 
-1.58933 1.65126 -1.89486 -0.0868403 0.770349 -2.21509 0.715442 -1.83675 -1.44567 
-1.44433 1.46438 -1.84585 -0.0830434 0.914061 -2.20167 0.612001 -2.00154 -1.67286 
-1.3455 1.52522 -1.87943 -0.134703 0.897408 -1.97198 0.572234 -1.94336 -1.5751 
-1.28256 1.45723 -1.79414 -0.264284 1.08723 -2.1046 0.655141 -1.91308 -1.67506 
-1.39291 1.5015 -1.71519 -0.0136149 1.19062 -2.05474 0.585771 -2.0524 -1.66026 
-1.20887 1.41241 -1.71939 -0.0281867 1.10581 -1.88238 0.554681 -2.08049 -1.69152 
-1.15576 1.5056 -1.64172 -0.0311322 1.13385 -1.95684 0.655758 -2.16666 -1.66005 
-1.19157 1.55252 -1.543 -0.031128 1.15496 -1.86085 0.703965 -2.1257 -1.47535 
-1.32454 1.57716 -1.49477 -0.1045 0.986811 -1.82342 0.352442 -2.12171 -1.49249 
-1.38797 1.55914 -1.49306 -0.133872 1.05607 -1.9256 0.305514 -2.15628 -1.53331 
-1.30963 1.59785 -1.44086 -0.061151 0.842493 -1.95142 0.351151 -2.25946 -1.62348 
-1.29878 1.51396 -1.54556 0.0605393 0.749092 -1.81016 0.403148 -2.1754 -1.51849 
-1.23508 1.61866 -1.52137 0.0468109 0.664888 -1.68575 0.528526 -2.21057 -1.55407 
-1.31835 1.69277 -1.53402 0.129062 0.808407 -1.73955 0.572921 -2.10388 -1.6486 
-1.3702 1.5997 -1.55729 0.166928 0.915396 -1.59472 0.636641 -2.00303 -1.66464 
-1.49687 1.47235 -1.59018 0.144761 0.804402 -1.74026 0.613438 -2.01969 -1.59968 
-1.65042 1.30477 -1.64038 0.0961068 0.834691 -1.84678 0.555517 -2.01301 -1.43564 
-1.5747 1.28297 -1.53334 0.130332 0.840841 -1.80369 0.499826 -2.08732 -1.34827 
-1.50538 1.38869 -1.62555 -0.0543278 0.871736 -1.94051 0.474983 -2.18591 -1.24227 
-1.60701 1.54267 -1.67806 0.0268674 0.756161 -2.03949 0.452457 -2.14423 -1.36909 
-1.57539 1.43399 -1.74559 -0.0684425 0.777046 -2.05539 0.507695 -2.06721 -1.41927 
-1.69998 1.63641 -1.94301 -0.0369639 0.807114 -2.05714 0.404221 -1.90574 -1.3767 
-1.64535 1.72647 -2.03524 -0.045462 0.737006 -1.98878 0.371859 -1.77445 -1.38543 
-1.54655 1.70609 -2.12368 0.032083 0.871728 -1.83246 0.367215 -1.69269 -1.36624 
-1.47267 1.62574 -2.1264 0.0303428 0.920253 -1.88631 0.375466 -1.65608 -1.2424 
-1.65098 1.74673 -2.17595 0.206857 0.919709 -1.87724 0.370661 -1.54889 -1.40517 
-1.75245 1.79716 -2.18143 0.28802 0.741618 -1.82581 0.263899 -1.48097 -1.19259 
-1.53902 1.92546 -2.13916 0.262939 0.652185 -1.88166 0.425652 -1.49389 -1.28037 
-1.3213 1.99096 -2.16042 0.31463 0.680185 -1.90598 0.113216 -1.62729 -1.19705 
-1.37225 1.83522 -2.17396 0.278552 0.647788 -1.9017 0.138667 -1.64165 -1.22681 
-1.40342 1.83479 -2.04611 0.311645 0.562281 -1.86571 0.165249 -1.59959 -1.219 
-1.47769 1.97682 -1.90054 0.316757 0.469715 -1.76625 0.174835 -1.59333 -1.09677 
-1.58815 2.00922 -1.96638 0.204273 0.609911 -1.98745 0.351935 -1.62251 -0.992072 
-1.47823 1.94024 -1.9368 0.240922 0.630057 -1.96593 0.396383 -1.72608 -0.903622 
-1.45885 1.87227 -2.01291 0.303899 0.558911 -2.01456 0.468098 -1.97668 -0.923215 
-1.42632 1.9554 -1.96229 0.20995 0.574816 -2.01633 0.505513 -2.03371 -1.04428 
-1.20838 1.79983 -1.9493 0.179104 0.492406 -2.01507 0.346315 -2.00076 -0.994436 
-1.03623 1.6857 -1.95679 0.180651 0.466255 -1.99402 0.326301 -1.99335 -0.931113 
-1.26317 1.71426 -1.78273 0.172566 0.439506 -2.2223 0.3041 -1.82752 -0.861382 
-1.37265 1.57459 -1.81702 0.205541 0.360388 -2.2136 0.299287 -2.02988 -0.864335 
-1.28863 1.64259 -1.79516 0.15161 0.36323 -2.18342 0.413808 -2.09905 -0.843635 
-1.16317 1.65778 -1.85075 0.110261 0.254288 -2.0933 0.305364 -1.97426 -0.802729 
-1.38341 1.62443 -1.85966 0.0153007 0.157613 -2.02834 0.188572 -2.06074 -0.872189 
-1.39602 1.57106 -1.89978 -0.0713982 0.184104 -2.0259 0.378379 -2.17647 -0.922369 
-1.39632 1.5656 -1.92817 -0.0465054 0.133074 -2.04446 0.297589 -2.16147 -0.872533 
-1.28973 1.62226 -1.80658 0.0849163 0.228689 -1.76655 0.292921 -2.30032 -0.917445 
-1.33836 1.59812 -1.84236 0.112193 0.193994 -1.77779 0.271454 -2.44803 -1.02023 
-1.45265 1.45703 -1.85052 0.149954 0.42311 -1.81626 0.194718 -2.5079 -1.05235 
-1.62926 1.56825 -1.84237 0.11058 0.335926 -1.78759 0.170957 -2.35088 -1.02329 
-1.81196 1.70864 -1.9128 0.192235 0.405923 -2.01055 0.377726 -2.25374 -1.05245 
-1.87772 1.75515 -1.84883 0.149334 0.362648 -2.06882 0.51286 -2.40059 -0.90761 
-1.88371 1.71947 -1.71686 0.200748 0.327363 -1.87133 0.500788 -2.31258 -0.874512 
-1.85443 1.66044 -1.75585 0.235728 0.240928 -1.97477 0.479187 -2.47334 -0.927789 
-1.7039 1.6555 -1.92026 0.251438 0.209075 -1.97913 0.351158 -2.30504 -0.901039 
