Mean 0 Mean 1 Mean 2 Mean 3 Mean 4 Mean 5 Mean 6 Mean 7 Mean 8 
3.1114 -2.4883 1.7315 -0.0972988 -0.312801 -1.584 0.346101 -2.1917 -2.1966 
2.90189 -2.7016 1.91595 0.0606033 -0.167481 -1.0009 0.478979 -2.36329 -1.77926 
2.91592 -2.25571 1.27686 -0.0643396 -0.018817 -1.44768 0.285743 -2.42112 -1.84733 
2.95683 -2.39027 1.32384 0.014184 -0.193117 -1.64312 0.0867869 -2.02834 -2.11782 
2.92123 -2.3304 1.33148 0.0675301 -0.292766 -1.91464 0.171224 -2.26323 -1.98382 
3.10352 -2.48242 1.17439 0.0954608 -0.197773 -1.86888 0.235483 -2.46061 -2.04876 
2.95759 -2.67766 1.05039 0.024859 -0.222768 -1.99428 0.265496 -2.52684 -2.00357 
2.70946 -2.68883 0.849875 -0.00854801 -0.122785 -1.99196 0.294675 -2.62337 -1.83934 
2.69368 -2.65806 0.622011 -0.0437833 -0.144668 -2.01276 0.091777 -2.47007 -1.82228 
2.72538 -2.46852 0.633513 0.0908023 -0.292446 -1.86247 0.146553 -2.53212 -1.57365 
2.38969 -2.53437 0.697117 0.146495 -0.287707 -1.92207 0.0398451 -2.4731 -1.80516 
2.64385 -2.60699 0.63099 0.111002 -0.405231 -1.90227 0.224221 -2.38717 -1.63126 
2.58277 -2.51419 0.553697 -0.154937 -0.386538 -1.68366 0.272921 -2.36218 -1.809 
2.51339 -2.4785 0.412658 -0.349758 -0.302324 -1.6836 0.0692579 -2.631 -1.59141 
2.45582 -2.4962 0.261183 -0.242629 -0.476367 -1.59013 -0.163463 -2.44394 -1.66692 
2.41349 -2.4168 0.206765 -0.162303 -0.398799 -1.51159 -0.0912847 -2.43173 -1.8746 
2.43751 -2.4253 0.129392 -0.218076 -0.487599 -1.63279 -0.076772 -2.54102 -2.07696 
2.26225 -2.30421 0.179477 0.0471601 -0.564274 -1.44219 -0.0083474 -2.52883 -2.19453 
2.17736 -2.17181 0.423423 -0.0883083 -0.415608 -1.59103 -0.0897896 -2.47257 -2.21366 
2.19559 -2.30492 0.47351 0.0113434 -0.346387 -1.45598 -0.0961082 -2.48911 -2.20377 
2.16412 -2.32722 0.611628 -0.195443 -0.372176 -1.50838 -0.0118969 -2.32588 -2.08931 
2.10119 -2.40868 0.574458 -0.208592 -0.360781 -1.4001 0.0761358 -2.38344 -2.06631 
2.02687 -2.49698 0.616005 -0.148216 -0.347993 -1.50033 0.0205639 -2.31741 -2.00616 
1.96642 -2.56879 0.62755 -0.0910895 -0.302096 -1.60743 -0.0245632 -2.30489 -1.92434 
1.87081 -2.34486 0.620753 -0.167119 -0.281781 -1.44599 0.0444398 -2.1964 -1.74295 
2.02468 -2.36058 0.529381 -0.130342 -0.426591 -1.58016 0.0164776 -2.10085 -1.91711 
2.00127 -2.22021 0.604476 -0.0353702 -0.445027 -1.69991 0.193103 -2.22813 -1.92206 
2.00378 -2.3471 0.506972 0.031244 -0.387724 -1.63447 0.235442 -2.16125 -1.76506 
2.08946 -2.42931 0.554479 0.198124 -0.342291 -1.45857 0.416147 -2.22059 -1.58278 
2.08786 -2.47272 0.554079 0.228133 -0.324785 -1.51063 0.397947 -2.3541 -1.63027 
2.12072 -2.48783 0.475465 0.394561 -0.38366 -1.31255 0.455022 -2.63973 -1.75644 
2.24294 -2.4721 0.480514 0.290949 -0.354515 -1.42674 0.273094 -2.67003 -2.04115 
2.06696 -2.46848 0.453975 0.352132 -0.284423 -1.11801 0.360381 -2.60231 -2.19915 
2.01385 -2.55429 0.51458 0.427715 -0.327142 -1.22459 0.324346 -2.60701 -2.16954 
1.97969 -2.46968 0.475127 0.34697 -0.324025 -1.26531 0.298217 -2.82436 -2.16544 
2.06225 -2.28332 0.501567 0.298256 -0.295516 -1.31129 0.230096 -2.74655 -2.12996 
2.00184 -2.38417 0.438238 0.353312 -0.35429 -1.19055 0.367539 -2.6929 -2.03447 
1.9707 -2.41217 0.343728 0.391725 -0.135078 -1.31326 0.43176 -2.60774 -1.97543 
1.98305 -2.50931 0.401667 0.403444 -0.149574 -1.4211 0.306015 -2.63017 -2.00272 
2.0001 -2.49288 0.419919 0.363271 -0.0993029 -1.48052 0.338403 -2.58087 -1.80436 
1.96652 -2.45113 0.399702 0.241483 -0.09711 -1.35071 0.393021 -2.69744 -1.77913 
1.79909 -2.33884 0.32851 0.273129 -0.0647434 -1.42458 0.183634 -2.846 -1.71185 
1.70285 -2.19726 0.477454 0.21576 0.0422866 -1.37442 0.197407 -2.96643 -1.8254 
1.74406 -2.2406 0.449805 0.266751 0.0645629 -1.42487 0.194738 -3.14066 -1.73565 
1.78128 -2.1126 0.432591 0.281172 0.0726522 -1.45859 0.25462 -3.10271 -1.91764 
1.77807 -2.08018 0.487164 0.184164 0.055916 -1.5395 0.432375 -3.27614 -2.04735 
1.88416 -2.36419 0.49414 0.215769 0.0849075 -1.48988 0.416938 -3.3155 -2.17315 
2.07698 -2.48878 0.268161 0.255873 0.0823064 -1.38138 0.395603 -3.33872 -2.03931 
2.24013 -2.63823 0.362354 0.345915 0.0273023 -1.23582 0.357313 -3.4379 -2.18661 
2.40036 -2.7565 0.394995 0.274007 0.05243 -1.3096 0.350322 -3.58321 -2.44104 
2.48764 -2.64046 0.248403 0.344051 -0.0149393 -1.36978 0.30258 -3.46538 -2.32513 
2.37894 -2.55674 0.216917 0.27814 0.0184653 -1.41975 0.188811 -3.57182 -2.21277 
2.30839 -2.50438 0.23105 0.252301 -0.00310205 -1.57868 0.00496112 -3.54684 -2.15388 
2.24246 -2.42389 0.285765 0.155183 -0.0562714 -1.71094 -0.124136 -3.53657 -2.04524 
2.387 -2.56542 0.151971 0.172565 -0.026015 -1.52058 -0.0518973 -3.5728 -1.8391 
2.43051 -2.48882 0.137904 0.0841156 0.0334098 -1.59848 0.0371324 -3.50831 -1.88169 
2.37984 -2.6407 0.108057 0.159443 -0.0726668 -1.61027 -0.101602 -3.58962 -1.92456 
2.45114 -2.87544 0.0619199 0.267541 -0.0457857 -1.7187 -0.116551 -3.65523 -1.96563 
2.31148 -2.83713 0.164516 0.234588 0.0790421 -1.7044 -0.0334216 -3.38189 -1.90464 
2.15167 -2.76999 0.216202 0.209374 -0.0601945 -1.58129 -0.0942006 -3.59235 -1.91857 
2.03553 -2.7442 0.27569 0.20371 -0.210297 -1.47252 -0.0454466 -3.86103 -1.93789 
2.04734 -2.69553 0.25487 0.242852 -0.135571 -1.53036 -0.00883141 -3.7405 -1.88482 
2.02218 -2.71451 0.308462 0.304139 -0.252996 -1.48235 0.0781714 -3.74769 -1.91395 
1.92999 -2.70293 0.259394 0.348776 -0.106382 -1.43401 0.123318 -3.74357 -2.0664 
2.0759 -2.72449 0.338208 0.186247 0.0347952 -1.37188 0.211367 -3.74693 -2.23363 
2.03604 -2.75378 0.185018 0.242657 -0.00130997 -1.41764 0.0894314 -3.73208 -2.0344 
2.02986 -2.72893 0.156014 0.234175 0.0368084 -1.33657 0.10375 -3.77617 -2.0697 
2.19481 -2.59889 0.142273 0.114463 -0.0535883 -1.39876 0.220486 -3.66582 -2.06213 
2.19249 -2.52045 0.0546795 0.117025 -0.164214 -1.28925 0.260529 -3.51126 -2.07871 
2.21485 -2.53328 0.0142769 0.162957 -0.126843 -1.16472 0.159404 -3.5034 -2.12669 
2.2263 -2.6386 -0.0347075 0.141371 -0.14462 -1.05961 0.210137 -3.57835 -2.1119 
2.25392 -2.77188 -0.139992 0.157289 -0.112536 -1.02967 0.260856 -3.63293 -2.07416 
2.34514 -2.84822 -0.211528 0.181769 -0.0808542 -1.03518 0.333061 -3.69711 -2.03109 
2.27138 -2.74835 -0.266543 0.194227 -0.066757 -1.02262 0.433 -3.74461 -2.04713 
2.21641 -2.66941 -0.539661 0.272382 -0.103118 -0.911397 0.385651 -3.82594 -1.95435 
2.12096 -2.67407 -0.476768 0.178774 -0.18594 -0.948773 0.368994 -3.8697 -1.77669 
2.26357 -2.53017 -0.409483 0.241864 -0.205638 -0.879572 0.357154 -3.88964 -1.72417 
2.27559 -2.55217 -0.212717 0.217184 -0.181258 -0.740947 0.219152 -3.81049 -1.84172 
2.26871 -2.60894 -0.101167 0.276394 -0.265601 -0.74178 -0.0478033 -3.9161 -1.78044 
2.29468 -2.62179 -0.0541473 0.176411 -0.0911592 -0.711676 -0.194449 -3.91252 -1.78084 
2.31873 -2.89671 -0.178439 0.228892 -0.00755335 -0.676274 -0.149094 -3.92015 -1.70163 
2.2776 -2.90049 -0.193813 0.269299 0.0448824 -0.897452 0.214407 -3.7931 -1.71384 
2.23213 -2.91942 -0.208574 0.392363 -0.00678754 -0.78417 0.23913 -3.97557 -1.65325 
2.18638 -2.80118 -0.161797 0.258844 -0.0265857 -0.862509 0.262542 -4.04516 -1.72033 
2.17653 -2.7208 0.0537596 0.204265 -0.0102893 -1.02429 0.231656 -4.13221 -1.5943 
2.08328 -2.87045 0.0200345 0.250422 -0.117799 -1.04718 0.217849 -4.32615 -1.5967 
1.91872 -2.89644 0.0759646 0.149137 0.0195105 -0.979881 0.0609879 -4.34922 -1.67211 
1.89926 -2.86595 0.0831619 0.211383 -0.0544063 -0.918887 -0.118283 -4.22208 -1.71978 
1.78262 -2.92113 0.104537 0.177571 0.0901507 -0.921302 -0.0520657 -4.21948 -1.79882 
1.92973 -2.87177 0.173007 0.129074 0.0118894 -1.05174 0.0695246 -4.33216 -1.81408 
1.77679 -2.78874 0.17885 -0.196208 -0.123763 -1.02265 0.366285 -4.5199 -1.77084 
1.84993 -2.80604 0.0426422 -0.194665 -0.163716 -1.15744 0.245878 -4.46939 -1.7538 
1.71177 -2.78615 0.0487179 -0.153071 -0.169536 -1.11165 0.275032 -4.43156 -1.87513 
1.78149 -2.63576 -0.0833254 0.202813 -0.160099 -1.00995 0.45046 -4.31189 -1.57755 
1.85901 -2.62719 -0.0635599 0.114221 -0.155291 -1.0343 0.471763 -4.34154 -1.5727 
1.95166 -2.64877 -0.142433 0.0872771 -0.181195 -0.917467 0.48001 -4.34779 -1.51285 
1.722 -2.55852 -0.330197 0.117311 -0.11801 -0.956437 0.527357 -4.49997 -1.43466 
1.68196 -2.72829 -0.261619 0.0105566 -0.107152 -0.897434 0.502614 -4.66579 -1.61168 
1.4761 -2.75001 -0.253676 0.0684476 -0.23703 -1.01127 0.55958 -4.52883 -1.63404 
1.41142 -2.84755 -0.296055 0.0663722 -0.216017 -0.882911 0.409155 -4.5449 -1.45369 
