Mean 0 Mean 1 Mean 2 Mean 3 Mean 4 Mean 5 Mean 6 Mean 7 Mean 8 
1.80046 1.97461 -0.157233 2.78277 -0.260051 2.3483 1.22272 -1.43273 2.48044 
1.6573 1.99525 -0.550178 2.70815 -0.262227 1.76186 1.41176 -1.22427 2.48929 
1.59232 1.84992 -0.4271 2.53367 -0.329353 2.23091 1.54772 -1.30061 2.3062 
1.36859 1.92151 -0.590848 2.20132 0.108081 2.25338 0.946078 -1.63043 2.51426 
1.42154 2.30648 -0.285919 1.97701 -0.0577503 2.6301 1.02999 -1.75187 2.31367 
1.65347 2.30334 -0.427555 2.38953 -0.0471426 2.48534 0.83075 -1.69769 2.52901 
1.72019 2.14248 -0.351667 2.12424 -0.123311 2.56628 1.01171 -1.40446 2.33863 
1.61292 1.94676 -0.282332 2.472 -0.340514 2.36345 0.982612 -1.43756 2.42093 
1.79466 1.81626 -0.123296 2.60583 -0.329753 2.56111 0.958036 -1.56284 2.4056 
1.78151 1.63698 -0.384468 2.62222 -0.183077 2.4295 1.05071 -1.72637 2.22459 
1.76056 1.82698 -0.659834 2.22232 0.0341682 2.19835 0.729686 -1.85678 2.40015 
1.73694 1.72905 -0.652131 2.62048 -0.306759 2.23664 0.751451 -1.89048 2.30331 
1.54141 1.7543 -0.440537 2.96131 -0.480697 2.0791 0.671295 -1.88573 2.47928 
1.56361 1.79595 -0.668039 2.88149 -0.421967 1.93879 0.821538 -1.74631 2.50521 
1.43859 1.71678 -0.650124 3.05069 -0.461423 1.90054 0.883307 -1.72568 2.4888 
1.36349 1.71203 -0.658271 3.23728 -0.505388 1.88485 0.917942 -1.70453 2.41027 
1.45358 1.58436 -0.559466 3.53964 -0.762531 1.89471 0.905926 -1.74286 2.29718 
1.51034 1.46379 -0.542075 3.67687 -0.979311 1.87509 0.911222 -1.82048 2.22115 
1.59755 1.34137 -0.232165 3.40828 -0.957998 2.13359 0.811951 -1.83486 2.12315 
1.58061 1.42432 -0.235346 3.5526 -1.03209 2.14484 0.650427 -1.87742 2.17391 
1.71507 1.44713 -0.470866 3.52193 -1.06981 2.28445 0.607758 -1.88472 2.10372 
1.73479 1.56534 -0.450688 3.61178 -1.05402 2.25657 0.456041 -1.8299 2.12119 
1.62774 1.66118 -0.428279 3.67874 -1.09745 2.30805 0.526749 -1.79459 2.09015 
1.47945 1.91361 -0.392526 3.4473 -0.965346 2.30101 0.396402 -1.61715 2.03533 
1.42659 1.82858 -0.615175 3.51751 -0.839312 2.237 0.403923 -1.68559 2.04896 
1.42401 1.80437 -0.613501 3.64271 -0.755704 2.6715 0.449864 -1.71606 2.13349 
1.27654 1.63354 -0.732499 3.57721 -0.756868 2.63778 0.38206 -1.73564 2.29974 
1.36896 1.88646 -0.672674 3.68862 -0.682733 2.38307 0.58828 -1.8877 2.29327 
1.39718 1.81701 -0.74129 3.58858 -0.623434 2.3408 0.572617 -1.95099 2.19212 
1.42277 1.68412 -0.637603 3.49637 -0.667564 2.14775 0.505761 -2.01723 2.14149 
1.42614 1.74674 -0.61449 3.53913 -0.596375 2.19416 0.33012 -1.96172 2.24725 
1.44174 1.77705 -0.773169 3.72996 -0.519667 2.15944 0.383352 -2.05205 2.16628 
1.5124 1.82083 -0.825388 3.92579 -0.612545 2.14729 0.360286 -2.10256 2.24146 
1.48094 1.97423 -0.707252 3.73213 -0.751358 2.13804 0.435861 -2.15989 2.13783 
1.44173 2.11028 -0.747452 3.77575 -0.729995 2.13035 0.59041 -2.1362 2.20984 
1.43286 2.17368 -0.752275 3.93166 -0.769749 2.41635 0.658559 -2.20975 2.18791 
1.50991 2.04439 -0.664588 3.94226 -0.760548 2.29772 0.692146 -2.23439 2.20496 
1.51671 1.94478 -0.635037 4.00903 -0.68092 2.12233 0.800993 -2.1393 2.23858 
1.53802 1.91707 -0.549821 4.09587 -0.705814 2.02734 0.966406 -2.07995 2.24059 
1.60862 1.86967 -0.488418 4.1864 -0.707961 1.92972 1.14029 -2.0584 2.20933 
1.71456 1.90794 -0.394908 4.23631 -0.728967 1.76946 1.25766 -1.98813 2.16122 
1.59697 1.89224 -0.402342 4.43247 -0.719911 1.6854 1.09975 -2.10053 2.27495 
1.57466 1.9833 -0.41696 4.36661 -0.853797 1.73281 1.18488 -2.19483 2.4494 
1.57029 1.83377 -0.176263 4.39707 -0.979793 1.57175 1.09308 -2.17358 2.23468 
1.59508 1.78406 0.043709 4.48257 -1.11207 1.41293 0.991046 -2.12927 2.05517 
1.46494 1.91559 0.023208 4.49144 -0.97414 1.45167 0.947147 -2.35435 2.04375 
1.36987 2.00428 -0.0309916 4.47617 -0.836538 1.44413 0.872116 -2.53106 2.01094 
1.38365 2.20216 0.00664602 4.42996 -0.758466 1.47087 0.937807 -2.34609 2.19086 
1.47202 2.24032 -0.145981 4.50214 -0.807856 1.39964 0.877125 -2.41357 2.20807 
1.61593 2.19156 -0.157169 4.54924 -0.839651 1.42303 0.656273 -2.48959 2.28012 
1.3728 2.04798 -0.282803 4.63528 -0.864901 1.27046 0.62046 -2.55866 2.12814 
1.29007 2.03392 -0.232803 4.59238 -0.763108 1.1388 0.498436 -2.57691 2.20058 
1.42421 2.02388 -0.254799 4.71121 -0.843083 1.06517 0.650858 -2.74415 2.16196 
1.26239 1.86263 -0.380179 4.86011 -0.900943 0.93329 0.702237 -2.75885 2.17309 
1.3392 2.047 -0.29717 4.86192 -0.938692 0.954363 0.843449 -2.81466 2.25001 
1.31595 2.02887 -0.315283 4.87396 -0.979911 0.975258 0.883909 -2.79436 2.25953 
1.34086 1.77784 -0.392343 4.92224 -1.00589 0.929778 0.796779 -2.85261 2.23413 
1.29539 1.84191 -0.377451 4.97457 -1.07866 0.902107 0.825494 -2.81412 2.35646 
1.18448 1.83425 -0.415963 4.96946 -1.0582 0.870363 0.880422 -2.77358 2.41703 
1.16817 1.78715 -0.375019 5.037 -1.14759 0.924492 0.737597 -2.68594 2.4508 
1.31878 1.8473 -0.482621 5.02127 -1.11032 0.795837 0.586109 -2.63784 2.5534 
1.14649 1.84484 -0.473614 5.03324 -1.11882 0.826025 0.411334 -2.62707 2.6986 
1.0336 1.96855 -0.505423 5.05132 -1.16241 0.862421 0.390519 -2.5675 2.75033 
0.938753 2.03643 -0.472076 5.04082 -1.18892 0.904268 0.411987 -2.57732 2.81497 
0.9155 1.9685 -0.487116 5.01574 -1.11178 0.831164 0.30939 -2.54724 2.87273 
0.911586 1.91778 -0.62484 5.04501 -1.12499 0.832202 0.235163 -2.56054 3.00359 
0.943196 1.92187 -0.737496 5.04802 -1.18162 0.831119 0.149726 -2.54028 3.0717 
1.02123 1.93588 -0.771832 5.08172 -1.22472 0.82949 0.102557 -2.4185 3.20259 
0.968136 1.94872 -0.697043 5.12543 -1.26693 0.781211 0.276421 -2.39637 3.15119 
1.04035 2.01944 -0.675901 5.16755 -1.2348 0.658131 0.155109 -2.53659 3.18362 
1.04664 1.95539 -0.738169 5.17869 -1.23196 0.623402 0.142545 -2.44298 3.16562 
0.923916 2.03523 -0.754263 5.28724 -1.31902 0.646942 0.0449381 -2.33259 3.27543 
1.01141 2.03763 -0.825873 5.28924 -1.43085 0.704437 0.0272827 -2.35661 3.14452 
1.04599 1.95267 -0.874955 5.28955 -1.39284 0.657616 0.00872672 -2.43114 3.22386 
0.957456 2.01163 -0.871939 5.34846 -1.45994 0.644262 -0.0689145 -2.36649 3.2973 
1.04245 1.87477 -0.779167 5.32159 -1.46501 0.628248 -0.134141 -2.30639 3.39117 
0.940048 1.84638 -0.730378 5.24198 -1.35877 0.613345 -0.179399 -2.39529 3.1874 
0.959907 1.87946 -0.647391 5.20069 -1.37725 0.580269 -0.20323 -2.31611 3.18526 
0.973314 1.89556 -0.585768 5.17994 -1.39718 0.513745 -0.212738 -2.25506 3.1861 
0.957036 1.94824 -0.694527 5.20009 -1.43521 0.473717 -0.229099 -2.24392 3.25032 
0.981549 1.94248 -0.654915 5.19693 -1.41117 0.383795 -0.286528 -2.27902 3.25982 
0.828387 1.97788 -0.604666 5.21275 -1.43644 0.434469 -0.340388 -2.3457 3.30044 
0.933172 1.85385 -0.596368 5.22101 -1.42562 0.418905 -0.41572 -2.32709 3.36851 
1.14903 1.80399 -0.577084 5.1913 -1.38263 0.320717 -0.415457 -2.37713 3.2761 
1.05936 1.82188 -0.743057 5.20967 -1.3846 0.298759 -0.429751 -2.39099 3.27583 
1.13132 1.85328 -0.749231 5.22388 -1.34695 0.286353 -0.504732 -2.41321 3.27178 
1.23045 1.88967 -0.799816 5.28128 -1.34028 0.257846 -0.538066 -2.31049 3.42917 
1.27687 1.90149 -0.724317 5.2735 -1.28529 0.183092 -0.610635 -2.36475 3.47436 
1.33367 1.94255 -0.660337 5.25205 -1.30129 0.108537 -0.702945 -2.43838 3.57753 
1.36212 1.98976 -0.747277 5.22852 -1.35465 0.186978 -0.726938 -2.40383 3.59876 
1.33543 1.96789 -0.768169 5.22966 -1.43081 0.189639 -0.759205 -2.41381 3.62724 
1.41128 1.97233 -0.697186 5.21958 -1.39445 0.143783 -0.781685 -2.22891 3.59309 
1.28573 1.96374 -0.74687 5.22804 -1.36913 0.230601 -0.730729 -2.25937 3.54001 
1.24191 1.89962 -0.772288 5.24023 -1.37329 0.201997 -0.826427 -2.37374 3.3951 
1.24684 1.90379 -0.620161 5.26414 -1.41159 0.145048 -0.729181 -2.42412 3.45312 
1.23528 1.88942 -0.529462 5.27101 -1.41989 0.239446 -0.805445 -2.35029 3.46581 
1.12072 1.94728 -0.547044 5.28171 -1.35602 0.0629904 -0.734367 -2.37804 3.35716 
1.12159 1.96707 -0.510666 5.29979 -1.35507 0.084479 -0.817108 -2.4385 3.35947 
1.06104 1.96044 -0.436637 5.26059 -1.38908 0.135121 -0.822593 -2.33449 3.32361 
1.11364 2.00748 -0.422476 5.28936 -1.40855 0.109064 -0.920341 -2.4302 3.22049 
