Mean 0 Mean 1 Mean 2 Mean 3 Mean 4 Mean 5 Mean 6 Mean 7 Mean 8 
0.00527064 -3.06081 -1.79358 2.08049 -0.122384 1.95666 -1.12584 1.38886 3.13851 
0.226989 -2.77791 -1.51491 1.81301 0.420449 2.34393 -1.00842 0.878126 0.0637024 
-0.00933336 -2.85192 -1.38572 2.00494 0.130699 2.62222 -1.22407 0.798458 0.954053 
0.0431523 -3.06047 -1.80264 2.03036 0.555762 2.08345 -1.34997 0.559111 0.290689 
0.353527 -2.94682 -1.93599 2.18248 0.288875 1.73109 -1.56436 0.402858 0.779947 
0.23449 -3.00837 -1.78411 2.26539 0.532186 1.84597 -1.62434 0.262408 0.276514 
0.276299 -2.91522 -1.76692 2.33852 0.403454 2.03688 -1.56178 0.274548 0.239861 
0.304961 -3.18448 -2.079 2.67668 0.460059 2.00551 -1.45004 0.335301 0.47958 
0.331411 -3.11713 -1.88769 2.66185 0.431872 2.0354 -1.40209 0.20059 0.629717 
0.288378 -2.96179 -1.98439 2.72411 0.287182 2.10343 -1.34202 0.208488 1.04643 
0.15888 -2.66206 -1.86677 2.60374 -0.165004 1.97781 -1.28973 0.424228 0.985132 
-0.0720801 -2.64891 -1.8565 2.53767 -0.160572 2.21822 -1.40097 0.583439 0.660428 
0.152352 -2.79409 -2.02001 2.46008 -0.123742 1.80872 -1.14055 0.81012 0.232488 
0.177155 -2.79012 -1.70352 2.32719 -0.176555 1.95872 -1.0785 0.914693 0.203121 
0.0990952 -2.56796 -1.69445 2.47595 -0.215444 1.97697 -1.02394 1.04001 -0.0874726 
-0.103309 -2.56125 -1.55213 2.34219 -0.0464556 1.98572 -0.838864 1.07788 -0.303167 
-0.0459943 -2.63337 -1.56985 2.51519 -0.222361 2.08879 -0.924452 0.887109 -0.413887 
-0.132095 -2.54787 -1.62555 2.46214 -0.227639 2.18804 -1.0521 0.730426 -0.306108 
-0.130145 -2.39208 -1.62257 2.45628 -0.221158 2.15497 -1.34395 0.794107 -0.217917 
-0.204729 -2.38831 -1.6147 2.3488 -0.184261 1.9885 -1.42878 0.895546 -0.211839 
-0.135536 -2.33506 -1.53433 2.26301 -0.135003 2.06567 -1.34992 1.00664 -0.0112224 
0.0776281 -2.37146 -1.4685 2.25838 -0.214559 2.14243 -1.42744 0.958032 -0.158604 
0.0582975 -2.33196 -1.49935 2.2055 -0.230612 2.00556 -1.53319 1.10145 -0.115835 
-0.0219176 -2.3322 -1.3707 2.04524 -0.0306817 1.86028 -1.47665 1.18064 -0.0240083 
-0.0697281 -2.34044 -1.40317 2.03425 0.00376588 1.76137 -1.57331 1.08061 0.259111 
-0.0903599 -2.40259 -1.62378 1.96557 -0.0127711 1.81499 -1.4379 1.00713 0.0940971 
-0.106715 -2.42318 -1.57953 1.90274 -0.00637498 1.72979 -1.41953 1.14568 0.055773 
0.0811197 -2.45538 -1.56754 1.87777 -0.102409 1.80373 -1.31234 1.16267 0.329527 
-0.0204275 -2.36598 -1.49046 1.77138 0.0347241 1.72598 -1.1442 1.28266 0.257349 
-0.201665 -2.25592 -1.53827 1.87762 0.0999914 1.71141 -0.964612 1.32908 0.0534859 
-0.102944 -2.29382 -1.40596 1.87624 0.134647 1.56151 -0.983648 1.45573 0.249103 
-0.246301 -2.12956 -1.43294 1.95348 0.113643 1.58482 -0.833991 1.47166 0.0848628 
-0.342668 -1.97796 -1.49067 2.08961 0.164744 1.54551 -0.726737 1.46997 0.0212915 
-0.524015 -2.20522 -1.42217 2.06829 0.199526 1.55596 -0.820231 1.52295 -0.0262837 
-0.65015 -2.27396 -1.41889 2.09182 0.231905 1.66968 -0.800296 1.42444 -0.19618 
-0.793131 -2.16742 -1.41435 2.11963 0.323078 1.66541 -0.815361 1.56238 -0.232034 
-0.700035 -2.09858 -1.48129 2.10508 0.335546 1.77918 -0.884966 1.55255 -0.0774164 
-0.62621 -2.14248 -1.32424 2.06519 0.363554 1.58305 -1.04012 1.62018 -0.233702 
-0.53896 -2.1691 -1.21203 2.06452 0.427754 1.40809 -1.13355 1.69253 -0.393517 
-0.524234 -1.92205 -1.07922 1.97558 0.38072 1.61203 -1.13987 1.5462 -0.330665 
-0.450115 -2.13435 -1.01097 1.92709 0.35327 1.51421 -1.13205 1.6097 -0.382594 
-0.386951 -2.11819 -1.03377 1.93422 0.292122 1.48847 -1.18344 1.70208 -0.355433 
-0.511663 -2.08 -0.994528 2.15024 0.280476 1.39489 -1.27312 1.45452 -0.184424 
-0.640829 -2.2219 -1.02583 2.18505 0.245581 1.42535 -1.18127 1.32096 -0.399601 
-0.726732 -1.95659 -1.19565 2.25223 0.455904 1.14109 -1.36647 1.3181 -0.647003 
-0.950356 -1.99892 -1.32666 2.136 0.567843 1.20521 -1.24532 1.30023 -0.53655 
-0.69629 -1.99826 -1.26751 2.13877 0.473157 1.09168 -1.16799 1.34329 -0.41982 
-0.800749 -1.98333 -1.34153 2.18494 0.586547 1.24045 -1.06248 1.36215 -0.358169 
-0.877642 -2.01464 -1.17602 2.03057 0.700218 1.16752 -1.22895 1.38032 -0.482572 
-1.1385 -2.1023 -1.26941 2.15819 0.523778 1.07581 -1.22297 1.25056 -0.580475 
-1.20574 -2.15014 -1.12152 2.09393 0.473275 1.12743 -1.1543 1.29676 -0.508607 
-0.974763 -2.13471 -1.10048 2.00248 0.519509 1.05796 -1.08931 1.41056 -0.542297 
-1.10142 -1.89727 -1.14629 2.04282 0.469854 0.971781 -1.33007 1.43877 -0.480384 
-1.1702 -1.99947 -1.23677 1.91245 0.584532 0.889335 -1.45585 1.29096 -0.601528 
-1.23831 -2.02408 -1.22818 1.82293 0.630756 0.914432 -1.34123 1.38827 -0.584253 
-1.20904 -1.86705 -1.23718 1.81211 0.702964 0.857576 -1.37226 1.68204 -0.478481 
-1.19321 -2.03966 -1.27436 1.71949 0.462287 0.81187 -1.26985 1.75681 -0.421595 
-1.00038 -2.14138 -1.22358 1.61694 0.388291 0.914082 -1.21625 1.64474 -0.487403 
-0.861339 -2.12676 -1.30761 1.56584 0.467523 0.828314 -1.3372 1.71937 -0.422288 
-1.0378 -1.97557 -1.30198 1.45891 0.581465 0.820087 -1.4464 1.82336 -0.483844 
-1.16759 -1.90785 -1.30861 1.33965 0.677412 0.817292 -1.59743 1.86788 -0.49673 
-1.3051 -1.9153 -1.24938 1.33034 0.67828 0.796004 -1.58438 1.94929 -0.48208 
-1.34093 -1.74024 -1.36272 1.37219 0.697021 0.820965 -1.76393 1.9597 -0.556323 
-1.5034 -1.71419 -1.35998 1.40112 0.651275 0.828772 -1.82691 2.05935 -0.502315 
-1.49617 -1.63967 -1.42891 1.29594 0.657823 0.899699 -2.00715 1.99074 -0.608619 
-1.37475 -1.61729 -1.49198 1.23089 0.737814 0.981369 -2.08552 1.92568 -0.54723 
-1.32276 -1.64851 -1.36171 1.31269 0.624416 0.875027 -1.91768 1.91934 -0.568552 
-1.2653 -1.68432 -1.23501 1.39366 0.61005 0.801862 -1.77745 1.96161 -0.59471 
-1.32248 -1.69116 -1.19388 1.48057 0.547159 0.748814 -1.61375 1.98192 -0.576528 
-1.1933 -1.75907 -1.13406 1.52474 0.438193 0.812846 -1.67697 2.14994 -0.681601 
-1.19727 -1.95628 -1.14944 1.59498 0.506023 0.827334 -1.70539 2.199 -0.622636 
-1.22153 -1.89363 -0.971056 1.42286 0.617228 0.782343 -1.79243 2.18308 -0.56752 
-1.43379 -1.87332 -0.997576 1.31981 0.65119 0.863507 -1.69179 2.15068 -0.469352 
-1.2366 -1.92909 -1.00078 1.36662 0.647812 0.764482 -1.66995 2.25123 -0.58172 
-1.36835 -1.90451 -1.06014 1.42636 0.736655 0.710888 -1.68615 1.9873 -0.709427 
-1.47057 -1.86287 -1.09884 1.52449 0.809812 0.726145 -1.7435 1.77089 -0.796179 
-1.46671 -1.8459 -1.00548 1.5777 0.692986 0.77841 -1.72568 1.84479 -0.755424 
-1.54839 -1.90432 -0.888524 1.58985 0.597934 0.861277 -1.69084 1.83802 -0.718104 
-1.4193 -2.07813 -1.04698 1.54813 0.640336 0.866017 -1.77527 1.63519 -0.655632 
-1.55412 -2.10205 -0.935417 1.50154 0.595745 0.941011 -1.76532 1.77664 -0.741549 
-1.70458 -2.04825 -0.884321 1.48453 0.617758 1.02865 -1.81147 1.82682 -0.78929 
-1.61519 -2.24543 -0.86225 1.48252 0.587907 1.00737 -1.90165 1.8943 -0.675696 
-1.66726 -2.21184 -0.883868 1.44731 0.705251 1.05161 -1.85093 1.97883 -0.679088 
-1.61195 -1.99158 -0.768673 1.54793 0.472955 1.18954 -1.77973 2.01766 -0.458214 
-1.75643 -1.96962 -0.660792 1.43681 0.688726 1.27922 -1.76588 2.0676 -0.450973 
-1.62689 -1.82747 -0.777445 1.60608 0.671638 1.32355 -1.89317 2.03116 -0.452784 
-1.83306 -1.78977 -0.691374 1.49915 0.712509 1.17058 -1.82911 2.15356 -0.538471 
-1.88881 -1.76889 -0.710838 1.40689 0.766571 1.27759 -1.79263 2.16108 -0.570468 
-1.9139 -1.76687 -0.537336 1.37986 0.89721 1.20166 -1.72119 2.20181 -0.573067 
-1.93565 -1.8066 -0.48078 1.43631 0.732691 1.40134 -1.68948 2.20506 -0.574651 
-2.04091 -1.80811 -0.450661 1.46204 0.63826 1.5644 -1.63123 2.20182 -0.561509 
-2.00437 -1.8145 -0.501278 1.47406 0.573529 1.53223 -1.70876 2.16706 -0.453549 
-2.10811 -1.79949 -0.518912 1.4873 0.568521 1.5185 -1.66219 2.16051 -0.577824 
-2.31433 -1.82745 -0.357025 1.41912 0.519278 1.61834 -1.59205 1.97814 -0.728973 
-2.26082 -1.76471 -0.194279 1.34079 0.496664 1.59377 -1.67617 1.9766 -0.65575 
-2.34365 -1.6959 -0.215919 1.37699 0.512968 1.42968 -1.62892 2.04583 -0.699826 
-2.37415 -1.66969 -0.205532 1.24585 0.63342 1.41269 -1.71568 2.07537 -0.578333 
-2.45014 -1.70548 -0.0571111 1.26387 0.605066 1.31341 -1.78789 2.1475 -0.496107 
-2.48794 -1.59875 -0.15509 1.46589 0.648211 1.35688 -1.58559 2.24242 -0.294411 
-2.51296 -1.65234 -0.157408 1.46303 0.646313 1.39124 -1.42969 2.26214 -0.469227 
