Mean 0 Mean 1 Mean 2 Mean 3 Mean 4 Mean 5 Mean 6 Mean 7 Mean 8 
2.29992 -0.878002 -1.74714 0.602455 0.686224 -2.50631 0.394671 -0.0119075 -1.72926 
2.59753 -1.02401 -1.63647 0.539382 0.215926 -2.89855 0.53148 -0.127315 -1.85103 
2.44704 -0.933463 -1.41736 0.502431 0.496761 -2.44231 0.681856 0.0571451 -1.86387 
2.36125 -0.945226 -1.64861 0.456771 0.70646 -2.22036 0.805842 0.308233 -1.76495 
2.40631 -0.723662 -1.66347 0.58908 0.569557 -2.25859 0.881503 -0.0252106 -1.77968 
2.31856 -1.20694 -1.50964 0.734887 0.374132 -2.38277 0.868017 -0.0669836 -1.90568 
2.38733 -1.12282 -1.59654 0.768591 0.341745 -2.19168 0.586448 0.0913231 -1.91075 
2.15374 -0.829071 -1.33536 0.666987 0.364878 -1.79941 0.642025 -0.00441908 -1.99095 
2.15375 -0.600103 -1.49507 0.562681 0.300477 -2.05085 0.901401 0.115912 -1.88363 
1.82712 -0.515824 -1.68248 0.498227 0.50918 -1.9872 0.95286 0.20923 -1.8591 
1.82159 -0.335299 -1.51998 0.45872 0.711936 -1.89112 0.938667 0.0898135 -1.85763 
1.79369 -0.312856 -1.43436 0.52221 0.649661 -1.85713 1.07398 0.0154565 -2.02061 
1.88764 -0.466222 -1.40531 0.500198 0.716865 -1.54053 0.997617 -0.0648128 -2.19516 
1.90684 -0.604971 -1.51224 0.541691 0.650104 -1.46126 1.0404 -0.199033 -2.13776 
2.00699 -0.609887 -1.47085 0.608389 0.542345 -1.22673 1.0175 -0.210158 -2.29147 
2.0782 -0.752731 -1.3948 0.576988 0.715609 -1.33062 1.16091 -0.397227 -2.18221 
2.13545 -0.83322 -1.45764 0.636728 0.622658 -1.41327 1.1798 -0.375601 -2.17873 
2.14829 -0.969213 -1.35864 0.597707 0.799694 -1.43001 1.25819 -0.582554 -2.19989 
2.30737 -1.0677 -1.18671 0.455181 0.816904 -1.3828 1.26836 -0.44089 -2.18781 
2.48064 -0.748388 -1.21835 0.35799 0.614222 -1.29434 1.17185 -0.390377 -2.13714 
2.41347 -0.708899 -1.29027 0.340082 0.640629 -1.2969 1.16748 -0.671836 -1.92325 
2.46063 -0.875186 -1.16142 0.29098 0.765479 -1.15261 1.26424 -0.575691 -2.06644 
2.35414 -1.07347 -1.10048 0.2617 0.740188 -1.29289 1.20295 -0.547776 -2.17987 
2.35889 -0.994464 -1.3267 0.198345 0.635181 -1.47196 0.982075 -0.445354 -2.12013 
2.20001 -0.95956 -1.22935 0.259245 0.62566 -1.56963 1.00582 -0.604841 -2.36699 
2.22363 -0.796272 -1.21224 0.285971 0.647627 -1.64759 1.1442 -0.674902 -2.37264 
2.28408 -0.669821 -1.13131 0.47592 0.593626 -1.67478 1.13983 -0.667275 -2.28379 
2.24737 -0.637926 -1.08233 0.364432 0.668611 -1.60072 1.04269 -0.719314 -2.13152 
2.25746 -0.691665 -1.09558 0.389684 0.648894 -1.52278 1.07959 -0.660037 -2.05272 
2.3309 -0.778342 -1.00876 0.354706 0.808634 -1.49792 1.04336 -0.600236 -2.06493 
2.17153 -0.684308 -0.966604 0.319443 0.781606 -1.6412 1.06215 -0.528519 -2.1581 
2.31659 -0.582248 -0.921731 0.231384 0.825219 -1.68899 1.07465 -0.495946 -2.28033 
2.34285 -0.691021 -0.995576 0.209317 0.649022 -1.59928 1.1953 -0.471834 -2.04252 
2.4217 -0.870876 -0.995218 0.21112 0.841691 -1.71752 1.01047 -0.455122 -2.08452 
2.55121 -0.871376 -1.01921 0.187849 0.73171 -1.71722 0.89553 -0.569029 -2.32336 
2.59643 -0.783999 -1.04081 0.143738 0.637787 -1.8029 1.11555 -0.556539 -2.29021 
2.57562 -0.997597 -1.01208 0.157063 0.705744 -1.90346 0.949857 -0.5823 -2.40757 
2.63298 -0.941797 -1.0972 0.155771 0.574897 -1.91888 0.835953 -0.491187 -2.31096 
2.62645 -0.721314 -0.973005 0.116266 0.595244 -1.80572 0.873769 -0.634175 -2.24049 
2.60935 -0.625319 -1.02933 -0.0349961 0.592151 -1.66591 0.925701 -0.803592 -2.19856 
2.71197 -0.613837 -0.932233 0.0946228 0.578701 -1.86637 1.09718 -0.711624 -2.24741 
2.78948 -0.60204 -0.887443 0.129441 0.589651 -2.05133 1.27258 -0.686843 -2.24626 
2.85612 -0.69243 -0.937731 0.00932443 0.629449 -1.99786 1.16849 -0.637818 -2.35415 
2.78936 -0.664253 -0.757986 0.0281084 0.574243 -1.94656 0.885379 -0.482938 -2.09557 
2.66678 -0.759896 -0.781313 0.0662257 0.630473 -1.85951 0.83567 -0.648712 -2.28562 
2.46919 -0.739707 -0.871516 0.0241819 0.705025 -1.95549 0.674733 -0.847349 -2.23481 
2.36175 -0.631001 -0.893877 0.0735211 0.821161 -1.98947 0.629062 -1.03795 -2.29156 
2.22074 -0.674874 -0.894985 0.0811139 0.797654 -1.78475 0.742804 -1.07291 -2.20038 
2.0566 -0.630403 -1.00671 -0.000272119 0.83732 -1.69509 0.899995 -0.982431 -2.12163 
1.87464 -0.608466 -1.03689 -0.120855 0.885704 -1.56743 0.990572 -0.951525 -2.13162 
1.88719 -0.722181 -0.835358 0.0100923 0.755047 -1.59138 0.769462 -0.850174 -2.05141 
2.09289 -0.647546 -0.836157 0.0641795 0.798225 -1.72822 0.610686 -0.906995 -2.0294 
2.11767 -0.822667 -0.79506 0.0460468 0.644099 -1.79592 0.721243 -0.879092 -2.13699 
2.30148 -0.470846 -0.630042 0.221444 0.635086 -1.78536 0.723847 -0.764713 -2.0103 
2.42323 -0.52879 -0.629166 0.244435 0.653389 -1.73199 0.731149 -0.747178 -2.05018 
2.24477 -0.554239 -0.641386 0.24513 0.536856 -1.59928 0.807682 -0.81022 -2.06025 
2.20592 -0.412689 -0.644037 0.267296 0.63416 -1.57879 0.896655 -0.957838 -1.95108 
2.2207 -0.405435 -0.664015 0.263667 0.568833 -1.48167 0.958775 -0.946389 -2.00388 
2.23492 -0.363338 -0.597795 0.312718 0.581063 -1.6131 1.12704 -1.07529 -2.19654 
2.3338 -0.578308 -0.60973 0.36171 0.589531 -1.60391 1.10675 -1.14138 -2.11473 
2.1661 -0.596354 -0.529479 0.271744 0.587825 -1.70274 1.13638 -1.10356 -2.17135 
2.37617 -0.638681 -0.628115 0.224251 0.494245 -1.66424 1.08172 -1.02924 -2.1247 
2.51345 -0.724328 -0.597223 0.148522 0.53882 -1.60387 1.4147 -0.769898 -2.0531 
2.626 -0.684586 -0.703781 0.0592046 0.595822 -1.472 1.45503 -0.744698 -2.22098 
2.58691 -0.507576 -0.854754 0.0872899 0.517799 -1.52394 1.58744 -0.828738 -2.12632 
2.5148 -0.391963 -0.999606 0.143211 0.450554 -1.5639 1.70848 -0.927872 -2.03549 
2.49637 -0.407375 -1.11067 0.172656 0.396189 -1.60507 1.52915 -0.902571 -1.92041 
2.46445 -0.427011 -0.953619 0.0944083 0.295444 -1.45736 1.34532 -0.892589 -2.04308 
2.34392 -0.387672 -0.73329 0.0950773 0.437839 -1.48817 1.44123 -0.897364 -2.04944 
2.34131 -0.373969 -0.943614 0.179836 0.351051 -1.43301 1.50481 -0.90926 -1.98861 
2.44901 -0.223966 -0.902144 0.253575 0.45426 -1.48299 1.61079 -0.835232 -1.93766 
2.48014 -0.451802 -0.974618 0.337238 0.48129 -1.43322 1.53374 -0.804117 -1.86635 
2.2369 -0.318005 -1.02998 0.496785 0.48604 -1.36015 1.4998 -0.642302 -1.97584 
2.05899 -0.207444 -1.0779 0.65265 0.454504 -1.27619 1.45245 -0.50509 -2.09059 
1.99017 -0.171472 -1.08218 0.699379 0.367881 -1.33866 1.32627 -0.463649 -1.96714 
2.13689 -0.274673 -1.1315 0.726227 0.237099 -1.22247 1.40031 -0.507037 -1.93677 
2.19556 -0.282533 -0.985458 0.541191 0.275359 -1.31416 1.15978 -0.469434 -2.03712 
2.16044 -0.234638 -0.917398 0.695888 0.248992 -1.30493 1.31455 -0.448197 -2.01618 
2.22073 -0.207601 -1.04907 0.785273 0.257358 -1.18263 1.37382 -0.423394 -1.86121 
2.17964 -0.25703 -1.09066 0.858474 0.211421 -1.07706 1.3609 -0.496656 -1.83319 
2.13041 -0.177355 -0.979432 0.926184 0.106612 -0.961934 1.4229 -0.524774 -1.63281 
2.44774 -0.0653169 -0.869917 1.02955 -0.0564446 -1.04807 1.29098 -0.474251 -1.8132 
2.51322 0.00746739 -0.896325 0.872216 -0.0410622 -1.22028 1.41453 -0.47513 -1.66076 
2.61869 0.0127027 -0.874553 0.850816 0.0531178 -1.11749 1.45253 -0.598317 -1.74964 
2.55176 0.187225 -0.919153 0.909293 0.0706306 -1.14648 1.42585 -0.60342 -1.74217 
2.7713 0.248472 -0.985039 0.77993 0.100062 -1.23768 1.50044 -0.670264 -1.65351 
2.9177 0.231428 -0.969965 0.931048 0.0546326 -1.11453 1.46745 -0.708702 -1.65218 
2.96095 0.322869 -0.894035 0.839138 0.00778397 -1.26424 1.5599 -0.808773 -1.63814 
2.78309 0.209735 -0.658421 0.784445 0.0413712 -1.22058 1.6281 -0.815624 -1.83627 
2.73272 0.313215 -0.749597 0.65665 0.0466243 -1.20152 1.69991 -0.727275 -1.85402 
2.77853 0.12489 -0.696344 0.592292 0.0552431 -1.41079 1.75359 -0.871238 -1.70445 
2.75009 0.094068 -0.823227 0.547889 -0.0791378 -1.3254 1.84706 -0.829735 -1.6545 
2.78559 0.0706542 -0.924105 0.520018 -0.199615 -1.29482 1.97151 -0.850017 -1.59527 
2.82572 0.200999 -0.744045 0.505219 -0.245442 -1.31525 1.86006 -0.815943 -1.56871 
2.86042 0.201801 -0.622164 0.549332 -0.213346 -1.14902 1.78629 -0.710658 -1.53564 
3.00221 0.17388 -0.62751 0.539587 -0.224587 -1.22961 1.64469 -0.773455 -1.42268 
2.83022 0.198706 -0.737493 0.53359 -0.20703 -1.19196 1.52231 -0.808838 -1.42374 
2.66178 0.209679 -0.784615 0.580051 -0.250015 -1.29143 1.61076 -0.705198 -1.42793 
2.61076 0.241931 -0.733231 0.462803 -0.297996 -1.42276 1.76321 -0.836044 -1.31677 
2.58867 0.207835 -0.653573 0.434571 -0.252661 -1.45466 1.83662 -1.12665 -1.44407 
