Mean 0 Mean 1 Mean 2 Mean 3 Mean 4 Mean 5 Mean 6 Mean 7 Mean 8 
-2.1036 -3.0695 -2.7633 1.502 0.8155 -1.6239 -0.0277022 -1.1103 -1.3735 
-2.28341 -0.0893164 -2.91246 1.50292 1.51677 -1.69673 -0.39753 -1.50006 -1.57548 
-2.59015 0.703477 -3.01007 1.57064 1.43209 -1.97586 -0.430755 -1.39076 -1.48571 
-2.32294 1.03744 -3.17371 1.45107 1.25335 -1.91359 -0.22659 -1.19505 -1.68425 
-1.92014 1.06229 -2.96029 1.41212 1.34017 -1.4738 -0.230607 -1.30949 -1.55475 
-1.90684 1.28051 -2.79294 1.05835 1.22945 -1.29215 -0.0390917 -1.23482 -1.69053 
-1.95481 0.671446 -2.51505 1.27099 1.36643 -1.40784 -0.0761883 -0.94376 -1.68293 
-1.86211 0.0709248 -2.89102 1.25547 1.32864 -1.19594 0.291697 -1.1183 -1.73611 
-1.95674 0.309828 -2.80851 1.38694 1.21161 -1.02227 0.274333 -1.17409 -1.846 
-1.91486 0.0631647 -2.59419 1.37847 1.11783 -1.09097 0.445972 -1.08669 -1.89678 
-1.96204 0.402086 -2.58605 1.0149 1.02556 -0.892223 0.313197 -1.0996 -1.96748 
-1.98303 0.50253 -2.49889 1.06388 1.21531 -0.931436 0.271918 -0.9677 -1.90319 
-2.05682 0.632271 -2.36863 0.856334 1.36563 -0.887183 0.434239 -0.94912 -2.19971 
-1.95221 0.704633 -2.68005 0.992284 1.17477 -0.874677 0.186185 -0.771609 -2.19905 
-1.90632 1.10505 -2.7113 0.934911 1.31813 -0.788844 -0.209847 -0.769365 -2.20128 
-1.90095 0.97949 -2.83554 1.17862 1.37009 -0.860696 -0.139457 -0.891401 -2.2347 
-2.12429 0.914302 -2.58425 0.898997 1.47468 -0.963997 -0.239892 -0.816156 -2.45128 
-2.21872 0.891769 -2.60161 1.06552 1.47994 -0.990403 -0.0793607 -0.686157 -2.27676 
-2.05519 0.913784 -2.56996 0.962864 1.30247 -1.123 -0.131737 -0.831449 -2.26075 
-2.22208 0.873733 -2.84421 1.14748 1.44407 -1.10266 -0.00401069 -0.859706 -2.23389 
-2.12699 0.850076 -2.99012 1.25993 1.3086 -1.08769 -0.0217181 -0.827897 -2.22214 
-2.12704 0.831506 -2.85962 1.10222 1.0316 -0.91581 -0.0393475 -0.841313 -2.16219 
-2.01774 0.816244 -3.0309 1.19837 0.9306 -0.82019 -0.164581 -0.76987 -2.25791 
-1.96343 0.744346 -3.15698 1.32496 0.87779 -0.770064 -0.245814 -0.725301 -2.30447 
-1.85953 0.761976 -3.09597 1.21894 0.842722 -0.862435 -0.281137 -0.580795 -2.24347 
-1.90269 0.927868 -3.16102 1.17378 0.674818 -0.876804 -0.297564 -0.444596 -2.21039 
-2.08466 0.86204 -3.11753 1.19615 0.677671 -0.769543 -0.366757 -0.482855 -2.20159 
-2.11051 0.748482 -3.08798 1.231 0.714518 -0.868317 -0.335852 -0.586163 -2.23676 
-2.14149 0.733857 -2.97711 1.1362 0.690429 -0.824009 -0.258471 -0.696516 -2.22468 
-2.24081 0.750914 -2.89725 1.05187 0.574877 -0.711178 -0.308263 -0.774684 -2.19664 
-2.22393 0.852402 -2.91471 1.10955 0.55631 -0.769576 -0.200845 -0.71892 -2.0049 
-2.38381 0.712713 -2.87783 1.16653 0.574563 -0.847917 -0.213613 -0.650369 -1.98297 
-2.4058 0.588673 -2.88849 1.25473 0.606921 -0.884169 -0.233048 -0.629469 -1.99715 
-2.32535 0.697563 -2.91829 1.21187 0.539673 -0.859086 -0.350605 -0.521695 -1.94482 
-2.44134 0.603875 -2.89521 1.37693 0.518454 -0.883604 -0.374006 -0.642978 -1.96877 
-2.46927 0.735488 -2.84052 1.3168 0.49978 -0.942193 -0.409908 -0.858524 -2.02926 
-2.36428 0.751064 -2.82732 1.27084 0.446705 -1.01121 -0.417792 -0.762831 -1.92994 
-2.48225 0.791772 -2.80866 1.37266 0.412095 -0.852445 -0.439649 -0.58231 -1.96718 
-2.36811 0.68114 -2.69702 1.48056 0.504515 -0.946639 -0.230374 -0.632052 -1.98811 
-2.34554 0.819899 -2.62892 1.31181 0.486492 -0.967767 -0.129514 -0.579645 -2.00836 
-2.29646 0.756052 -2.69424 1.25362 0.417863 -0.882554 0.0460063 -0.454648 -1.9512 
-2.23833 0.78762 -2.70004 1.24713 0.394786 -0.937161 -0.0389148 -0.370435 -1.9603 
-2.32011 0.784814 -2.65755 1.28637 0.510454 -0.840264 -0.115222 -0.330793 -1.98809 
-2.41217 0.921906 -2.5405 1.23774 0.671797 -0.744756 -0.200438 -0.491831 -1.9753 
-2.41027 0.774291 -2.54482 1.33222 0.702406 -0.791812 -0.252033 -0.519069 -2.10513 
-2.38061 0.779953 -2.44893 1.35996 0.68422 -0.710878 -0.46869 -0.419915 -1.88898 
-2.56351 0.738804 -2.35037 1.23516 0.56299 -0.873036 -0.497313 -0.332393 -1.87689 
-2.43281 0.770553 -2.3682 1.30542 0.77087 -0.848916 -0.433232 -0.423613 -1.74177 
-2.34662 0.837547 -2.51502 1.40007 0.711531 -0.972086 -0.471498 -0.523328 -1.74708 
-2.31604 0.903902 -2.55992 1.4046 0.869156 -0.982493 -0.440725 -0.650136 -1.58084 
-2.4408 0.951261 -2.6451 1.43983 0.75289 -0.918574 -0.358834 -0.749931 -1.55966 
-2.31195 0.999854 -2.54579 1.27117 0.650672 -1.07767 -0.117437 -0.901319 -1.67246 
-2.17985 0.930298 -2.68719 1.27115 0.630281 -1.05539 -0.0505418 -0.986896 -1.54187 
-2.15977 0.83786 -2.72348 1.25633 0.800764 -0.982509 -0.253015 -0.724913 -1.68278 
-2.24376 0.738502 -2.58103 1.16029 0.586487 -0.950559 -0.184423 -0.696588 -1.61323 
-2.30594 0.827096 -2.59032 1.2508 0.569841 -0.89747 -0.0992695 -0.489841 -1.73203 
-2.43604 0.819376 -2.46119 1.28709 0.357905 -1.04729 0.00598779 -0.623802 -1.68049 
-2.68958 0.810235 -2.53453 1.34841 0.448858 -0.937732 0.139341 -0.723904 -1.99871 
-2.5868 0.615202 -2.57464 1.48221 0.401428 -1.0771 0.0619362 -0.78707 -1.97526 
-2.63105 0.568589 -2.77018 1.39882 0.15919 -1.11754 0.00091201 -0.871169 -1.95105 
-2.4144 0.602757 -2.74234 1.54175 0.149441 -0.962351 0.0221715 -0.897038 -2.14245 
-2.49531 0.857909 -2.80121 1.49334 0.173166 -0.938836 -0.03702 -0.76732 -2.04094 
-2.56431 0.955992 -2.77523 1.21923 0.241233 -0.896264 -0.195545 -0.697785 -2.03089 
-2.46871 1.08972 -2.54333 1.36115 0.319312 -1.01657 -0.1821 -0.595056 -2.02856 
-2.42531 0.935882 -2.68485 1.40168 0.376206 -1.0229 -0.266034 -0.472196 -2.02486 
-2.29647 1.02225 -2.76977 1.35852 0.358181 -1.00348 -0.219259 -0.41766 -1.98855 
-2.20593 0.985309 -2.90666 1.38954 0.53508 -0.924665 -0.261912 -0.411758 -1.92673 
-2.19991 0.907495 -2.9698 1.43843 0.510473 -0.84547 -0.212142 -0.293491 -2.10103 
-2.09922 0.908649 -3.0858 1.48011 0.607464 -0.685188 -0.232079 -0.181402 -2.00254 
-2.15847 0.929293 -3.14499 1.33229 0.519199 -0.641264 -0.160964 -0.208846 -1.89632 
-2.23686 0.838416 -3.05196 1.46358 0.429717 -0.732784 -0.456061 -0.220646 -1.80891 
-2.18275 0.81377 -3.13937 1.55296 0.446768 -0.649254 -0.433203 -0.331718 -1.77937 
-2.12534 0.626209 -3.04359 1.59831 0.40102 -0.718775 -0.431528 -0.322994 -1.82677 
-2.38297 0.703419 -3.08773 1.60371 0.331309 -0.802863 -0.372349 -0.400418 -1.72299 
-2.31187 0.696266 -3.16911 1.64816 0.292232 -0.872453 -0.334534 -0.441508 -1.64793 
-2.4283 1.02472 -3.11464 1.47912 0.441889 -0.837233 -0.247495 -0.374757 -1.52281 
-2.25135 0.76148 -3.20863 1.53767 0.421375 -0.711225 -0.299622 -0.437634 -1.3536 
-2.42163 0.787992 -3.29017 1.4803 0.311029 -0.609228 -0.321331 -0.561466 -1.40616 
-2.32128 0.754057 -3.4233 1.49409 0.525005 -0.486642 -0.330723 -0.404394 -1.5609 
-2.1884 0.538049 -3.39894 1.46564 0.42827 -0.554381 -0.296025 -0.32781 -1.47253 
-1.99823 0.572354 -3.19741 1.42271 0.444703 -0.500557 -0.357667 -0.225811 -1.74221 
-2.11739 0.559955 -3.20047 1.50181 0.469391 -0.436297 -0.318477 -0.33782 -1.71283 
-2.1427 0.590663 -3.35796 1.35564 0.372414 -0.50135 -0.3237 -0.441762 -1.67674 
-2.18926 0.498297 -3.22033 1.48281 0.381291 -0.432686 -0.341088 -0.315451 -1.46041 
-2.19117 0.488102 -3.129 1.64816 0.378521 -0.37795 -0.327612 -0.255449 -1.23736 
-2.0593 0.541494 -3.19791 1.59701 0.344878 -0.425058 -0.353155 -0.164112 -1.11719 
-1.91516 0.52343 -3.14184 1.53201 0.233897 -0.340592 -0.480733 -0.135142 -1.1474 
-1.89089 0.517098 -2.97152 1.65579 0.237803 -0.321875 -0.464394 0.0374247 -1.11995 
-1.88618 0.622146 -2.93725 1.65973 0.0659108 -0.246502 -0.527078 0.073982 -1.14629 
-1.85589 0.693515 -3.17157 1.84979 0.112758 -0.216023 -0.371692 0.0218828 -0.924562 
-1.88341 0.670176 -3.19355 1.82523 0.0550551 -0.263867 -0.444312 -0.0155486 -0.912926 
-1.99442 0.500748 -2.98934 1.63348 -0.146525 -0.547594 -0.556379 -0.0581475 -0.992244 
-1.98454 0.58344 -3.13345 1.5881 -0.232361 -0.528862 -0.690659 0.0485061 -0.915362 
-1.88448 0.72814 -3.01715 1.66001 -0.208109 -0.407217 -0.77475 -0.0790335 -0.779064 
-1.90391 0.883655 -2.72036 1.71055 -0.0890537 -0.427923 -0.635582 -0.0309682 -0.867806 
-1.85161 0.909811 -2.85318 1.77139 -0.0216033 -0.394457 -0.509517 -0.116682 -0.881663 
-1.94406 0.930373 -2.82057 1.61639 0.102909 -0.404278 -0.584193 -0.0894547 -0.798896 
-2.09538 1.15185 -2.79933 1.44352 0.14395 -0.453721 -0.579091 -0.186957 -0.592796 
-2.13596 1.27094 -2.94984 1.65748 0.103879 -0.451051 -0.764605 -0.109009 -0.473009 
-2.05212 1.13554 -2.99063 1.65972 -0.0453969 -0.427912 -0.701794 0.0222097 -0.639615 
