Mean 0 Mean 1 Mean 2 Mean 3 Mean 4 Mean 5 Mean 6 Mean 7 Mean 8 
3.03609 2.72569 -1.00881 1.75185 1.16926 -0.803104 1.81941 2.05325 2.9197 
3.14649 3.0362 -0.734228 1.70843 1.3823 -0.126637 1.76597 1.76412 2.76402 
2.93242 2.84287 -0.894662 1.73502 1.24921 -0.139149 2.14635 1.74057 2.41752 
2.73872 3.12404 -0.808156 1.45785 1.28287 -0.633255 1.96092 1.78659 2.07134 
2.69146 2.86295 -0.85522 1.51714 1.22213 -0.786939 1.83337 1.61677 2.34132 
2.51573 2.83725 -0.863823 1.27075 1.42962 -0.974233 1.86833 1.67908 2.1508 
2.51988 3.16638 -1.16407 1.16846 1.62105 -0.815874 1.43821 1.87196 2.15357 
2.44682 3.27239 -0.959127 1.08306 1.74728 -0.953252 1.43829 1.92685 2.05809 
2.51712 3.21552 -1.01427 1.10502 1.68258 -1.25568 1.48246 1.7968 2.13801 
2.59511 3.17703 -1.12423 1.18794 1.61478 -1.43589 1.58157 1.74903 2.30017 
2.69462 3.20485 -1.12446 1.16317 1.65544 -1.46013 1.58999 1.79711 2.33468 
2.66848 3.27138 -1.10981 1.09831 1.44942 -1.50234 1.58732 1.53385 2.22965 
2.83496 3.28457 -0.904373 0.905025 1.38293 -1.30688 1.79667 1.69996 2.21223 
2.50693 3.42391 -0.845116 0.823438 1.44693 -1.28302 1.75259 1.8324 2.38345 
2.632 3.36167 -0.689891 0.802042 1.39515 -1.18387 1.6638 2.11204 2.26381 
2.6924 3.28179 -0.679549 0.730064 1.50616 -1.02301 1.90894 1.96523 2.24257 
2.50627 3.26093 -0.6157 0.915912 1.37386 -0.957255 1.87808 1.93637 2.31012 
2.38705 3.43443 -0.474034 0.865538 1.19363 -0.975024 1.74944 1.8608 2.24181 
2.40906 3.4247 -0.357555 1.04818 1.23367 -1.01601 1.74163 1.78436 2.21908 
2.51068 3.4086 -0.320063 0.941629 1.17504 -0.933526 1.73277 1.55298 2.11357 
2.44525 3.41973 -0.395411 0.907918 1.30111 -0.660564 1.74725 1.76684 2.26101 
2.26376 3.47563 -0.317555 1.12367 1.20298 -0.609988 1.74593 1.71602 2.07178 
2.37818 3.58147 -0.325828 1.15175 1.08837 -0.553011 1.67662 1.47633 2.16973 
2.32331 3.63789 -0.452785 1.07152 0.916107 -0.522602 1.68593 1.70069 2.15677 
2.20755 3.5704 -0.443187 1.0178 0.716589 -0.351768 1.6686 1.762 2.24691 
2.3289 3.49723 -0.414662 0.938175 0.689456 -0.285695 1.69152 1.87995 2.5314 
2.5507 3.48788 -0.399255 0.878432 0.639032 -0.201392 1.69245 1.93433 2.81404 
2.61677 3.43415 -0.317955 0.801561 0.650756 -0.213839 1.82136 1.86757 2.61005 
2.68698 3.34911 -0.282026 0.882977 0.642014 -0.15907 1.83727 1.58303 2.59041 
2.65945 3.40342 -0.35492 1.0346 0.529638 -0.136973 1.64151 1.64536 2.61332 
2.54259 3.20659 -0.397788 1.03188 0.361136 -0.12408 1.50571 1.66597 2.46696 
2.57713 3.22493 -0.383921 1.15323 0.320528 -0.137962 1.52771 1.62392 2.47292 
2.63869 3.33307 -0.35216 1.20557 0.326788 -0.209066 1.59218 1.62658 2.60471 
2.56976 3.50376 -0.363391 1.11237 0.462651 -0.240761 1.41178 1.50569 2.48937 
2.57549 3.5386 -0.483899 0.990761 0.433156 -0.180531 1.50763 1.31263 2.53998 
2.526 3.58954 -0.594949 0.928755 0.414931 -0.236442 1.59178 1.24573 2.6924 
2.49018 3.7746 -0.556442 0.872902 0.338078 -0.360399 1.58622 1.11037 2.63465 
2.48721 3.60764 -0.467461 1.19933 0.466094 -0.533287 1.63126 1.14704 2.56865 
2.4726 3.6442 -0.456716 1.17291 0.538394 -0.541165 1.86574 1.13185 2.58277 
2.35855 3.64401 -0.475232 1.12631 0.494116 -0.598955 1.73725 1.26525 2.49507 
2.38722 3.5377 -0.364604 1.2739 0.541473 -0.657743 1.92686 1.2693 2.56172 
2.40314 3.53237 -0.379018 1.16663 0.542372 -0.68851 1.83729 1.27772 2.65461 
2.43518 3.42739 -0.433555 1.1794 0.629022 -0.684287 1.77192 1.25897 2.71458 
2.40579 3.38386 -0.437937 1.0916 0.729205 -0.600943 1.63016 1.37291 2.72297 
2.42988 3.40414 -0.504356 1.05294 0.593382 -0.571724 1.93788 1.1922 2.65504 
2.30188 3.59583 -0.644825 1.1206 0.794181 -0.8839 1.73214 1.20682 2.37633 
2.20856 3.7865 -0.583142 0.994409 0.899511 -0.828012 1.61845 1.0863 2.36893 
2.20998 3.47751 -0.563135 1.06083 0.856831 -0.817635 1.70306 0.913692 2.42558 
2.25964 3.66763 -0.407909 0.860195 0.933543 -0.922807 1.87813 0.766704 2.25108 
2.49752 3.50234 -0.602705 0.782248 1.04491 -0.87781 1.87909 0.731488 2.3954 
2.35454 3.65773 -0.584032 0.70425 1.07453 -0.865085 1.70438 0.641992 2.40917 
2.32657 3.66097 -0.560443 0.678158 1.12844 -0.744591 1.87547 0.734602 2.48295 
2.26384 3.65653 -0.669139 0.820139 1.08369 -0.644441 1.97851 0.694682 2.51201 
2.14589 3.623 -0.593513 0.670465 1.08984 -0.561846 2.07038 0.866097 2.47588 
2.06033 3.64163 -0.515542 0.629632 0.90764 -0.511018 1.7201 0.877018 2.46639 
2.23814 3.68013 -0.535168 0.589545 1.02182 -0.480945 1.70725 0.989743 2.58058 
2.29243 3.76814 -0.539209 0.531361 1.08868 -0.536072 1.60885 1.22404 2.66622 
2.2498 3.64927 -0.524722 0.478373 0.996898 -0.459055 1.68498 1.00283 2.69393 
2.13208 3.75979 -0.493926 0.643642 0.932046 -0.492366 1.65549 1.08167 2.84974 
2.20663 3.69735 -0.665964 0.47094 0.942938 -0.49518 1.59069 0.923553 3.04171 
2.21911 3.73924 -0.588055 0.46786 1.00454 -0.404265 1.67038 0.983011 3.02694 
2.17658 3.66855 -0.574826 0.449572 0.885602 -0.332569 1.66708 0.691477 2.92525 
2.20677 3.72586 -0.445718 0.451416 0.901303 -0.421674 1.88234 0.848588 2.92705 
2.24221 3.70782 -0.458572 0.450379 1.03288 -0.33211 2.0663 0.803506 3.04612 
2.16127 3.64106 -0.343558 0.598558 0.948413 -0.415414 2.07208 0.722392 3.13454 
2.06859 3.5268 -0.448328 0.65609 0.779813 -0.382107 2.01415 0.72396 3.08261 
1.97987 3.70192 -0.41211 0.640161 0.611327 -0.489429 2.16396 0.66692 2.98361 
2.08463 3.73482 -0.407284 0.738398 0.496395 -0.426654 2.06129 0.66361 3.02703 
2.09814 3.76287 -0.572728 0.799638 0.489886 -0.351355 2.16061 0.653868 3.09282 
2.12007 3.82118 -0.583937 0.923505 0.449918 -0.394769 2.03354 0.844358 3.28367 
2.13017 3.69482 -0.559269 0.722738 0.437317 -0.422701 1.81432 0.750405 3.25244 
2.17518 3.60191 -0.491049 0.547959 0.483669 -0.435308 1.64808 0.667696 3.20174 
2.27496 3.64106 -0.470146 0.507545 0.407098 -0.410269 1.57019 0.69774 3.26506 
2.21409 3.72464 -0.503157 0.574299 0.522171 -0.467822 1.5757 0.620595 3.03294 
2.1182 3.77783 -0.525375 0.668179 0.450235 -0.500029 1.4905 0.712313 3.13769 
2.16725 3.64595 -0.612444 0.928306 0.386505 -0.417273 1.51609 0.596578 3.10311 
2.30814 3.72557 -0.591992 0.792814 0.391897 -0.453329 1.6166 0.461234 3.13832 
2.36591 3.76743 -0.600071 0.677359 0.377756 -0.51728 1.6165 0.40357 3.21977 
2.46018 3.69279 -0.478782 0.570212 0.539917 -0.615771 1.51748 0.498285 3.21406 
2.56835 3.47716 -0.492719 0.555674 0.455194 -0.642167 1.56614 0.602155 3.30425 
2.44659 3.4259 -0.477542 0.505135 0.492321 -0.789087 1.93039 0.733065 3.328 
2.35971 3.4893 -0.459634 0.301169 0.679011 -0.709541 1.7911 0.625763 3.16939 
2.26104 3.5083 -0.501338 0.153611 0.83422 -0.624195 1.63642 0.612546 2.97465 
2.33171 3.6792 -0.608805 0.308126 0.808067 -0.622955 1.61078 0.547139 2.9695 
2.18524 3.62949 -0.615115 0.448468 0.81507 -0.57216 1.64431 0.388923 3.04348 
2.18067 3.41955 -0.757298 0.647623 0.763101 -0.487358 1.78789 0.261719 3.00709 
2.1745 3.38764 -0.686067 0.754674 0.721674 -0.470134 1.66536 0.345698 2.97253 
2.49397 3.70225 -0.552125 0.663301 0.7168 -0.386279 1.61858 0.357457 3.11345 
2.42619 3.77675 -0.575657 0.687125 0.739089 -0.363903 1.45731 0.456496 3.16708 
2.39805 3.6976 -0.581728 0.823407 0.72799 -0.423891 1.57075 0.446962 3.14251 
2.26089 3.66757 -0.578133 0.879028 0.683213 -0.425328 1.50155 0.407567 3.06523 
2.35244 3.56866 -0.500794 0.831621 0.682067 -0.648641 1.60964 0.29327 3.1419 
2.30794 3.5482 -0.53332 0.83765 0.628231 -0.622156 1.58714 0.133426 3.04144 
2.34444 3.74093 -0.591282 0.626129 0.694951 -0.596466 1.58903 0.165058 3.16674 
2.32138 3.86905 -0.538249 0.627576 0.619961 -0.517156 1.50579 0.163364 3.17005 
2.28325 3.86403 -0.41456 0.584394 0.621117 -0.493686 1.38501 0.207254 3.26875 
2.37612 3.8547 -0.404441 0.617545 0.534861 -0.51735 1.35705 0.146103 3.40831 
2.33069 3.86075 -0.336005 0.498359 0.635304 -0.496167 1.32418 0.212508 3.51658 
2.46638 3.86008 -0.240593 0.532951 0.553754 -0.437286 1.28063 0.203259 3.59205 
2.57609 3.96282 -0.302164 0.582185 0.726043 -0.158565 1.31019 0.125561 3.62375 
