Mean 0 Mean 1 Mean 2 Mean 3 Mean 4 Mean 5 Mean 6 Mean 7 Mean 8 
-0.229271 2.10838 -1.06336 0.805733 1.13257 0.571299 2.73159 2.80765 1.33729 
-0.109648 1.81267 -0.835506 0.851329 1.04271 0.731603 -0.186085 -3.03972 2.18516 
-0.703553 2.248 -1.09785 0.954067 0.967253 0.541492 -3.13985 -3.10177 1.42902 
-0.405827 2.10919 -0.785075 1.07125 0.355191 0.538658 -2.89164 -2.99153 1.31731 
-0.467256 2.55052 -0.539643 0.613615 0.620709 0.353446 -2.99318 -3.30364 1.3361 
-0.488363 2.39081 -0.570535 0.729668 0.660398 0.383668 -2.95848 -3.45647 1.44947 
-0.295399 2.06846 -0.92385 0.924961 0.585337 0.358896 -3.09525 -3.12495 1.43685 
-0.0380837 2.23108 -0.921104 0.736376 0.437765 0.44954 -3.0978 -3.04872 1.48371 
-0.2154 1.92522 -0.938705 1.08517 0.225048 0.437608 -3.12465 -3.05394 1.50469 
-0.336242 1.78675 -0.893645 1.33143 0.115428 0.289809 -3.1633 -3.09126 1.55823 
-0.81847 2.09492 -0.979428 1.11763 0.0751811 0.261597 -3.1455 -3.43243 1.67734 
-0.77079 1.97007 -0.968238 1.05654 0.0127705 0.0877272 -2.99424 -3.30685 1.71537 
-0.61985 2.1056 -0.949676 1.18003 0.0487277 0.112552 -3.16943 -3.0955 1.61456 
-0.649799 2.20992 -0.949619 1.04499 -0.0614801 0.0397734 -3.17824 -3.37636 1.48104 
-0.916757 2.38798 -0.831307 0.86807 0.105299 0.125225 -3.20858 -3.24047 1.56853 
-0.885387 2.25622 -0.823292 0.860909 0.0768851 0.105333 -3.01639 -3.28709 1.72624 
-1.05035 2.25942 -0.690118 0.732374 0.237784 0.0920731 -2.87263 -3.22037 1.49295 
-0.901514 2.20978 -0.660732 0.658759 0.166268 -0.241088 -2.71739 -3.04581 1.25487 
-0.783263 2.15053 -0.679929 0.502318 0.0884859 -0.179607 -2.83649 -3.2172 1.25739 
-0.544261 2.01296 -0.969392 0.617583 0.0204642 -0.0477703 -3.04037 -3.13006 1.21555 
-0.345924 2.21629 -0.900389 0.560201 -0.0784843 0.0344123 -3.08301 -3.1439 1.24532 
-0.33532 2.17939 -0.823714 0.477627 0.000473007 0.0941072 -3.0055 -2.95621 1.48028 
-0.513878 2.09918 -0.83009 0.459992 0.0157642 -0.0259891 -3.00289 -2.97147 1.42773 
-0.649562 2.31572 -0.808472 0.401079 0.0892049 -0.0201264 -3.07878 -3.03977 1.45626 
-0.661108 2.31867 -0.836129 0.469853 -0.0145633 -0.0178509 -3.29313 -3.14773 1.37372 
-0.598048 2.5152 -0.710186 0.494804 0.0869774 0.0820449 -3.01754 -3.16997 1.49228 
-0.599707 2.47684 -0.880946 0.418184 0.098645 0.105864 -2.90585 -3.23707 1.28197 
-0.698915 2.24168 -1.01419 0.452704 0.0683821 0.0741849 -2.93585 -3.26908 1.42475 
-0.765619 2.20832 -0.988756 0.340698 0.134669 0.0109126 -2.82524 -3.46168 1.33734 
-0.805648 2.17128 -0.986655 0.42745 0.0629516 0.0207945 -2.81914 -3.5386 1.41797 
-0.793347 2.01771 -1.01184 0.268301 0.135421 0.00033634 -2.72044 -3.70499 1.40836 
-0.822047 1.92255 -1.10798 0.223943 0.196055 -0.0828956 -2.64129 -3.7263 1.31896 
-0.742364 1.99064 -1.08655 0.173253 0.121599 0.04877 -2.63214 -3.74262 1.16084 
-0.847661 1.88328 -1.01563 0.188506 0.113162 0.0450876 -2.72502 -3.64623 1.03792 
-0.745143 2.05936 -0.85988 0.150422 0.177007 -0.0238722 -2.71531 -3.61029 1.00534 
-0.659164 1.85396 -0.762659 0.313165 0.0122017 -0.0039014 -2.87278 -3.55793 0.881444 
-0.696505 1.95235 -0.825283 0.277076 0.0339957 -0.0182967 -2.89096 -3.79207 0.894554 
-0.650074 2.14547 -0.770665 0.373349 0.165658 -0.0516815 -2.64942 -3.81579 0.96223 
-0.619138 2.22589 -0.833006 0.360854 0.193807 0.0615894 -2.72522 -3.75841 1.10063 
-0.575162 2.28557 -0.756946 0.388004 0.523343 0.0777164 -2.77227 -3.61025 1.1905 
-0.58275 2.11079 -0.656385 0.311597 0.531395 0.0202876 -2.69874 -3.4782 1.01391 
-0.458893 2.09187 -0.753804 0.335734 0.566237 0.0175495 -2.47683 -3.60272 0.987219 
-0.421481 2.05907 -0.856559 0.373837 0.569691 0.0375577 -2.27946 -3.72331 0.939318 
-0.479098 2.0265 -0.806444 0.382171 0.501796 0.048949 -2.3822 -3.62243 0.961439 
-0.47988 2.11114 -0.830677 0.317793 0.505377 -0.033498 -2.36308 -3.71025 1.13781 
-0.589897 2.25277 -0.862324 0.318916 0.549238 0.038586 -2.35026 -3.91605 1.15485 
-0.534959 2.05742 -0.764315 0.296512 0.546346 0.0269011 -2.59005 -3.91497 1.20172 
-0.558113 1.9729 -0.776459 0.402848 0.444705 -0.00764571 -2.57087 -4.0579 1.05066 
-0.526015 1.91688 -0.73401 0.464922 0.358702 -0.0840348 -2.61817 -4.1393 0.865248 
-0.425953 1.82766 -0.723798 0.428906 0.427937 -0.0565375 -2.63669 -4.06632 1.17482 
-0.404104 1.69109 -0.873017 0.512506 0.55444 0.0958534 -2.41975 -4.18621 0.999955 
-0.346654 1.72331 -0.861843 0.5482 0.520415 0.139286 -2.50325 -4.20611 1.0225 
-0.352627 1.82948 -0.947584 0.519394 0.494212 0.291936 -2.52086 -4.05576 1.04267 
-0.491914 1.8734 -1.03377 0.529352 0.43421 0.283873 -2.55441 -4.07196 1.07363 
-0.399735 1.87492 -0.940396 0.448796 0.361117 0.281103 -2.52317 -4.1092 0.945893 
-0.449326 1.75642 -0.781673 0.410937 0.252591 0.35094 -2.52656 -3.98801 1.09227 
-0.488553 1.6999 -0.723992 0.368902 0.426488 0.342673 -2.50767 -3.99022 1.14678 
-0.493323 1.90931 -0.896886 0.262581 0.460504 0.300592 -2.65676 -4.10793 1.14448 
-0.660628 2.12042 -0.899038 0.348807 0.4807 0.238522 -2.95697 -4.26041 1.05537 
-0.642071 2.00528 -0.747233 0.325125 0.393865 0.143772 -3.17398 -4.33606 1.03681 
-0.594525 1.97395 -0.940951 0.165039 0.353873 0.107313 -3.11465 -4.41648 1.26314 
-0.59072 1.94417 -0.861832 0.210063 0.401885 0.155379 -3.04229 -4.38782 1.32226 
-0.620567 1.9712 -0.897081 0.19623 0.467218 0.00824005 -3.06578 -4.34371 1.40738 
-0.408333 1.92135 -0.871985 0.221784 0.546252 -0.0863024 -3.01178 -4.2941 1.33958 
-0.348935 1.99018 -0.93196 0.211336 0.441104 -0.109946 -2.80345 -4.49594 1.35818 
-0.298691 2.13586 -1.04204 0.221038 0.359561 -0.156769 -2.57098 -4.64962 1.42459 
-0.337654 2.28802 -1.17416 0.249046 0.285274 -0.166683 -2.41318 -4.67693 1.49028 
-0.223496 2.3572 -1.23538 0.216978 0.275302 -0.132764 -2.40368 -4.55201 1.48761 
-0.315425 2.2519 -1.19405 0.227852 0.253898 -0.156599 -2.46459 -4.54533 1.65286 
-0.121747 2.16696 -1.30059 0.187473 0.358526 -0.0937455 -2.52245 -4.45216 1.8495 
0.0209582 2.07689 -1.38266 0.159318 0.476723 -0.0569549 -2.56866 -4.43238 2.0391 
0.150271 2.19873 -1.33401 0.175628 0.478914 -0.0936317 -2.63109 -4.33389 2.05019 
0.0489746 2.1266 -1.37065 0.21783 0.454085 -0.194959 -2.69483 -4.14505 1.76008 
-0.224161 2.23937 -1.41437 0.209926 0.461239 -0.240258 -2.67543 -4.26904 1.90492 
-0.161763 2.19468 -1.32968 0.255681 0.336672 -0.153095 -2.78193 -4.18093 1.90577 
0.0222604 2.2043 -1.34803 0.234533 0.276881 -0.158697 -3.08322 -4.22636 1.95603 
0.125905 2.13956 -1.33224 0.284198 0.179637 -0.150247 -3.05631 -4.30301 1.90446 
0.161325 2.10054 -1.16817 0.17833 0.297016 -0.260917 -3.00082 -4.33301 1.8861 
0.109649 2.12575 -1.06332 0.235506 0.201816 -0.205703 -2.9656 -4.26768 1.88091 
0.261121 2.10818 -1.02946 0.298735 0.00726795 -0.26603 -3.05761 -4.37915 1.79683 
0.38017 2.14871 -0.985831 0.300977 0.0702733 -0.218821 -2.91565 -4.46409 1.85616 
0.358208 2.2777 -0.923498 0.121346 0.0996625 -0.23734 -2.81428 -4.53366 1.92017 
0.341935 2.21224 -1.01859 0.205612 0.035784 -0.283091 -2.73822 -4.76706 1.91355 
0.335818 2.12354 -0.825951 0.244256 -0.0451045 -0.143113 -2.66016 -4.6842 2.08065 
0.296275 2.2924 -0.941926 0.400801 -0.0408012 -0.167894 -2.69209 -4.7294 1.99309 
0.479156 2.23145 -0.930071 0.363976 0.015653 -0.285856 -2.73307 -4.74466 1.90834 
0.268623 2.1953 -1.03954 0.303974 0.0213445 -0.312297 -2.60707 -4.89018 1.84654 
0.330285 2.20856 -1.05696 0.318361 0.0695352 -0.340186 -2.73024 -4.86975 1.85365 
0.347301 2.28987 -0.9807 0.272139 0.103632 -0.28465 -2.75774 -4.81495 1.85833 
0.367935 2.24745 -0.925229 0.262816 0.0272321 -0.160439 -2.91368 -4.70299 1.98017 
0.343796 2.47714 -0.863411 0.186947 0.0793011 -0.274182 -2.82064 -4.75938 1.95089 
0.425536 2.48065 -0.79676 0.155867 0.0204627 -0.382096 -2.72004 -4.87033 1.92367 
0.42714 2.65694 -0.714825 0.0989016 0.0389011 -0.39781 -2.63034 -4.97081 1.93457 
0.495253 2.51934 -0.666851 0.0908467 0.045152 -0.60081 -2.54703 -5.06597 2.00255 
0.40353 2.73466 -0.506271 0.0258069 0.0771856 -0.692794 -2.56301 -5.30761 2.06993 
0.21897 2.60741 -0.546754 0.153456 0.0797569 -0.651717 -2.53728 -5.45774 1.8874 
0.0162925 2.61318 -0.419441 0.175601 0.0924883 -0.80143 -2.42801 -5.41011 1.93292 
0.122184 2.57938 -0.545607 0.147005 0.062889 -0.655012 -2.42109 -5.38298 2.00605 
0.13624 2.79136 -0.744124 0.101931 0.103568 -0.631126 -2.39371 -5.33463 2.0779 
0.179654 2.96818 -0.928955 0.0770254 0.133317 -0.626849 -2.39701 -5.26204 2.07643 
0.179869 3.12185 -0.821106 0.097328 0.179457 -0.548249 -2.31494 -5.16171 2.08623 
0.140456 3.04916 -0.753696 0.107358 0.121689 -0.656118 -2.36875 -5.26415 2.08645 
