Mean 0 Mean 1 Mean 2 Mean 3 Mean 4 Mean 5 Mean 6 Mean 7 Mean 8 
2.8445 0.876 -2.4742 0.880399 1.0589 -2.4421 0.553601 -1.6633 -2.5738 
3.02924 0.513202 -2.32714 0.547936 0.592774 -2.32119 0.811203 -1.62154 -3.20086 
2.79454 0.922134 -2.26907 0.382884 0.648656 -2.77745 0.524722 -1.50925 -3.37747 
2.49754 0.807878 -2.26649 0.569899 0.576008 -2.52059 0.619498 -1.44372 -3.12669 
2.5418 0.52466 -2.23153 0.691349 0.301802 -2.67408 0.575804 -1.57067 -3.08519 
2.4676 0.709617 -2.25573 0.681204 0.356207 -2.28304 0.727607 -1.79636 -3.02074 
2.50785 0.633595 -1.97624 0.859686 0.572024 -2.32924 0.717574 -1.50093 -2.9514 
2.32008 0.942074 -1.77979 0.77498 0.592803 -1.90353 0.78077 -1.62911 -2.98421 
2.35538 1.16218 -1.96681 0.686769 0.523201 -2.15703 1.06644 -1.52052 -2.83999 
2.26923 1.06724 -1.98505 0.603988 0.489318 -1.89674 0.958267 -1.54023 -2.9414 
2.11106 0.889519 -1.83341 0.581314 0.374654 -1.82009 0.897325 -1.65352 -2.74121 
2.12539 0.869344 -1.57477 0.304738 0.318939 -1.76982 1.00234 -1.35281 -2.85377 
2.22485 0.768215 -1.59619 0.330338 0.450697 -1.46106 0.950035 -1.47529 -3.03604 
2.24114 0.66849 -1.63108 0.35573 0.395884 -1.5776 1.11403 -1.54711 -2.82204 
2.401 0.625783 -1.70138 0.27153 0.383169 -1.98417 1.3243 -1.40928 -3.11159 
2.39772 0.623901 -1.60232 0.101757 0.399069 -1.79123 1.17091 -1.43111 -3.27532 
2.46143 0.566424 -1.68372 0.213549 0.345509 -1.81529 1.19779 -1.47231 -3.2431 
2.38619 0.582969 -1.85038 0.336212 0.346088 -1.77185 1.20662 -1.44282 -3.14748 
2.40962 0.813209 -1.63644 0.26724 0.329377 -1.67005 1.37085 -1.45184 -3.10292 
2.39795 0.714189 -1.71236 0.254827 0.310091 -1.72726 1.44789 -1.52464 -3.20237 
2.37179 0.753579 -1.77491 0.238324 0.35326 -1.6982 1.42553 -1.82834 -2.97361 
2.33119 0.753746 -1.75553 0.27237 0.150438 -1.55704 1.29971 -1.75141 -2.77655 
2.25431 0.629834 -1.62755 0.366817 0.199653 -1.78556 1.31631 -1.70063 -2.6792 
2.23615 0.691485 -1.67926 0.361073 0.161583 -1.91084 1.09042 -1.62447 -2.7677 
2.11693 1.00041 -1.46822 0.238487 0.139087 -1.98932 1.03248 -1.64215 -2.871 
2.02952 1.06647 -1.52654 0.257538 0.0288037 -1.98169 0.939139 -1.55232 -3.03445 
2.14776 0.968323 -1.48236 0.244979 -0.0193475 -1.99853 1.10151 -1.57475 -3.20864 
2.22046 0.968102 -1.50352 0.175817 0.0230621 -1.83045 1.15102 -1.61944 -3.21007 
2.23373 1.02277 -1.53129 0.230082 0.0155299 -1.8184 1.23598 -1.54421 -2.95006 
2.30106 0.96858 -1.55754 0.376648 0.108606 -1.60081 1.3969 -1.67057 -2.70919 
2.38798 0.552097 -1.69607 0.396417 0.108804 -1.54387 1.39004 -1.78873 -2.68956 
2.26746 0.652968 -1.69972 0.424005 -0.00339645 -1.32798 1.32583 -1.69349 -2.80895 
2.3608 0.81827 -1.54943 0.34553 0.0784758 -1.4642 1.33189 -1.6812 -2.88599 
2.2194 0.773826 -1.44805 0.551157 0.0555856 -1.56083 1.39335 -1.58847 -3.0324 
2.24238 0.748521 -1.49964 0.544236 0.0201248 -1.71874 1.10436 -1.56276 -2.81775 
2.29696 0.881241 -1.47167 0.519989 0.0870098 -1.76705 1.09676 -1.3799 -2.80188 
2.29306 0.85564 -1.44005 0.573099 0.0329368 -1.7804 1.21223 -1.44801 -2.79253 
2.45169 0.84734 -1.44434 0.457006 -0.0157322 -1.79285 1.22115 -1.53575 -2.92916 
2.4356 0.898845 -1.35644 0.432941 0.0255409 -1.87751 0.951754 -1.49193 -2.67246 
2.44216 0.932531 -1.38093 0.394038 -0.0214626 -1.96666 0.91631 -1.43501 -2.70635 
2.51258 0.874869 -1.38102 0.404938 0.109351 -1.90836 0.910593 -1.39957 -2.56693 
2.46681 0.988848 -1.43708 0.336041 0.219195 -1.78889 0.914323 -1.49937 -2.57979 
2.54839 0.928051 -1.40588 0.346221 0.275946 -1.9429 1.14334 -1.43155 -2.47457 
2.38076 0.797952 -1.41858 0.402468 0.234265 -1.91895 1.21223 -1.56615 -2.71909 
2.46298 0.717253 -1.49665 0.487262 0.170332 -1.9982 1.131 -1.5884 -2.8585 
2.3677 0.9375 -1.47562 0.406 0.19474 -1.96583 1.03354 -1.80519 -2.95258 
2.41074 0.894138 -1.34847 0.331916 0.387828 -2.05185 1.19471 -1.71934 -3.07586 
2.42156 1.05616 -1.25658 0.112685 0.452238 -2.20166 1.35386 -1.92197 -3.20676 
2.43741 1.0156 -1.28339 0.10191 0.352051 -2.11196 1.4906 -2.04197 -3.27679 
2.46249 1.0025 -1.38725 0.191942 0.264699 -2.24339 1.44531 -1.84448 -3.09867 
2.47494 0.874806 -1.60603 0.191182 0.416882 -2.07657 1.32825 -1.64874 -3.24398 
2.58735 0.928079 -1.49077 0.0460726 0.305644 -2.22845 1.55293 -1.81954 -3.29403 
2.55675 0.985115 -1.32542 -0.0605789 0.216171 -2.29931 1.51031 -1.87617 -3.31152 
2.58989 1.1616 -1.26136 -0.00313169 0.104718 -2.3377 1.63845 -1.91617 -3.22146 
2.54194 1.11058 -1.27715 0.131545 0.215246 -2.16783 1.81977 -1.81465 -3.07396 
2.57861 1.19883 -1.17539 0.159437 0.194785 -2.16936 1.92269 -1.78886 -2.98962 
2.54711 1.22898 -1.05975 0.195123 0.178726 -2.25025 2.07969 -1.98748 -3.14631 
2.62443 1.29091 -1.16446 0.234237 0.192275 -2.41638 2.19634 -2.03698 -3.07563 
2.84625 1.21391 -1.43929 0.269178 0.379135 -2.26871 2.25673 -2.00517 -2.9411 
2.79754 1.05922 -1.49917 0.308204 0.395304 -2.06889 2.22768 -1.80214 -2.97145 
2.77643 1.10748 -1.41752 0.2707 0.446325 -1.97092 2.23928 -1.75552 -2.94714 
2.61739 0.983059 -1.44127 0.289121 0.50824 -1.96376 2.16978 -1.83215 -3.01647 
2.44449 0.895561 -1.51951 0.384633 0.367453 -2.10044 2.14891 -1.87978 -2.99543 
2.5568 0.96344 -1.34518 0.327316 0.370145 -2.13128 2.38303 -1.7574 -2.97264 
2.59267 0.853703 -1.47675 0.362901 0.409918 -2.13801 2.21307 -1.62604 -2.98461 
2.78941 0.997058 -1.22318 0.528052 0.387115 -2.32927 2.11997 -1.50674 -3.01665 
2.66608 1.08072 -1.33124 0.567027 0.382351 -2.36733 2.14298 -1.56488 -3.12205 
2.72031 0.945628 -1.47942 0.496211 0.255819 -2.28715 2.09284 -1.55134 -3.21714 
2.72656 0.828593 -1.5244 0.516449 0.232644 -2.29579 2.00328 -1.37529 -3.32875 
2.89717 0.708966 -1.65411 0.396804 0.158416 -2.23619 1.95543 -1.43215 -3.40479 
2.81148 0.830348 -1.59937 0.38216 0.151259 -2.20634 2.02701 -1.69433 -3.47992 
2.83161 0.790092 -1.51036 0.396877 0.102257 -2.20583 1.75493 -1.73392 -3.37826 
2.89512 0.81466 -1.5943 0.425602 -0.0133352 -2.16532 1.72894 -1.73489 -3.43883 
2.88533 0.747994 -1.64286 0.479673 -0.0487183 -2.16479 1.7633 -1.86605 -3.64347 
2.94263 0.663929 -1.62326 0.50763 -0.0250629 -2.02951 1.85257 -1.79897 -3.53466 
2.91171 0.846779 -1.43608 0.473386 0.0189638 -1.98635 1.91875 -1.76327 -3.38151 
3.00843 0.942684 -1.4421 0.356587 0.0404988 -2.19728 1.98549 -1.87103 -3.20136 
2.99689 0.96511 -1.35058 0.411424 0.0718631 -2.12872 1.93645 -1.73213 -3.37715 
2.96226 0.879612 -1.39395 0.355896 0.104464 -2.12476 2.00948 -1.81999 -3.56121 
2.98295 0.830457 -1.39765 0.268845 0.0290618 -2.2402 1.90464 -1.70838 -3.60864 
3.11582 0.828213 -1.25484 0.248937 0.0390809 -2.18095 1.85007 -1.61143 -3.748 
3.0963 0.826876 -1.10292 0.210909 0.086503 -2.01878 1.84199 -1.70278 -3.85159 
2.99143 0.834463 -1.13641 0.184886 0.202775 -1.97676 1.86667 -1.61503 -3.81457 
2.9826 0.729393 -1.23944 0.368383 0.25419 -1.77801 1.94979 -1.60532 -3.76198 
2.95281 0.814961 -1.04948 0.318565 0.259455 -1.95545 1.92171 -1.73671 -3.59985 
2.82776 0.737084 -1.10799 0.293812 0.294042 -1.85292 1.75628 -1.84519 -3.69626 
2.85566 0.764197 -0.982601 0.275126 0.43269 -1.81549 1.78569 -1.59117 -3.72089 
2.91511 0.745163 -0.843815 0.409486 0.396562 -1.79475 1.79408 -1.38701 -3.63184 
2.94605 0.84848 -0.833865 0.421987 0.191454 -1.71576 1.71626 -1.32955 -3.60753 
2.88561 0.821931 -0.77999 0.461973 0.0525604 -1.52436 1.77083 -1.33503 -3.59688 
2.87806 0.786372 -0.825983 0.388401 0.0793844 -1.74873 1.86864 -1.25561 -3.66835 
2.98287 0.855716 -0.714 0.382073 0.124395 -1.76987 1.70802 -1.29089 -3.48626 
2.8528 0.839847 -0.735015 0.545362 0.150902 -1.73718 1.68524 -1.53064 -3.60447 
2.85755 0.80593 -0.704051 0.540602 0.182495 -1.7766 1.86445 -1.75264 -3.51331 
2.77051 0.83732 -0.834622 0.477607 0.17607 -1.83009 1.83611 -1.79276 -3.52755 
2.81371 0.788963 -0.945264 0.423264 0.195213 -1.85036 1.73796 -1.69646 -3.48716 
2.62228 0.716789 -0.949205 0.437114 0.0745189 -1.85827 1.60993 -1.48708 -3.48109 
2.72165 0.824646 -0.841464 0.332999 -0.0470221 -1.94868 1.74652 -1.50203 -3.73624 
2.55767 1.07633 -0.837624 0.0528592 -0.0158054 -2.00014 1.77173 -1.64981 -3.57817 
2.59203 1.17603 -0.950756 -0.0259689 0.0624188 -2.02498 1.68308 -1.46858 -3.5772 
