Mean 0 Mean 1 Mean 2 Mean 3 Mean 4 Mean 5 Mean 6 Mean 7 Mean 8 
-0.53633 -0.858775 -1.00979 2.76828 0.39869 1.07123 0.457018 -2.163 -2.53873 
-1.51433 -1.04629 -0.925008 2.61282 0.0787602 0.464185 0.714603 -2.34989 -2.61187 
-1.57587 -0.984214 -0.937276 2.49624 0.00679544 0.408512 0.652884 -2.41512 -2.80095 
-0.910164 -0.759533 -0.81392 2.32132 0.0727794 0.346476 0.490833 -2.39725 -3.01169 
-1.25694 -0.81996 -0.832229 2.67897 -0.112667 0.340242 0.782697 -2.22244 -3.11888 
-0.625553 -1.02292 -0.728872 2.75122 -0.165825 0.334098 0.940763 -2.13636 -3.04651 
-0.227814 -1.2516 -0.770464 2.78161 -0.0693591 0.236916 0.840232 -1.82796 -2.98726 
0.478816 -1.11968 -0.80701 2.72432 -0.133515 0.252534 0.64344 -1.70874 -3.18161 
-0.249464 -0.804363 -0.650963 2.70275 0.151625 0.498471 0.788797 -1.86024 -3.15865 
-0.241008 -0.979241 -0.846326 2.78415 0.127064 0.312831 0.753604 -1.59065 -3.03186 
-0.008282 -0.921906 -1.14246 2.74106 -0.0391478 0.34817 0.824347 -1.58813 -2.89452 
0.362281 -0.813404 -1.26455 2.86111 -0.0820836 0.37459 0.684633 -1.50078 -2.81937 
0.0283858 -0.816266 -0.870127 2.53189 -0.0918317 0.601445 0.866788 -1.35788 -2.92003 
-0.450185 -0.658936 -0.689506 2.53708 -0.0980997 0.606854 1.04384 -1.55343 -3.14354 
-0.576721 -0.536839 -0.760456 2.45052 -0.122 0.705821 0.830999 -1.72265 -3.11699 
-0.00842756 -0.702722 -0.963369 2.52314 -0.119849 0.730249 0.969931 -1.71275 -3.09194 
0.148602 -0.684575 -1.11977 2.51299 -0.169801 0.737865 1.09813 -1.96163 -3.21627 
-0.417925 -0.68046 -0.967864 2.67325 -0.0592679 0.610587 1.08021 -2.0518 -3.36824 
-0.997357 -0.61107 -0.927518 2.49572 -0.150618 0.537761 1.10729 -1.86451 -3.25271 
-0.741884 -0.528843 -1.0567 2.41685 -0.026548 0.515757 1.22779 -1.87893 -3.28455 
-1.10763 -0.483406 -0.819882 2.59165 -0.064 0.460587 1.22613 -2.01804 -3.31222 
-1.14618 -0.524896 -0.935378 2.57554 -0.0400449 0.77708 1.24127 -1.88629 -3.12238 
-1.0847 -0.525937 -1.05055 2.62885 0.197453 0.718652 1.16061 -1.81275 -3.25676 
-0.588715 -0.415031 -1.05208 2.581 0.214168 0.677963 1.02656 -1.78628 -3.07771 
-0.378223 -0.649983 -1.02095 2.53718 0.285356 0.534456 0.985399 -1.78108 -3.22389 
-0.738503 -0.714286 -1.04187 2.49289 0.32659 0.490136 1.07956 -1.746 -3.18292 
-0.458441 -0.565461 -1.15445 2.32704 0.26926 0.540152 1.19424 -1.79355 -3.13965 
-0.234215 -0.516244 -1.03946 2.50159 0.121112 0.57358 1.17879 -1.87802 -3.17402 
-0.468882 -0.530333 -1.05432 2.4812 0.056506 0.423911 1.13972 -1.71979 -3.09829 
0.193764 -0.448858 -0.890372 2.35591 0.0783601 0.377959 1.22281 -1.79518 -3.26565 
0.764187 -0.389539 -0.710684 2.31311 0.140764 0.382511 1.3018 -1.88719 -3.37945 
1.04092 -0.52356 -0.609528 2.34965 0.26792 0.377659 1.13041 -1.95389 -3.4347 
1.01212 -0.504564 -0.627585 2.53216 0.273252 0.558117 1.16074 -2.18041 -3.50638 
1.02982 -0.566399 -0.593703 2.51751 0.373737 0.455717 1.08378 -2.10761 -3.59361 
0.699682 -0.541817 -0.422881 2.56671 0.440161 0.422465 1.0425 -2.11819 -3.67509 
0.699729 -0.508893 -0.396087 2.54792 0.481343 0.385533 1.05261 -1.91309 -3.54765 
0.974827 -0.355771 -0.388688 2.39347 0.491329 0.3333 1.15027 -1.84106 -3.49735 
0.926127 -0.310456 -0.605962 2.23998 0.418378 0.276446 1.26026 -1.74837 -3.58852 
1.02063 -0.361777 -0.635697 2.26561 0.370577 0.259773 1.21314 -1.82966 -3.66962 
1.19461 -0.428243 -0.580373 2.30796 0.506487 0.208625 1.21396 -1.90193 -3.87653 
1.29864 -0.526128 -0.478569 2.48166 0.5229 0.150968 1.40929 -1.91674 -3.76256 
1.31899 -0.495169 -0.492033 2.47123 0.454626 0.133661 1.32497 -1.80883 -3.7341 
1.23605 -0.622922 -0.479082 2.29629 0.569512 0.120603 1.03511 -1.94293 -3.58137 
1.22866 -0.518386 -0.565186 2.31184 0.48911 0.196785 1.19404 -2.07949 -3.40683 
1.15409 -0.617729 -0.542181 2.38308 0.557685 0.197077 1.09618 -1.72835 -3.23835 
1.12261 -0.630909 -0.637871 2.42085 0.533701 0.131972 1.03054 -1.6926 -3.27409 
0.991075 -0.622025 -0.680394 2.43042 0.612454 0.205151 1.02758 -1.59559 -3.41127 
0.896423 -0.548977 -0.692208 2.57815 0.668214 0.000418375 1.04406 -1.77799 -3.29155 
0.847551 -0.745101 -0.622208 2.6611 0.599368 -0.00125571 1.14077 -1.96493 -3.33942 
0.800632 -0.689315 -0.586817 2.6707 0.552162 0.0900811 1.13557 -2.05811 -3.58927 
0.660846 -0.60544 -0.529569 2.53273 0.652832 -0.0160807 0.955111 -1.97103 -3.65725 
0.469508 -0.758658 -0.404554 2.49427 0.477015 -0.00359707 1.05761 -1.94814 -3.67554 
0.357143 -0.66646 -0.514632 2.5466 0.408475 0.0168697 1.09294 -2.02945 -3.62798 
0.165644 -0.617353 -0.505609 2.65941 0.360801 0.172426 1.01629 -1.99868 -3.53361 
0.103443 -0.398769 -0.477173 2.51069 0.261601 0.179473 1.2221 -2.27207 -3.56651 
0.0737325 -0.337926 -0.488156 2.58997 0.260852 0.23024 1.30518 -2.02788 -3.65933 
-0.0607948 -0.332126 -0.386413 2.58877 0.37172 0.353451 1.36652 -1.92927 -3.58889 
-0.0897613 -0.454627 -0.383115 2.47298 0.6293 0.254414 1.32242 -1.76309 -3.54648 
-0.0501851 -0.39723 -0.317234 2.53629 0.61223 0.142755 1.48364 -1.929 -3.7098 
-0.0399417 -0.324817 -0.35687 2.4228 0.665278 0.187323 1.52878 -1.96572 -3.73561 
-0.123871 -0.248742 -0.277406 2.39701 0.726297 0.202465 1.58507 -1.73177 -3.75035 
0.0625582 -0.16273 -0.174233 2.4722 0.736446 0.0727455 1.52246 -1.62723 -3.74406 
-0.0718221 -0.352456 -0.387774 2.54469 0.837313 0.0444622 1.43433 -1.52072 -3.77475 
0.0662574 -0.209797 -0.50954 2.53336 0.725665 -0.0107059 1.6452 -1.74786 -3.67378 
0.184271 -0.322679 -0.602056 2.35867 0.615157 0.0311635 1.65023 -1.58259 -3.70469 
0.324798 -0.236711 -0.675331 2.33472 0.591024 0.0532624 1.6584 -1.52328 -3.67086 
0.283295 -0.260381 -0.593925 2.40196 0.51605 -0.0838283 1.7644 -1.46601 -3.61788 
0.279369 -0.297396 -0.51702 2.43539 0.603245 0.116687 1.75322 -1.54213 -3.5148 
0.375126 -0.34329 -0.550343 2.39456 0.582113 0.198156 1.79581 -1.61439 -3.50156 
0.380255 -0.291036 -0.575082 2.45409 0.605417 0.0673716 1.80809 -1.71905 -3.56166 
0.351982 -0.310109 -0.484039 2.5048 0.486746 0.209928 1.64581 -1.8037 -3.63068 
0.329184 -0.303622 -0.473137 2.65121 0.568825 0.132939 1.60364 -1.80858 -3.67719 
0.378743 -0.327918 -0.449528 2.69477 0.491325 0.109653 1.65314 -1.98384 -3.9182 
0.562023 -0.259215 -0.468319 2.76179 0.704544 0.0234429 1.7804 -1.87901 -3.92761 
0.726253 -0.335276 -0.520828 2.7174 0.687953 -0.0648318 1.72404 -1.91236 -3.80753 
0.662043 -0.316448 -0.503413 2.77841 0.593385 -0.0985366 1.54864 -2.00034 -3.70098 
0.689861 -0.227926 -0.4833 2.89842 0.608925 -0.0312888 1.63356 -1.92424 -3.73029 
0.878982 -0.437798 -0.620845 2.85399 0.535555 -0.00169231 1.683 -1.83695 -3.70679 
1.08791 -0.370296 -0.633201 2.6488 0.4372 -0.0294428 1.63924 -1.80736 -3.5837 
0.96394 -0.44001 -0.525325 2.63649 0.398851 -0.0504411 1.61282 -1.84976 -3.52024 
0.791451 -0.404432 -0.421749 2.60529 0.422225 0.150501 1.64655 -2.00101 -3.38967 
0.676082 -0.358025 -0.408025 2.37794 0.61713 0.193973 1.51583 -2.09054 -3.5525 
0.638884 -0.142837 -0.482445 2.12882 0.72485 0.148231 1.5197 -1.91354 -3.37254 
0.7386 -0.108422 -0.422495 2.3681 0.654065 0.210477 1.56965 -1.98955 -3.41855 
0.815236 -0.0790224 -0.479243 2.53484 0.67215 0.183308 1.6093 -1.9627 -3.39881 
0.700025 -0.163332 -0.56835 2.49328 0.642848 0.208276 1.69451 -2.01791 -3.41583 
0.815199 -0.127031 -0.528909 2.43777 0.616585 0.204778 1.79539 -2.09854 -3.38271 
0.884833 -0.118164 -0.485451 2.53984 0.69295 0.200165 1.5964 -2.3556 -3.41846 
0.939195 -0.130442 -0.296095 2.52629 0.649418 0.317522 1.61499 -2.11515 -3.44998 
0.906655 -0.102994 -0.245624 2.58447 0.639668 0.048011 1.53109 -2.07765 -3.5999 
0.695754 -0.0519702 -0.272562 2.31792 0.51652 0.0710025 1.72369 -2.21262 -3.52733 
0.843644 -0.0241223 -0.170224 2.45763 0.588192 0.349276 1.70451 -2.35679 -3.55662 
0.667181 0.0606071 -0.172733 2.4766 0.478751 0.360361 1.77611 -2.39998 -3.65516 
0.728131 -0.00055532 -0.315944 2.52477 0.468441 0.326278 1.90036 -2.38588 -3.61963 
0.552079 0.0511484 -0.305602 2.33962 0.486662 0.278558 1.97007 -2.46841 -3.51778 
0.467287 0.079765 -0.158884 2.45514 0.507403 0.0639698 2.00833 -2.2328 -3.49736 
0.298837 -0.0607395 0.00885052 2.15013 0.527322 0.0823809 2.05206 -2.40785 -3.41315 
0.309258 -0.0424241 0.0241828 2.19942 0.529453 0.0884478 1.9213 -2.45676 -3.42553 
0.260716 -0.0773864 0.0104826 2.42045 0.492531 0.120872 1.95529 -2.47843 -3.55546 
0.229027 -0.126859 0.0445846 2.4401 0.542604 0.00385216 2.063 -2.57904 -3.3482 
