Mean 0 Mean 1 Mean 2 Mean 3 Mean 4 Mean 5 Mean 6 Mean 7 Mean 8 
-2.7992 -0.0631 -1.9536 2.8939 1.3434 0.7443 2.0049 -1.6188 -2.9934 
-2.93761 -0.104676 -1.91501 2.85088 1.41868 0.611371 2.31917 -1.78994 -2.97401 
-3.2657 -0.0540361 -1.80147 2.77958 1.39543 0.612864 2.15463 -1.86385 -2.79812 
-3.17237 -0.0946636 -1.74888 2.83034 1.38579 0.602791 2.20951 -2.00351 -2.763 
-2.98599 -0.360018 -2.3134 2.83588 1.55422 0.444501 2.20772 -2.01217 -2.56942 
-2.94442 -0.0733648 -2.19156 2.71642 1.24821 0.529947 2.2245 -2.25475 -2.62374 
-2.78785 -0.227118 -2.23764 2.89767 1.2437 0.681727 2.19577 -2.2096 -2.84858 
-2.63775 -0.211574 -2.32829 2.80895 1.71317 0.692165 2.20629 -2.26771 -2.83933 
-2.94509 -0.464061 -2.44538 2.85415 1.92297 0.590555 2.29014 -2.22082 -2.70747 
-2.76994 -0.452176 -2.47726 2.892 1.77428 0.647874 2.43125 -2.08672 -2.53185 
-2.74598 -0.432793 -2.3882 2.93561 1.98898 0.946233 2.3153 -2.07359 -2.56551 
-2.61245 -0.423358 -2.4698 2.99906 1.94405 0.590279 2.61252 -1.73475 -2.77287 
-2.63908 -0.398953 -2.46283 3.29146 1.60311 0.619826 2.43071 -1.85099 -2.84265 
-2.54857 -0.373593 -2.70293 3.31746 1.44103 0.686359 2.21182 -1.65612 -2.90273 
-2.56913 -0.335438 -2.8623 3.44833 1.50141 0.65714 2.21802 -1.78934 -2.96279 
-2.66524 -0.368272 -2.73931 3.51718 1.53493 0.631221 2.20496 -1.75934 -2.92496 
-2.72257 -0.299843 -2.89327 3.23952 1.64421 0.456473 2.30143 -1.71233 -2.91763 
-2.91816 -0.281873 -2.71083 3.37217 1.72465 0.367472 2.30508 -1.82476 -3.06457 
-3.07284 -0.314369 -2.84861 3.29798 1.84874 0.468932 2.32467 -1.87236 -2.94304 
-3.08593 -0.340699 -3.01501 3.30937 1.91222 0.391401 2.57352 -2.03341 -2.79777 
-2.9099 -0.445507 -2.82787 3.15205 2.02074 0.638894 2.65966 -1.98095 -2.82681 
-3.13769 -0.347578 -2.98762 3.15014 2.18558 0.583113 2.61751 -1.8918 -2.94251 
-3.04376 -0.323148 -2.83275 3.0898 1.96518 0.482946 2.48079 -1.89388 -2.94782 
-3.09931 -0.140565 -2.78137 3.04689 1.94179 0.450034 2.45964 -1.85503 -3.02863 
-3.04914 -0.127593 -2.72059 3.29048 1.8527 0.555616 2.5243 -1.98271 -3.08927 
-3.05644 -0.153833 -2.7261 3.43508 1.91267 1.00361 2.52007 -1.99848 -3.01567 
-2.85659 -0.231624 -2.90878 3.47565 1.685 0.845484 2.51067 -1.93918 -3.06049 
-3.05357 -0.286089 -2.92987 3.59923 1.75031 0.778523 2.46936 -2.01867 -3.07591 
-3.0719 -0.327427 -3.06173 3.64836 1.78029 0.705643 2.28718 -2.03567 -3.08605 
-2.90211 -0.233329 -2.99628 3.61126 1.73412 0.805547 2.36177 -2.06599 -3.10921 
-3.05406 -0.349276 -2.87244 3.58523 1.87134 0.709719 2.3516 -2.12046 -3.12192 
-3.0869 -0.178607 -2.76063 3.72406 1.87586 0.684913 2.36379 -2.06194 -3.11482 
-3.12126 -0.291935 -2.7714 3.7741 1.86743 0.658726 2.34421 -2.02147 -3.10709 
-2.8983 -0.314857 -2.64413 3.7226 1.88969 0.485662 2.42528 -2.13561 -3.03746 
-2.87703 -0.150955 -2.81421 3.82293 1.94123 0.462084 2.4273 -2.15019 -3.10851 
-2.76787 -0.191442 -2.77501 3.73984 1.76559 0.467812 2.33938 -2.18002 -3.28422 
-2.6557 0.00594479 -2.75982 3.64399 1.80808 0.384475 2.29833 -1.95173 -3.25074 
-2.68034 0.196061 -2.64472 3.5179 1.78634 0.252396 2.27117 -1.81068 -3.2415 
-2.61093 0.209915 -2.62199 3.51533 1.95734 0.275645 2.27972 -1.77158 -3.20322 
-2.8641 0.153153 -2.72126 3.51085 1.96196 0.281833 2.28241 -1.85174 -3.25333 
-2.6579 0.429058 -2.71629 3.53739 1.87927 0.27792 2.19746 -1.87095 -3.38643 
-2.564 0.412561 -2.72234 3.7511 1.91422 0.13512 2.09779 -1.92587 -3.42266 
-2.48674 0.323242 -2.76788 3.75773 2.05522 0.180757 2.07846 -1.78753 -3.49169 
-2.64681 0.254695 -2.718 3.79128 2.10727 0.216615 2.05483 -1.55227 -3.38994 
-2.35441 0.186562 -2.70239 3.76334 2.0589 0.0819817 2.10587 -1.61991 -3.33378 
-2.39793 0.203882 -2.67295 3.6705 1.96552 0.055686 1.95059 -1.42013 -3.48658 
-2.49232 -0.0130062 -2.77384 3.7282 2.08826 0.0977933 2.03729 -1.48993 -3.58247 
-2.5771 -0.124182 -2.54243 3.84666 1.83324 0.0746446 2.05436 -1.58095 -3.64745 
-2.6383 0.150437 -2.51589 3.63267 2.05031 0.201792 2.01934 -1.58199 -3.52931 
-2.66002 0.105807 -2.54704 3.56039 2.13368 0.193941 1.9762 -1.86598 -3.63786 
-2.6765 0.0528928 -2.5366 3.6632 2.13189 0.171015 1.97566 -1.99273 -3.66012 
-2.80204 0.0812025 -2.64703 3.6809 2.05931 0.196576 1.9575 -2.01262 -3.60549 
-2.74743 0.0569542 -2.82015 3.77893 2.05759 0.231239 1.94694 -1.95201 -3.47163 
-2.69522 0.0374005 -2.85793 3.59727 1.891 0.111744 2.02759 -2.05234 -3.44098 
-2.57716 0.169437 -2.83792 3.60802 2.11784 0.0518175 2.03351 -1.95216 -3.57181 
-2.49011 0.0417506 -2.71076 3.40941 2.048 0.0400731 2.04791 -1.94079 -3.67327 
-2.3324 0.0834341 -2.80753 3.40796 2.06858 -0.0469062 1.83756 -1.9288 -3.62757 
-2.31595 0.0121937 -2.86076 3.35625 2.04259 -0.16669 1.71447 -1.92206 -3.56647 
-2.2309 -0.320755 -2.84649 3.44906 1.78127 -0.149326 1.70514 -2.11495 -3.67344 
-2.17662 -0.484775 -2.83116 3.51546 1.80029 -0.109394 1.73141 -2.18977 -3.57161 
-2.41414 -0.24834 -2.772 3.57638 1.69713 -0.0778528 1.75656 -2.12883 -3.43814 
-2.59846 -0.257363 -2.78974 3.69457 1.83932 -0.0270293 1.80047 -2.06038 -3.52857 
-2.67616 -0.276937 -2.98142 3.70726 1.63681 -0.0861263 1.81637 -2.20071 -3.71878 
-2.80116 -0.276512 -2.94939 3.75545 1.70073 -0.172365 1.6629 -2.14867 -3.57577 
-2.84038 -0.0960732 -3.06299 3.7717 1.82576 -0.184762 1.76853 -2.07485 -3.62824 
-2.97212 -0.0598245 -3.00831 4.05479 1.70597 -0.141432 1.71609 -2.03336 -3.72084 
-3.00614 -0.134823 -2.98032 4.01858 1.67997 -0.167359 1.7085 -2.05153 -3.51903 
-3.17142 -0.0303755 -3.08405 3.9023 1.85839 -0.124537 1.78211 -2.05203 -3.39104 
-3.11145 -0.161418 -3.11778 3.91684 1.82566 -0.144197 1.72647 -1.85161 -3.53622 
-2.95174 -0.13283 -3.01704 3.94757 1.74553 -0.119527 1.69632 -1.70372 -3.63562 
-3.01124 -0.0890456 -3.13327 3.92861 1.87265 -0.107885 1.78951 -1.74112 -3.76603 
-3.16493 0.0368244 -3.19251 4.0924 1.87653 -0.0889879 1.78078 -1.61012 -3.88774 
-3.13996 0.0501565 -3.33607 4.0338 1.95824 0.0582562 1.80478 -1.73447 -3.97736 
-3.04307 -0.02589 -3.33841 3.92151 1.9982 -0.0475613 1.65687 -1.73524 -3.95251 
-3.04561 -0.102686 -3.37672 4.16133 1.9294 -0.041595 1.63364 -1.84952 -4.02639 
-2.96808 -0.235646 -3.36729 4.21427 1.88621 -0.0205757 1.69189 -1.92677 -4.16631 
-2.90111 -0.29503 -3.42397 4.17739 1.88698 0.0245694 1.74514 -2.02734 -4.3559 
-2.91431 -0.237093 -3.51632 4.21384 1.80352 0.2125 1.49276 -2.11137 -4.26397 
-3.0353 -0.185734 -3.50213 4.18183 1.94486 0.119406 1.44686 -2.14285 -4.11228 
-3.08446 -0.197588 -3.46336 4.21835 1.96757 0.0775646 1.54344 -2.01681 -4.29715 
-2.96919 0.0470402 -3.4145 4.1995 1.91215 0.115327 1.56865 -2.09293 -4.33754 
-2.84329 0.0280843 -3.44313 4.29762 1.85767 0.335727 1.58041 -2.17769 -4.37646 
-2.92649 0.0200378 -3.43009 4.2328 1.97716 0.363778 1.6249 -2.07101 -4.34612 
-3.10512 0.0154358 -3.28236 4.17504 2.18315 0.371511 1.63 -2.01902 -4.18714 
-3.0846 -0.0279332 -3.20366 4.33238 2.14916 0.421286 1.64389 -1.94624 -3.92756 
-3.07622 -0.261027 -3.37204 4.5181 2.07107 0.481348 1.80323 -2.10844 -3.97521 
-3.0356 -0.256925 -3.34416 4.55572 2.03719 0.471008 1.64773 -2.37566 -3.96855 
-2.94843 -0.0917227 -3.46253 4.70152 1.91361 0.475677 1.579 -2.2715 -3.99131 
-3.08714 -0.162318 -3.41021 4.6115 2.06296 0.459329 1.63362 -2.2697 -4.05579 
-3.03142 -0.155033 -3.34474 4.53639 2.03064 0.28148 1.52682 -2.26449 -3.93337 
-3.16359 -0.143167 -3.27835 4.5332 1.9341 0.470149 1.60201 -2.23032 -3.92989 
-3.14828 -0.139003 -3.29481 4.52082 1.86613 0.460649 1.54117 -2.23567 -3.8297 
-3.23571 -0.147149 -3.34371 4.51261 1.89699 0.510439 1.5637 -2.23986 -3.87105 
-3.14298 -0.0690205 -3.46249 4.47546 1.90449 0.484553 1.41949 -2.15497 -3.80746 
-3.09453 -0.0143973 -3.55211 4.44008 1.94901 0.407424 1.3751 -2.14309 -3.7974 
-3.2265 0.0123399 -3.44798 4.54121 1.88024 0.590411 1.39379 -2.33657 -3.73875 
-3.32034 0.19951 -3.52806 4.70933 1.84342 0.525913 1.28104 -2.30391 -3.61409 
-3.39659 0.392317 -3.50409 4.65567 1.84909 0.608301 1.35989 -2.20943 -3.66008 
-3.37292 0.541674 -3.39674 4.64473 1.90126 0.648398 1.45779 -2.13776 -3.65667 
-3.51036 0.548944 -3.49373 4.66553 1.94837 0.515242 1.39329 -2.16178 -3.57806 
