Mean 0 Mean 1 Mean 2 Mean 3 Mean 4 Mean 5 Mean 6 Mean 7 Mean 8 
0.403 2.6533 -0.4524 1.6341 2.3656 -0.6863 -0.4077 -2.1292 3.128 
0.635906 2.62772 -0.0435777 1.76855 3.13712 -0.154233 -0.459353 -1.87931 -0.0499907 
0.539389 2.36773 -0.0454685 1.93722 3.21994 -0.236896 -0.489475 -1.84926 -0.79477 
0.505234 2.385 -0.307329 1.83984 3.05699 -0.405151 -0.474952 -1.91539 -1.26856 
0.499034 2.73419 -0.333647 1.59911 2.65824 -0.291561 -0.511125 -2.27385 -1.39986 
0.676462 2.78507 -0.574008 1.68049 3.14897 -0.49892 -0.429531 -1.9731 -1.40663 
0.400028 2.68433 -0.587107 1.35129 3.19761 -0.244746 -0.415999 -1.9134 -1.62874 
0.313662 2.69134 -0.592609 1.22269 2.99495 -0.320087 -0.0174381 -1.88092 -1.43051 
0.414097 2.85865 -0.602732 1.06677 3.18344 -0.22058 -0.08536 -1.91821 -1.46286 
0.5807 2.64561 -0.609746 1.44321 2.98894 -0.209653 -0.224451 -2.00885 -1.50377 
0.741506 2.56354 -0.757743 1.42824 2.89736 -0.263676 -0.110281 -1.99867 -1.2705 
0.799712 2.85618 -0.866355 1.35931 3.00709 -0.069975 -0.468522 -1.90195 -1.28806 
0.868542 2.76963 -0.78989 1.69039 2.8506 -0.0475584 -0.49828 -2.05754 -1.26705 
0.825871 2.78936 -0.697971 1.57238 2.94026 0.00412126 -0.400522 -2.32129 -1.20748 
0.794885 2.6544 -0.576242 1.44099 3.08267 -0.037662 -0.210732 -2.41877 -1.14812 
0.58239 2.56699 -0.507974 1.60225 3.07421 -0.208825 -0.167859 -2.19279 -1.12406 
0.614283 2.55698 -0.659714 1.60633 3.14545 0.0644124 -0.233681 -2.08893 -1.13334 
0.714707 2.54774 -0.52517 1.43813 2.99261 0.0868629 -0.272391 -2.23594 -1.20237 
0.686906 2.5877 -0.562769 1.3942 3.13051 0.0411448 -0.216537 -2.20895 -1.15451 
0.640869 2.5682 -0.650723 1.25228 3.36056 -0.165143 -0.186843 -2.22554 -1.08888 
0.663559 2.70183 -0.413763 1.15275 3.47257 -0.191075 -0.274835 -2.07902 -0.93162 
0.426659 2.77535 -0.618677 1.18476 3.62229 -0.243619 -0.284604 -2.0062 -1.09075 
0.521516 2.85228 -0.611562 1.26372 3.64183 -0.354414 -0.455886 -1.9693 -0.940906 
0.554118 2.87533 -0.800449 1.22159 3.56662 -0.338518 -0.298863 -2.09544 -1.11069 
0.674835 2.87311 -0.810994 1.12514 3.37634 -0.470001 -0.228363 -2.05361 -1.2441 
0.61619 2.82981 -0.725112 1.25283 3.43017 -0.522513 -0.194963 -2.0018 -1.38034 
0.598558 2.78594 -0.723213 1.19121 3.46977 -0.546047 -0.0642803 -2.00274 -1.28836 
0.542724 2.79239 -0.71089 1.37817 3.61568 -0.646174 -0.0642739 -1.97992 -1.43701 
0.539896 2.66924 -0.827966 1.42518 3.69504 -0.629545 -0.0261519 -1.9885 -1.24781 
0.559314 2.74672 -0.788699 1.41352 3.62499 -0.771328 -0.0442587 -1.88201 -1.17562 
0.570888 2.73774 -0.736919 1.2542 3.62045 -0.673503 -0.0108404 -2.02005 -1.12954 
0.416098 2.91969 -0.734613 1.32481 3.58808 -0.65525 0.164806 -1.95675 -1.27482 
0.267974 2.90412 -0.832954 1.49719 3.51738 -0.642996 0.204594 -1.97473 -1.15661 
0.481867 3.02674 -0.791651 1.43494 3.50408 -0.720753 0.0899098 -1.70149 -1.19418 
0.441525 2.99568 -0.713852 1.47218 3.46973 -0.602424 -0.15159 -1.88139 -1.12637 
0.524229 3.05487 -0.721214 1.39526 3.37515 -0.689451 0.0571418 -1.88565 -1.12126 
0.511188 2.9958 -0.833166 1.45303 3.55981 -0.806168 0.109427 -1.84892 -1.10292 
0.46835 2.96267 -0.929183 1.50948 3.7626 -0.881296 0.176662 -1.79588 -1.06592 
0.525094 2.94363 -1.06835 1.63201 3.70517 -0.772522 0.138799 -2.13969 -1.12786 
0.578716 2.84166 -1.13527 1.64248 3.75283 -0.733215 0.234877 -2.00642 -1.24238 
0.617231 2.69735 -0.991457 1.67564 3.83144 -0.862074 0.354403 -1.95412 -1.18626 
0.69249 2.68749 -1.09617 1.71049 3.91986 -0.825948 0.317764 -1.78962 -1.21568 
0.692855 2.76747 -1.10845 1.7979 3.78975 -0.763621 0.437325 -1.85217 -1.2034 
0.62978 2.94035 -1.19441 1.77978 3.83033 -0.728161 0.511552 -1.90782 -1.27892 
0.633447 3.06628 -1.18501 1.76596 3.84272 -0.758385 0.50947 -1.91421 -1.43185 
0.371255 3.02518 -1.27533 1.61559 3.95707 -0.719487 0.578138 -1.9314 -1.33629 
0.21875 3.00163 -1.09676 1.6512 3.91539 -0.908574 0.612801 -2.08884 -1.34093 
0.302568 3.04977 -0.968661 1.70071 4.00753 -0.928074 0.567909 -2.03883 -1.32234 
0.354579 2.96909 -0.901381 1.6614 4.02501 -0.871475 0.490781 -1.85843 -1.29795 
0.213747 2.95314 -0.955837 1.76352 3.9993 -0.826215 0.544585 -2.01039 -1.2666 
0.175647 3.20645 -1.00899 1.79966 3.99005 -0.976003 0.151949 -2.07581 -1.35124 
0.136156 3.17463 -1.08497 1.65404 3.84958 -1.037 0.318116 -2.07764 -1.38015 
0.22637 3.23538 -1.05076 1.72441 3.83876 -0.879541 0.240116 -2.06601 -1.31144 
0.0987814 3.43023 -1.04842 1.75146 3.8295 -1.04213 0.486391 -2.21136 -1.34134 
0.0938485 3.44081 -0.992462 1.82829 3.79157 -0.978246 0.517008 -2.01643 -1.41623 
0.086003 3.53864 -1.02117 1.90096 3.77546 -1.1574 0.608124 -2.10761 -1.49146 
-0.08292 3.4895 -1.02274 1.85556 3.79901 -1.0301 0.665882 -2.22326 -1.80689 
-0.1286 3.52123 -0.926752 1.88987 3.93648 -1.05681 0.789424 -2.42207 -1.65804 
0.0163599 3.61927 -1.03804 1.70332 3.99834 -0.957402 0.812582 -2.38248 -1.69136 
0.15136 3.27841 -1.0235 1.69289 3.72015 -1.0026 0.708654 -2.56168 -1.80373 
0.225869 3.31003 -1.04993 1.67013 3.74921 -0.80295 0.808415 -2.47396 -1.80554 
0.224436 3.43353 -0.93628 1.6305 3.81147 -0.872925 0.888969 -2.26925 -1.78884 
0.195547 3.35143 -0.857843 1.62499 3.9152 -0.790717 1.07431 -2.28639 -1.66624 
0.12896 3.23497 -0.950299 1.64128 3.95721 -0.822551 1.10096 -2.34578 -1.60854 
0.23439 3.3029 -1.17642 1.59631 4.05669 -0.903148 1.06771 -2.23256 -1.54811 
0.254758 3.29277 -1.09738 1.53066 4.04662 -0.841824 1.05483 -2.37984 -1.57492 
0.141401 3.28278 -1.18471 1.56384 4.07496 -0.760523 0.985863 -2.32134 -1.51885 
0.0645018 3.47555 -1.38555 1.637 4.23604 -0.804332 0.911535 -2.31959 -1.57476 
-0.00583495 3.37735 -1.34959 1.67565 4.23236 -0.771658 0.88442 -2.21472 -1.57894 
-0.153304 3.5791 -1.4167 1.6453 4.24766 -0.786856 0.899475 -2.14937 -1.50223 
-0.151937 3.58709 -1.44155 1.69523 4.22072 -0.687862 0.810214 -2.13847 -1.53512 
-0.357274 3.84743 -1.47337 1.59221 4.26841 -0.796644 0.78848 -2.08636 -1.41404 
-0.473949 4.07773 -1.48712 1.42297 4.33889 -0.860476 0.725781 -2.04681 -1.27732 
-0.498617 4.00642 -1.4364 1.39665 4.31416 -0.787581 0.696526 -2.09552 -1.33268 
-0.538937 3.91322 -1.38281 1.36195 4.27537 -0.726607 0.745735 -2.07034 -1.47748 
-0.656964 3.82926 -1.36175 1.26473 4.16548 -0.717791 0.791744 -2.12245 -1.26913 
-0.358611 3.74886 -1.44757 1.3145 4.27582 -0.807218 0.889617 -2.06989 -1.26456 
-0.398764 4.10195 -1.47656 1.20358 4.45182 -0.918877 1.02354 -2.09496 -0.993942 
-0.326629 4.3101 -1.53433 1.30245 4.4157 -0.815613 1.02667 -2.16475 -1.0475 
-0.417629 4.30994 -1.62849 1.40906 4.39212 -0.814666 0.985356 -2.34047 -1.21594 
-0.318564 4.39289 -1.54147 1.23437 4.4494 -0.758196 1.0904 -2.3531 -1.14938 
-0.282617 4.25901 -1.57936 1.31355 4.43538 -0.713903 1.02017 -2.1216 -1.19804 
-0.311019 4.32992 -1.65117 1.388 4.46181 -0.792868 1.16444 -2.11787 -1.22588 
-0.248647 4.4218 -1.61217 1.33461 4.60819 -0.843963 1.03177 -2.19919 -1.3839 
-0.182937 4.45362 -1.56109 1.20913 4.74727 -0.795905 1.04454 -2.27913 -1.5316 
-0.446756 4.47617 -1.40985 1.09306 4.85355 -0.904983 1.07616 -2.10492 -1.56287 
-0.403009 4.4625 -1.17014 1.2554 4.83735 -0.735535 1.14296 -2.207 -1.54701 
-0.446808 4.45421 -1.17568 1.32146 4.73426 -0.678483 0.942435 -2.1285 -1.57197 
-0.457843 4.35251 -1.23514 1.4523 4.69024 -0.710857 1.03803 -2.14111 -1.56568 
-0.435422 4.34308 -1.32661 1.47874 4.54679 -0.646293 1.16526 -2.15702 -1.59561 
-0.454905 4.35051 -1.29878 1.54216 4.59535 -0.720687 1.14835 -2.17696 -1.48555 
-0.672327 4.34195 -1.18585 1.61296 4.65012 -0.951807 1.2267 -2.14581 -1.45254 
-0.660724 4.19987 -1.23407 1.63363 4.64794 -0.868497 1.37676 -2.22009 -1.49991 
-0.872549 4.21531 -1.39986 1.75453 4.54713 -0.990184 1.57614 -2.11033 -1.50996 
-0.804541 4.29474 -1.35743 1.71469 4.49828 -1.02278 1.61836 -2.15689 -1.66687 
-0.795942 4.36305 -1.30752 1.59645 4.5452 -1.02262 1.53046 -2.05508 -1.60073 
-0.841928 4.38963 -1.26014 1.4387 4.65289 -1.00483 1.41428 -2.0343 -1.47596 
-0.930857 4.35565 -1.08134 1.44336 4.61532 -1.07736 1.31578 -1.97515 -1.39154 
-0.94636 4.39062 -1.05025 1.32848 4.539 -1.19564 1.45992 -2.11917 -1.26944 
-0.809018 4.15129 -1.08209 1.45009 4.5402 -1.30613 1.35184 -1.95774 -1.30153 
