Mean 0 Mean 1 Mean 2 Mean 3 Mean 4 Mean 5 Mean 6 Mean 7 Mean 8 
0.800398 -0.657597 1.9666 -0.243701 -2.14 -1.6784 -1.3427 1.6859 2.9379 
0.72289 -0.394367 1.65695 -0.141847 -2.04349 -1.92159 -1.54164 1.62227 2.94067 
1.03374 -0.441904 1.7584 -0.314321 -2.38476 -2.01346 -1.51607 1.55721 2.72808 
1.2157 -0.625118 1.81576 -0.227451 -2.53719 -1.82879 -1.25142 1.66959 2.64506 
1.33492 -0.471968 1.90446 -0.270723 -2.39405 -1.75674 -1.15426 1.13544 2.48392 
1.42895 -0.651026 1.87997 -0.233372 -2.47149 -1.59997 -1.13551 1.16927 2.32573 
1.42923 -0.789189 2.0401 -0.437166 -2.25767 -1.53678 -1.19332 1.34251 2.36795 
1.5045 -0.506115 1.99732 -0.274894 -2.26215 -1.63689 -1.30457 1.48188 2.38912 
1.50892 -0.338583 1.95105 -0.18558 -2.16123 -1.66042 -1.48131 1.63522 2.38865 
1.42582 -0.633508 2.04586 -0.0253935 -2.50249 -1.74294 -1.49556 1.59085 2.449 
1.31734 -0.780675 2.02028 0.0205937 -2.70741 -1.96482 -1.28391 1.56958 2.57106 
1.12932 -0.6835 2.22102 0.26872 -2.81987 -2.05888 -1.35134 1.34689 2.70235 
1.1744 -0.484317 2.11356 0.0688352 -2.67636 -2.23541 -1.58798 1.36632 2.58776 
1.20252 -0.31212 2.09116 -0.0837831 -2.58771 -2.38694 -1.76149 1.49124 2.54142 
1.24554 -0.178254 2.09362 -0.25284 -2.44073 -2.35415 -1.74266 1.45888 2.46201 
1.30104 0.0112355 2.14547 -0.353527 -2.32257 -2.35246 -1.73187 1.36128 2.39753 
1.34433 -0.00774521 2.24907 -0.493843 -2.50327 -2.20398 -1.75015 1.38468 2.31454 
1.32206 -0.0448702 2.25438 -0.236689 -2.66484 -2.15784 -1.98186 1.49444 2.42829 
1.36204 -0.21084 2.26208 -0.400941 -2.8165 -2.43614 -2.05369 1.72934 2.32471 
1.15822 -0.325511 2.26918 -0.36617 -2.78542 -2.51558 -1.98238 1.84136 2.35454 
1.14985 -0.177718 2.30264 -0.344973 -2.79462 -2.46794 -2.179 2.01052 2.33825 
1.14379 -0.153852 2.23132 -0.304036 -2.94526 -2.43941 -2.36482 1.86255 2.28462 
1.22393 -0.135812 2.20681 -0.239143 -2.97805 -2.40344 -2.42863 1.92079 2.2412 
1.26162 -0.162015 2.23772 -0.217828 -3.01164 -2.37611 -2.51449 1.97229 2.29237 
1.31921 -0.09143 2.28238 -0.160415 -3.05499 -2.39229 -2.31193 1.84875 2.24292 
1.30302 -0.0655268 2.32344 0.0319997 -3.14674 -2.297 -2.24808 1.71578 2.14899 
1.33201 -0.103462 2.44472 -0.0399209 -3.19676 -2.30499 -2.16822 1.72594 2.17045 
1.40129 -0.0632088 2.51109 0.10238 -3.28595 -2.26895 -2.14874 1.64644 2.16117 
1.44297 -0.0976649 2.43886 0.0577654 -3.14169 -2.32086 -2.31355 1.56962 2.08976 
1.3772 -0.26191 2.53067 -0.00213388 -3.01397 -2.37178 -2.3494 1.63505 2.17087 
1.22029 -0.370001 2.60415 -0.00828401 -2.86582 -2.44326 -2.33363 1.57389 2.15789 
1.05259 -0.459054 2.60929 0.030892 -2.88721 -2.4758 -2.32552 1.65612 2.20443 
1.11371 -0.617119 2.78783 -0.022253 -2.90301 -2.47358 -2.26619 1.68112 1.98417 
1.13085 -0.54601 2.89963 0.0912138 -2.92297 -2.46997 -2.18617 1.6573 1.99132 
1.09654 -0.530553 2.91728 0.120452 -2.94378 -2.36521 -2.36179 1.50918 2.08769 
1.13723 -0.514158 2.90954 0.0284598 -2.90509 -2.36365 -2.37723 1.65781 2.22843 
1.23176 -0.465695 2.85861 -0.0166825 -2.90297 -2.48282 -2.16176 1.65468 2.21591 
1.17934 -0.342972 2.68059 0.0224992 -2.98559 -2.54747 -2.13555 1.70009 2.333 
1.2377 -0.320799 2.63431 0.00625091 -2.98539 -2.58292 -2.1333 1.75983 2.30424 
1.30469 -0.279665 2.69687 0.132411 -2.99819 -2.67043 -2.16525 1.67055 2.33843 
1.34132 -0.186233 2.56764 0.244077 -2.88219 -2.59999 -2.1159 1.53139 2.2617 
1.38294 -0.172179 2.57485 0.212004 -2.92982 -2.62429 -2.17895 1.64737 2.2564 
1.42025 -0.210695 2.49985 -0.0518417 -2.74291 -2.52714 -2.15486 1.57728 2.20621 
1.25234 -0.0499413 2.62731 0.117513 -2.66484 -2.46724 -2.29532 1.64314 2.21315 
1.30584 -0.277881 2.55318 0.0569867 -2.63604 -2.43677 -2.40135 1.59066 2.14977 
1.13537 -0.266768 2.48982 -0.000926245 -2.58555 -2.54046 -2.53493 1.39741 2.19543 
1.35085 -0.244093 2.54986 0.0101561 -2.67505 -2.6766 -2.44016 1.45448 2.27879 
1.16131 -0.264413 2.56782 0.211458 -2.62877 -2.61372 -2.36986 1.33306 2.35624 
0.993951 -0.244304 2.57481 0.39566 -2.71486 -2.56414 -2.29962 1.15882 2.45106 
1.01993 -0.267119 2.59588 0.353107 -2.88284 -2.57224 -2.2072 1.09414 2.35949 
1.08209 -0.264496 2.6945 0.359058 -3.06216 -2.55253 -2.26394 0.995261 2.26143 
0.990926 -0.398332 2.75467 0.314858 -3.07991 -2.53303 -2.24139 1.11038 2.31157 
1.01336 -0.542274 2.77988 0.269462 -3.19104 -2.58664 -2.16078 1.15338 2.23942 
0.928801 -0.37531 2.61843 0.109251 -3.13352 -2.54874 -2.30035 1.03695 2.1906 
0.942119 -0.431555 2.74658 0.0833498 -3.09462 -2.57764 -2.39186 1.04507 2.13758 
0.992925 -0.400812 2.76634 -0.0293842 -3.02602 -2.78116 -2.50151 0.948678 2.25004 
0.926542 -0.222708 2.78364 -0.121081 -3.08188 -2.73774 -2.45778 0.73466 2.20007 
0.918471 -0.25797 2.84133 -0.0515437 -3.05576 -2.8248 -2.42409 0.696949 2.15061 
0.823632 -0.248129 2.89768 -0.0604564 -2.92267 -2.80936 -2.36085 0.980126 2.22141 
0.616137 -0.193865 2.94971 0.0914345 -3.06592 -2.74622 -2.37427 0.880463 2.10192 
0.456166 -0.151503 3.02725 0.304862 -3.15556 -2.68684 -2.41763 0.829014 2.00888 
0.408485 -0.1733 2.92772 0.312 -3.11743 -2.66712 -2.36239 0.978002 2.05558 
0.519328 0.0810595 2.91803 0.341377 -3.11255 -2.82814 -2.31752 0.760324 2.06165 
0.663473 0.079189 2.80317 0.335873 -3.10628 -2.84553 -2.24006 0.743343 2.05432 
0.489856 0.128527 2.79006 0.302263 -3.19769 -2.83093 -2.39948 0.887076 2.09885 
0.581389 0.0790133 2.83626 0.280304 -3.21448 -2.89542 -2.19474 0.939953 2.14505 
0.387676 0.0757613 2.81124 0.248519 -3.29914 -2.83462 -2.35578 1.05499 2.18087 
0.41422 0.0181482 2.95807 0.123297 -3.378 -2.96938 -2.40828 0.812301 2.15004 
0.474685 0.097638 2.8306 0.117579 -3.43005 -2.8912 -2.44423 0.972302 2.14646 
0.497156 0.186019 2.74297 0.125611 -3.46323 -2.84295 -2.47891 1.10072 2.13453 
0.689141 0.185375 2.83913 0.0657468 -3.41575 -2.74548 -2.57043 1.15616 2.30502 
0.452947 0.277757 2.76635 0.0656625 -3.38339 -2.81209 -2.54109 1.04097 2.45989 
0.534019 0.23979 2.85628 -0.0103575 -3.20277 -2.97279 -2.53874 0.934738 2.35168 
0.524323 0.186943 2.76819 -0.0100965 -3.19459 -2.91231 -2.47971 0.835205 2.282 
0.604506 0.133814 2.83638 -0.0527239 -3.24683 -2.94967 -2.46073 0.986458 2.3444 
0.782578 0.145127 2.73123 0.0163528 -3.10239 -2.98131 -2.2649 1.06106 2.35702 
0.769171 0.227657 2.76328 0.165861 -3.09576 -2.91948 -2.1996 1.11135 2.32038 
0.834369 0.119843 2.69757 0.239134 -3.26003 -2.80423 -2.1509 1.04765 2.27796 
0.935644 -0.0791766 2.67461 0.165934 -3.35788 -2.79733 -2.15648 1.14609 2.29326 
0.933053 0.0546653 2.76402 -0.0103375 -3.33818 -2.82236 -2.09671 1.0571 2.3547 
0.933534 0.00850608 2.69023 0.0713608 -3.40879 -2.87586 -2.04273 0.80564 2.36328 
0.859916 0.122713 2.59521 0.14181 -3.43574 -2.83535 -2.12473 0.735747 2.24448 
0.833152 0.219747 2.58217 -0.0111692 -3.37169 -2.90299 -1.99089 0.657954 2.21167 
0.647706 0.210846 2.73007 -0.0388833 -3.15439 -2.85878 -2.01661 0.733137 2.34259 
0.754517 0.239079 2.69739 -0.0110253 -3.25869 -2.95075 -2.19615 0.587591 2.29039 
0.801156 0.149997 2.76346 0.0434602 -3.23919 -2.86322 -2.26969 0.709183 2.28021 
0.799848 0.232154 2.87747 0.094892 -3.18829 -2.79091 -2.1738 0.688734 2.35146 
0.882435 0.323169 2.97586 0.189464 -3.39325 -2.81274 -2.27106 0.77397 2.36921 
0.959105 0.28323 3.05962 0.342664 -3.29145 -2.87894 -2.39726 0.552594 2.29723 
0.881451 0.240961 2.96285 0.245216 -3.27085 -3.0181 -2.26857 0.668369 2.25841 
0.961284 0.233747 2.90526 0.328833 -3.21141 -2.98392 -2.40209 0.783689 2.37494 
1.03972 0.2371 2.95877 0.30294 -3.18977 -3.04024 -2.45133 0.970891 2.36237 
1.06479 0.208734 3.02249 0.350136 -3.18356 -3.0038 -2.54588 0.769364 2.3992 
1.08832 0.127831 3.15076 0.258428 -3.13515 -3.00145 -2.62585 0.825209 2.18704 
1.00551 0.362576 3.115 0.306633 -3.29257 -2.953 -2.4955 0.928856 2.15635 
1.07932 0.335931 2.94842 0.275138 -3.38183 -2.98509 -2.65886 1.12001 2.14329 
0.875279 0.240121 2.9444 0.284307 -3.48954 -2.99253 -2.76264 1.28534 2.15205 
0.73094 0.257554 2.90417 0.312829 -3.53139 -3.06892 -2.65309 1.34275 2.18711 
0.532729 0.218274 2.89921 0.344936 -3.63415 -3.13987 -2.5774 1.39008 2.18205 
0.670599 0.34547 2.90726 0.338885 -3.63008 -3.18855 -2.46888 1.32965 2.13124 
