Mean 0 Mean 1 Mean 2 Mean 3 Mean 4 Mean 5 Mean 6 Mean 7 Mean 8 
-2.5055 -0.8716 -1.2195 2.4774 1.2358 1.3854 -2.6452 1.4577 -1.8721 
-2.46273 -0.585991 -1.62707 2.4335 0.747929 1.53794 -2.74356 1.35448 -1.89357 
-2.55766 -0.685667 -1.72165 2.47114 0.942059 1.18289 -2.76633 1.52437 -1.81527 
-2.32759 -0.873753 -1.72351 2.59471 0.994764 1.05962 -2.80031 1.4475 -1.78177 
-2.50305 -0.886864 -1.58269 2.68266 0.806943 1.3733 -3.01393 1.22707 -1.77281 
-2.86317 -0.94815 -1.50875 2.67816 0.889982 1.41613 -2.79811 1.07091 -1.68427 
-3.09337 -0.629003 -1.17704 2.4743 0.908206 1.85256 -2.78547 1.01154 -1.74436 
-3.15706 -0.568895 -1.3722 2.39332 1.11535 1.61882 -2.9263 1.03962 -1.75059 
-3.07185 -0.747681 -1.69139 2.40589 1.23482 1.5758 -2.71133 0.807481 -1.97852 
-3.15107 -0.797118 -1.62633 2.32616 1.15524 1.83495 -2.77385 0.883581 -2.06052 
-2.85546 -0.887277 -1.62917 2.63943 1.00934 1.89577 -2.83647 0.823357 -2.01878 
-2.7463 -0.904775 -1.6255 2.65671 1.11892 2.06403 -2.82473 0.861521 -2.11793 
-2.63578 -0.956824 -1.5719 2.95879 0.980014 2.05397 -2.84925 0.754193 -2.0128 
-2.82959 -0.857587 -1.69705 2.64615 0.995234 2.01861 -2.97413 0.596017 -1.90795 
-2.75637 -0.502273 -1.70978 2.55081 1.14255 2.11326 -3.33825 0.694003 -1.95858 
-2.94061 -0.630994 -1.62214 2.34596 1.23994 1.79486 -3.17254 0.92032 -1.91314 
-3.09446 -0.394278 -1.43701 2.30573 0.945547 1.65715 -3.11315 0.919954 -1.99149 
-3.05649 -0.357745 -1.42614 2.08039 0.848063 1.58608 -2.86821 0.942708 -2.20894 
-3.16087 -0.269761 -1.26771 2.00885 0.98559 1.48617 -2.96661 0.993672 -2.21259 
-3.04981 -0.292416 -1.2834 1.99392 1.2379 1.39048 -2.91817 0.842391 -2.24439 
-3.00073 -0.319303 -1.30812 2.08555 1.41574 1.42515 -2.83577 0.698649 -2.31159 
-3.07584 -0.253378 -1.08616 2.27673 1.31712 1.36552 -2.73047 0.560488 -2.32044 
-2.99463 -0.265873 -1.01319 2.22957 1.13885 1.30013 -2.85635 0.600079 -2.30549 
-2.9067 -0.2549 -0.991744 2.11805 1.04889 1.23057 -2.90307 0.727091 -2.32212 
-2.98671 -0.478265 -1.03018 2.14255 1.11983 1.11962 -2.98945 0.628823 -2.17563 
-3.04424 -0.562961 -1.27054 2.37995 1.02189 1.30403 -3.09059 0.587316 -2.27508 
-3.05615 -0.307292 -1.30346 2.31659 1.17705 1.25153 -3.31251 0.733234 -2.18448 
-3.28973 -0.339317 -1.43012 2.37214 0.964408 1.62505 -3.29732 0.850243 -2.25761 
-3.28937 -0.55953 -1.31657 2.26494 1.0449 1.51254 -3.30246 0.808302 -2.18645 
-3.30409 -0.656659 -1.4235 2.19498 1.11019 1.41896 -3.16756 0.742444 -2.27049 
-3.28462 -0.724846 -1.59973 2.28482 1.13913 1.38536 -3.31555 0.700944 -2.18492 
-3.12481 -0.773936 -1.63213 2.25325 1.09159 1.50848 -3.25335 0.45034 -2.21055 
-3.04932 -0.846282 -1.68056 2.10794 1.27744 1.40123 -3.36167 0.458135 -2.37879 
-3.04716 -0.781124 -1.49949 2.24636 1.24139 1.39365 -3.26643 0.464143 -2.38075 
-2.90812 -0.623038 -1.66908 2.29391 1.08588 1.24408 -3.31455 0.422856 -2.28559 
-2.91911 -0.707808 -1.49603 2.22965 1.09693 0.993656 -3.36965 0.590168 -2.37032 
-2.85166 -0.648795 -1.64305 2.11055 1.07011 1.15051 -3.18477 0.380756 -2.34511 
-2.6979 -0.582576 -1.74729 2.27883 1.25143 1.16021 -3.08452 0.308294 -2.40875 
-2.58628 -0.559831 -1.85423 2.41244 1.34341 1.18415 -2.99588 0.231334 -2.46756 
-2.68457 -0.544546 -1.86758 2.45333 1.34185 1.34966 -2.85442 0.109788 -2.40593 
-2.73111 -0.619032 -1.8533 2.51916 1.21255 1.22748 -2.88953 0.155453 -2.34102 
-2.81377 -0.593854 -1.84397 2.50738 0.920385 1.06844 -2.91997 -0.0769061 -2.55985 
-2.69922 -0.573207 -1.89825 2.45263 1.13887 0.97578 -3.04285 -0.11184 -2.63621 
-2.69923 -0.593912 -1.89871 2.48724 1.18532 0.95205 -3.05314 -0.235037 -2.50615 
-2.76498 -0.666692 -1.74382 2.40708 1.20033 0.901605 -2.95345 -0.344473 -2.57935 
-2.7324 -0.655411 -1.82966 2.39297 1.03754 0.92029 -3.15268 -0.347324 -2.47622 
-2.73824 -0.599402 -1.70867 2.31635 0.952143 0.891519 -3.27497 -0.00404214 -2.59163 
-2.71372 -0.543813 -1.61091 2.21059 0.910858 0.843568 -3.34949 0.331864 -2.68584 
-2.74909 -0.596737 -1.57056 2.1517 0.886558 0.694845 -3.52797 0.477384 -2.64119 
-2.66533 -0.668338 -1.49683 2.03265 1.10562 0.614749 -3.37378 0.484354 -2.73421 
-2.74702 -0.858473 -1.39844 2.05205 0.910482 0.609066 -3.25593 0.448133 -2.75128 
-2.79956 -0.795225 -1.46932 2.0235 0.967812 0.602991 -3.3555 0.301808 -2.64629 
-3.00764 -0.798132 -1.61088 2.10073 1.1497 0.602077 -3.27666 0.177556 -2.53128 
-2.99299 -0.659422 -1.68569 2.09903 1.20562 0.573622 -3.37484 0.137458 -2.44869 
-2.87832 -0.818021 -1.51934 1.98732 1.10565 0.591971 -3.32359 0.124263 -2.56383 
-2.9681 -0.81952 -1.59309 1.89507 1.12245 0.668527 -3.18939 0.366066 -2.65558 
-3.00777 -0.789978 -1.60757 1.87076 1.15077 0.730597 -3.08208 0.479436 -2.71216 
-2.88296 -0.768275 -1.77461 1.93381 1.30826 0.735942 -2.96405 0.482456 -2.81119 
-2.74634 -0.754859 -1.83868 1.8529 1.34206 0.634817 -3.10974 0.553135 -2.73162 
-2.91551 -0.752678 -1.661 1.81217 1.3639 0.578558 -3.08366 0.48789 -2.77341 
-3.10956 -0.693929 -1.55509 2.05057 1.23637 0.64456 -3.13199 0.380202 -2.86354 
-3.13982 -0.743834 -1.57844 2.14727 1.27404 0.796229 -3.07294 0.56581 -2.93078 
-3.14373 -0.659732 -1.81727 2.07831 1.2279 0.807564 -3.02785 0.250505 -2.83478 
-3.14189 -0.755075 -1.6542 2.08069 1.37055 0.75298 -2.95859 0.387454 -2.90219 
-3.18064 -0.85411 -1.72142 2.20508 1.1765 0.864875 -2.98525 0.341977 -2.91266 
-3.14087 -0.749905 -1.74504 2.00931 1.26481 0.757644 -2.93917 0.225301 -2.81144 
-3.04275 -0.745175 -1.74558 1.96808 1.33362 0.68806 -3.06946 0.181804 -2.83716 
-2.92833 -0.647435 -1.64575 1.96389 1.2531 0.857065 -3.20643 0.132659 -2.76399 
-2.79881 -0.696078 -1.69539 1.85998 1.39866 0.945208 -3.36179 0.0911453 -2.70836 
-2.84687 -0.739151 -1.65797 1.76994 1.41577 1.02067 -3.30772 -0.0359797 -2.79163 
-2.87272 -0.705041 -1.87303 1.93672 1.32529 0.985181 -3.21078 -0.067279 -2.72198 
-2.84588 -0.758645 -1.78054 1.9619 1.25524 0.966873 -3.45309 -0.0827489 -2.65784 
-2.80575 -0.815374 -1.86541 1.89608 1.26866 0.936698 -3.52944 -0.0351381 -2.61867 
-2.67671 -0.823159 -1.77793 1.74823 1.37022 0.744904 -3.4295 -0.0541025 -2.64322 
-2.75327 -0.852064 -1.74187 1.69302 1.39705 0.748721 -3.49679 -0.146102 -2.76604 
-2.81849 -0.95274 -1.72145 1.93482 1.35242 0.639227 -3.52724 -0.250408 -2.78688 
-2.82164 -0.84516 -1.69738 2.06417 1.36215 0.703835 -3.43331 -0.163624 -2.80528 
-2.76131 -0.816021 -1.53942 1.98822 1.35456 0.661671 -3.60115 -0.0895987 -2.77203 
-2.7879 -0.759336 -1.6246 1.98655 1.27325 0.879397 -3.79723 -0.199658 -2.64669 
-2.92489 -0.806761 -1.50267 2.0629 1.14567 0.778858 -3.6023 -0.0114905 -2.60103 
-2.80963 -1.03913 -1.40584 2.05278 1.11215 0.731765 -3.68133 0.0781711 -2.48039 
-2.71089 -1.14326 -1.43748 2.11511 1.12873 0.643989 -3.74137 -0.0469642 -2.57089 
-2.50274 -1.24638 -1.44548 2.07519 1.04608 0.652364 -3.8581 -0.0266635 -2.51654 
-2.45373 -1.21393 -1.41069 1.96206 1.10608 0.666254 -3.9278 0.0399677 -2.72531 
-2.43961 -1.08755 -1.36456 2.01845 0.981976 0.614354 -4.01006 0.163443 -2.74047 
-2.65354 -1.07565 -1.41573 1.87521 0.986757 0.661067 -3.88267 -0.0392837 -2.72931 
-2.61646 -1.04911 -1.46844 1.87108 0.983007 0.596907 -3.95167 0.0828172 -2.65625 
-2.84883 -1.06679 -1.49819 1.77644 0.917481 0.728383 -3.85696 -0.101708 -2.58517 
-2.87181 -1.02088 -1.4939 1.84396 0.984441 0.751659 -3.87596 -0.112048 -2.64905 
-2.86088 -0.898475 -1.45057 1.77112 0.942018 0.616722 -3.99806 -0.0321993 -2.78375 
-2.85706 -0.920752 -1.48695 1.7914 0.873706 0.609581 -4.04574 -0.0358315 -2.71412 
-2.73314 -1.01264 -1.43861 2.05362 0.86531 0.559613 -4.01393 -0.13851 -2.83036 
-2.63807 -1.08687 -1.36887 2.25437 0.837022 0.536978 -4.01174 -0.235432 -2.91822 
-2.82375 -0.997245 -1.44368 1.99416 0.831507 0.583441 -3.85124 -0.309809 -2.75763 
-2.72343 -1.01473 -1.39177 2.00389 0.79993 0.6522 -3.77339 -0.37199 -2.84412 
-2.62908 -0.93329 -1.36639 1.96339 0.936215 0.582038 -3.85963 -0.338551 -2.86286 
-2.71663 -0.949978 -1.16457 1.90146 1.00546 0.376134 -3.81491 -0.409265 -2.71337 
-2.7079 -1.13062 -1.11965 1.93323 0.93893 0.242079 -3.87179 -0.146859 -2.75151 
-2.798 -1.16987 -1.01631 1.67894 1.03353 0.287981 -3.82107 -0.270363 -2.64264 
-2.79445 -1.20092 -0.886611 1.70304 1.05915 0.259584 -3.88584 -0.335081 -2.67463 
