
   -2.0802    6.60816   -2.45036 
   7.21404    10.8985   -16.8412 
-2.02692 311.886
 -0.150015    1.74097     2.5399 
  -3.99847    7.78942   -5.97397 
     8.929    11.3754   -10.3476 
-1.45975 199.108
 -0.178398    1.75659    2.55036 
   -8.5578    5.39392    -2.3523 
   9.26642    9.20371   -11.8619 
-2.08596 422.65
 -0.177324    1.74235    2.55687 
  -5.93552    9.18291  -0.540441 
   6.54944    9.43318   -15.0971 
-1.8484 367.834
 -0.225332     1.7247     2.5284 
  -11.5413   0.766967   -8.46028 
   2.67431     3.1653   -6.64106 
-1.15782 211.144
 -0.248586    1.74523    2.50265 
  -17.9693   0.297397    0.68913 
   1.14329    4.40071   -8.03815 
-1.39356 458.294
 -0.242771    1.73982    2.49854 
  -16.1589    1.62073   -3.79436 
   1.11074    4.56406   -7.14259 
-1.25272 318.115
 -0.251049    1.70666    2.51839 
  -15.5378   0.424129   -8.43477 
  -2.10842  -0.994485   -6.38206 
-0.927122 186.574
 -0.244426    1.65491    2.56195 
  -15.2573   -10.4309   -14.6047 
  -5.62742   -7.94663   -8.28856 
-0.648225 138.801
 -0.288965    1.67905    2.61403 
  -16.8342   -1.88964    -5.2167 
  -15.3888   -7.59243   -10.1381 
-0.521891 58.8318
 -0.321344    1.73841       2.66 
  -18.0279    2.12574   -6.05057 
   2.30641   -24.0814    6.96363 
-2.28451 1269.67
 -0.319587    1.77838    2.69765 
  -10.0889    10.0425   -7.14939 
  -12.6679    6.58291   -1.59969 
-0.53755 49.4197
 -0.324385    1.85577    2.77287 
  -9.87502    14.6371   -4.32405 
  -7.17486    6.07701    6.11221 
-0.935257 189.482
 -0.292723    1.98557    2.87557 
  -7.09806    21.0087      5.296 
   2.40052    22.6426     1.7437 
-0.581079 105.512
 -0.214391    2.14111    2.96862 
 -0.859204    24.9368    4.84581 
    5.6392    42.4445    7.12238 
-0.954085 353.933
 -0.149941    2.28264    3.08136 
   1.96632    23.0364    8.28721 
  -5.83295    44.5475    47.4471 
-2.37323 2057.06
 -0.103102    2.40588    3.15785 
   6.24787    24.4603    10.4004 
  -5.58402    53.5703     11.353 
-1.52491 988.292
-0.0686967    2.49422    3.23453 
   6.07165    26.5697    22.0277 
  -12.4326    41.8438    38.6938 
-1.14318 853.468
-0.0401044    2.57619    3.27157 
  0.631861    24.2806    12.2575 
  -11.9098    21.1248    30.3763 
-1.06805 495.544
0.00124422    2.60552     3.3329 
  -1.22075    26.8092    22.4737 
  -10.7958    26.4927    47.0678 
-1.02536 696.651
 0.0450661    2.64487    3.38942 
   5.46452    26.7979    21.2542 
  -11.7033    14.6813    24.3572 
-0.839594 451.174
 0.0954376    2.72042    3.46366 
   2.78884    27.0731    24.5684 
  -2.12342    15.4356    14.0289 
-0.615625 270.64
  0.176471    2.78387     3.4941 
   12.4433    35.9682    31.4916 
   6.80964      28.53    13.3888 
-0.591243 414.777
  0.235617    2.83848    3.48948 
   10.1316    25.0814    20.3644 
   13.2076    21.8365    16.7771 
-0.231078 32.8602
  0.296967    2.92399    3.43645 
   18.4983    28.8064    20.4882 
   17.8471    6.85468    33.5129 
-0.892895 651.942
  0.355684     3.0108    3.36784 
   9.93259    40.2208    14.9689 
   40.7244    16.6796    18.9877 
-1.25022 1518.47
  0.424795    3.03889    3.29025 
   15.0959    36.9578    14.3683 
   23.5486     7.0661    26.3527 
-1.10369 1108.59
  0.423895    3.05263    3.20452 
   22.5188      34.13    11.0739 
   37.9489    17.8445    19.6185 
-0.796867 576.315
  0.442246    3.08353    3.15559 
   27.7242    37.4131    16.1167 
   45.9015    5.23448    25.2132 
-1.10734 1448.62
  0.453804    3.10136    3.10205 
   14.9521    38.8742    9.19278 
   14.3127    19.7377   -39.2878 
-1.71995 2716.98
  0.436925    3.09894    3.01331 
   17.2397    34.8942    4.89585 
   9.26766    39.9208     21.999 
-0.692799 381.339
  0.390148     3.0956    2.84294 
   22.9912    37.6824    6.44368 
   13.5961    24.2692   -15.8702 
-0.878303 766.093
   0.35969    3.06644    2.70349 
   23.1375    44.9015    9.98968 
   22.7452    34.0938    23.7975 
-0.491041 307.617
  0.332604    3.03648    2.64521 
   18.4074     29.398   -1.46619 
    21.925     36.584    31.9167 
-1.34328 1178.43
  0.328911    2.97338    2.55376 
   25.3543    19.9105    2.77878 
   18.4402    31.7198    9.35551 
-0.631997 230.518
  0.321393     2.8967    2.45487 
   24.4526    21.5079     4.2366 
   18.7605    36.1895    13.4925 
-0.753851 333.622
  0.267744    2.84157    2.32574 
   18.6132    26.2148    11.0811 
      7.44     28.625    10.2101 
-0.460365 131.409
  0.247884    2.77941    2.16343 
    8.6141    21.4739    24.4348 
   3.94678    25.6012    18.7165 
-0.34272 71.517
  0.220138    2.67617    2.06904 
 -0.957521    11.4613     10.712 
   4.32757    30.8187    39.5848 
-2.6156 1236.28
  0.186825    2.60456    1.95678 
   1.84706    7.80622    7.00483 
   10.2796     5.0929    14.8759 
-1.17421 140.423
  0.157889    2.51959    1.85915 
   4.10505    13.7753    4.22533 
  -0.83642     5.9015    1.62984 
-0.755598 93.1508
  0.126011    2.42983    1.79016 
  -5.62455    7.61387   -9.58894 
  -2.04167    10.4116    -6.5477 
-0.480251 29.9137
 0.0480854    2.34311    1.73986 
 -0.768112     2.7462   -17.6454 
   -4.6218    6.88945    -17.166 
-0.374575 32.2472
 -0.010173    2.21962    1.66426 
   2.84453    7.84691   -27.0162 
   2.42335      20.21   -23.4399 
-0.600749 165.814
-0.0207072    2.13504    1.56766 
   8.03279    21.0471   -28.9419 
   4.02342     18.116   -28.3307 
-0.188243 25.04
-0.0409123    1.98455    1.48329 
    8.1628    22.4563   -35.5567 
   5.47884    21.3134   -37.4199 
-0.113784 11.9813
 0.0268471      1.815    1.36741 
   12.4158    23.2293   -41.6026 
   7.79354    29.4517   -40.1991 
-0.229334 62.0528
  0.123031    1.65669    1.27739 
   16.8721    31.0689   -27.3765 
   15.3464    15.9049   -43.2172 
-0.696119 483.203
  0.230863    1.52116    1.22861 
   15.7475    16.3314   -30.7979 
   15.5998    19.4613   -34.4758 
-0.175254 23.3455
  0.338432    1.39627    1.19183 
   17.3151     6.2653   -35.6142 
   37.3433    18.4993   -28.8115 
-0.850868 597.077
  0.388651    1.28324    1.19571 