   -0.1314       1.73     2.5497    -2.0802    6.60816   -2.45036 
 -0.150015    1.74097     2.5399   -3.99847    7.78942   -5.97397 
 -0.178398    1.75659    2.55036    -8.5578    5.39392    -2.3523 
 -0.177324    1.74235    2.55687   -5.93552    9.18291  -0.540441 
 -0.225332     1.7247     2.5284   -11.5413   0.766967   -8.46028 
 -0.248586    1.74523    2.50265   -17.9693   0.297397    0.68913 
 -0.242771    1.73982    2.49854   -16.1589    1.62073   -3.79436 
 -0.251049    1.70666    2.51839   -15.5378   0.424129   -8.43477 
 -0.244426    1.65491    2.56195   -15.2573   -10.4309   -14.6047 
 -0.288965    1.67905    2.61403   -16.8342   -1.88964    -5.2167 
 -0.321344    1.73841       2.66   -18.0279    2.12574   -6.05057 
 -0.319587    1.77838    2.69765   -10.0889    10.0425   -7.14939 
 -0.324385    1.85577    2.77287   -9.87502    14.6371   -4.32405 
 -0.292723    1.98557    2.87557   -7.09806    21.0087      5.296 
 -0.214391    2.14111    2.96862  -0.859204    24.9368    4.84581 
 -0.149941    2.28264    3.08136    1.96632    23.0364    8.28721 
 -0.103102    2.40588    3.15785    6.24787    24.4603    10.4004 
-0.0686967    2.49422    3.23453    6.07165    26.5697    22.0277 
-0.0401044    2.57619    3.27157   0.631861    24.2806    12.2575 
0.00124422    2.60552     3.3329   -1.22075    26.8092    22.4737 
 0.0450661    2.64487    3.38942    5.46452    26.7979    21.2542 
 0.0954376    2.72042    3.46366    2.78884    27.0731    24.5684 
  0.176471    2.78387     3.4941    12.4433    35.9682    31.4916 
  0.235617    2.83848    3.48948    10.1316    25.0814    20.3644 
  0.296967    2.92399    3.43645    18.4983    28.8064    20.4882 
  0.355684     3.0108    3.36784    9.93259    40.2208    14.9689 
  0.424795    3.03889    3.29025    15.0959    36.9578    14.3683 
  0.423895    3.05263    3.20452    22.5188      34.13    11.0739 
  0.442246    3.08353    3.15559    27.7242    37.4131    16.1167 
  0.453804    3.10136    3.10205    14.9521    38.8742    9.19278 
  0.436925    3.09894    3.01331    17.2397    34.8942    4.89585 
  0.390148     3.0956    2.84294    22.9912    37.6824    6.44368 
   0.35969    3.06644    2.70349    23.1375    44.9015    9.98968 
  0.332604    3.03648    2.64521    18.4074     29.398   -1.46619 
  0.328911    2.97338    2.55376    25.3543    19.9105    2.77878 
  0.321393     2.8967    2.45487    24.4526    21.5079     4.2366 
  0.267744    2.84157    2.32574    18.6132    26.2148    11.0811 
  0.247884    2.77941    2.16343     8.6141    21.4739    24.4348 
  0.220138    2.67617    2.06904  -0.957521    11.4613     10.712 
  0.186825    2.60456    1.95678    1.84706    7.80622    7.00483 
  0.157889    2.51959    1.85915    4.10505    13.7753    4.22533 
  0.126011    2.42983    1.79016   -5.62455    7.61387   -9.58894 
 0.0480854    2.34311    1.73986  -0.768112     2.7462   -17.6454 
 -0.010173    2.21962    1.66426    2.84453    7.84691   -27.0162 
-0.0207072    2.13504    1.56766    8.03279    21.0471   -28.9419 
-0.0409123    1.98455    1.48329     8.1628    22.4563   -35.5567 
 0.0268471      1.815    1.36741    12.4158    23.2293   -41.6026 
  0.123031    1.65669    1.27739    16.8721    31.0689   -27.3765 
  0.230863    1.52116    1.22861    15.7475    16.3314   -30.7979 
  0.338432    1.39627    1.19183    17.3151     6.2653   -35.6142 
