
  -13.5418     20.412    3.60968 
  -5.55578    32.3349   -10.2288 
-1.04267 397.434
 -0.300912    1.95238    2.43866 
  -7.74469    18.8814  -0.979333 
  -2.71935    29.1943   -7.78879 
-0.808745 177.979
 -0.199466    1.91766    2.40731 
  -4.96107    14.3011    1.05771 
   8.91762    16.1527   -3.15286 
-1.11661 213.775
 -0.126964    1.85843    2.37073 
    1.1373    14.3491    9.08676 
   10.2389    20.5587    4.30596 
-0.840917 144.254
 -0.050202     1.7712     2.2947 
 -0.775048    8.24117    6.04469 
   8.56001    12.4142    9.55058 
-1.08948 116.849
 0.0929854    1.72962     2.2132 
   2.89729    7.83497    4.21499 
   10.1599    3.67167    5.15067 
-0.90203 70.9533
  0.270771    1.66719    2.18671 
   14.4026    11.4711    8.64589 
   14.5534    9.19053    11.3483 
-0.220518 12.5271
  0.415002     1.5766    2.21338 
   22.1571    1.03386    4.31133 
   20.7726    6.67536    8.52024 
-0.398987 51.4585
  0.527765    1.46638    2.32542 
   27.3297    5.42806    3.62667 
   27.9522    3.21473    10.8372 
-0.355917 57.2785
  0.654891    1.38841    2.45936 
   28.6258    -2.6198   -5.45683 
   34.9499    6.51359   -3.13148 
-0.514196 128.82
  0.766364    1.27105    2.59632 
   39.1412   -5.63174    3.95157 
   32.0083    4.79615   -23.3321 
-1.0523 904.016
  0.853913    1.16216    2.71407 
   43.8437   -5.94464   -1.58088 
   49.4988   -15.6834   -13.8955 
-0.530406 278.475
  0.883419    1.02871    2.78762 
   39.2388   -18.3953   -6.08825 
   43.6719   -21.4072   -3.86792 
-0.187189 33.6534
  0.903202   0.925748     2.8238 
   30.8123   -25.6674   -3.82206 
   48.9593   -30.8916   -13.1025 
-0.727639 442.731
   0.91065   0.854597    2.88464 
   39.8847   -23.7297   -9.21882 
   47.1762   -28.3802   -16.3157 
-0.337228 125.158
  0.869283    0.75746    2.95881 
    31.084   -40.3875   -12.5704 
   34.3471   -34.8889   -18.0462 
-0.231749 70.8672
  0.863153   0.636489     3.0168 
   19.1556   -45.9758   -4.98298 
   29.5933   -43.2127   -20.1406 
-0.534053 346.337
  0.856695   0.511247    3.03604 
   17.9058   -52.4625   -12.0888 
   25.9029   -48.1649   -24.5355 
-0.396182 237.343
  0.802153   0.443381    2.99935 
   6.22956   -57.4395   -21.6544 
   15.2421   -59.3064   -35.2216 
-0.391682 268.78
  0.826037   0.385657    2.96226 
   -7.2933   -64.3866   -20.2962 
   9.79719   -50.1904  -0.637678 
-0.651506 880.075
  0.901079   0.274792    2.93039 
   5.66924   -62.9621   -29.0222 
  0.881564   -63.3756   -18.2873 
-0.252868 138.33
  0.999751   0.198781      2.921 
   2.90198   -49.4907    -23.065 
   15.2576   -50.0738   -18.4826 
-0.349537 173.998
   1.07782   0.147511    2.93301 
   4.42124   -48.7241   -19.0276 
   16.1582    -46.343    -18.166 
-0.330246 144.169
   1.16774  0.0687015    3.00756 
   7.05106   -46.0227   -19.1108 
   10.1542   -38.3032   -27.7792 
-0.343165 144.361
   1.21575  0.0434339    3.10171 
   3.78852   -31.0951   -6.86904 
   15.4808   -29.0875   -12.7998 
-0.557821 175.913
   1.23007  0.0270135     3.2227 
   9.33506   -30.7325   -8.37316 
    23.766   -29.2654    7.63305 
-0.885834 466.602
   1.20009  0.0311716    3.28634 
   14.6599   -30.5974   -10.2173 
   11.8586   -27.2095   -1.97273 
-0.362132 87.2985
   1.18536  0.0431999    3.32497 
     13.06   -37.1626   -10.6894 
   3.92813    -12.964    12.6478 
-1.19439 1213.59
   1.14534  0.0828222    3.40388 
   16.1722   -33.7795   -5.62349 
   24.2518   -35.9475   -6.74059 
-0.308789 71.2286
     1.118   0.111967    3.40505 
   20.9719   -33.9284   -6.82409 
   37.1474   -48.0263   -11.5183 
-0.758696 482.434
   1.10402    0.14916    3.45713 
   18.2452   -41.3363   -7.94633 
   26.9764   -34.7975   -5.73479 
-0.344668 123.88
   1.13215   0.180177     3.5159 
   26.2315   -31.3527   -4.39705 
   33.6637   -31.9093   -6.63264 
-0.2647 60.5441
   1.10801    0.25625    3.53847 
   35.5188   -33.1703  -0.549306 
   28.8005    -33.961   -3.21838 
-0.213168 52.8843
   1.03574   0.325099    3.55053 
   27.4552   -34.2448    6.86457 
   41.7272    -42.124    4.10282 
-0.52659 273.398
  0.928647   0.384758    3.53635 
   23.4096   -34.4107    2.11566 
   30.4962   -43.4219    2.73549 
-0.384602 131.806
   0.88854   0.468211    3.48905 
   27.8792   -36.6608  -0.818477 
   29.2859   -43.3313    4.12617 
-0.258582 70.9249
  0.833278   0.579633    3.45286 
   23.2427   -38.5606    1.53237 
   25.4999   -30.9812    7.98332 
-0.319548 104.157
  0.736001   0.687621    3.40257 
   27.1756   -34.8794  -0.236832 
   18.0109   -33.8377    -9.8401 
-0.423459 177.301
  0.674245   0.797432    3.38806 
   20.4372   -31.2197  -0.774646 
   19.2285   -32.2565     -4.528 
-0.149943 16.6236
  0.672776   0.955485    3.32908 
   30.6504   -12.1798  -0.202024 
   31.8563   -24.4912   -4.51233 
-0.534898 171.604
  0.659923    1.14423    3.24824 
   35.0591 0.00437127    1.97348 
   42.3865   -20.2785  -0.769855 
-0.83582 472.611
  0.626061    1.33723    3.15973 
   35.7247    13.6403  -0.936994 
   26.2541    18.0716   -4.28784 
-0.395445 120.558
  0.588372    1.52047    3.05585 
   40.4033     13.502    9.06193 
      33.2    21.1071    4.68479 
-0.367858 128.884
  0.532596    1.68396    2.99157 
   36.5843    19.8237    8.00608 
   28.7628    27.9573    12.6152 
-0.404516 148.577
  0.481377    1.85502    2.96137 
   31.7375    16.3235    0.20747 
   24.8398    10.8203     -5.264 
-0.396564 107.799
  0.439913    1.96917    2.95699 
   30.2617    21.8961    9.64156 
   26.7807     16.939    4.21647 
-0.292788 66.122
  0.431609    2.03629    2.99881 
   20.1609    18.6737    7.54186 
   27.0708    17.7231   -0.14087 
-0.48523 107.675
   0.43982    2.13165    2.99149 
   26.7215    14.6367    4.08381 
   29.2572    22.4744   -7.36216 
-0.615539 198.87
  0.449117    2.16457    3.03519 
   27.3927     7.5121   -1.66048 
   27.0797    27.4043    11.7056 
-1.10927 574.447
  0.485237    2.25387    3.06483 
   23.9223    16.8682     4.2746 
   20.2101    7.20022    9.39472 
-0.521443 133.465
  0.508075    2.29807    3.09366 