   -0.3358     1.9636     2.4736   -13.5418     20.412    3.60968 
 -0.300912    1.95238    2.43866   -7.74469    18.8814  -0.979333 
 -0.199466    1.91766    2.40731   -4.96107    14.3011    1.05771 
 -0.126964    1.85843    2.37073     1.1373    14.3491    9.08676 
 -0.050202     1.7712     2.2947  -0.775048    8.24117    6.04469 
 0.0929854    1.72962     2.2132    2.89729    7.83497    4.21499 
  0.270771    1.66719    2.18671    14.4026    11.4711    8.64589 
  0.415002     1.5766    2.21338    22.1571    1.03386    4.31133 
  0.527765    1.46638    2.32542    27.3297    5.42806    3.62667 
  0.654891    1.38841    2.45936    28.6258    -2.6198   -5.45683 
  0.766364    1.27105    2.59632    39.1412   -5.63174    3.95157 
  0.853913    1.16216    2.71407    43.8437   -5.94464   -1.58088 
  0.883419    1.02871    2.78762    39.2388   -18.3953   -6.08825 
  0.903202   0.925748     2.8238    30.8123   -25.6674   -3.82206 
   0.91065   0.854597    2.88464    39.8847   -23.7297   -9.21882 
  0.869283    0.75746    2.95881     31.084   -40.3875   -12.5704 
  0.863153   0.636489     3.0168    19.1556   -45.9758   -4.98298 
  0.856695   0.511247    3.03604    17.9058   -52.4625   -12.0888 
  0.802153   0.443381    2.99935    6.22956   -57.4395   -21.6544 
  0.826037   0.385657    2.96226    -7.2933   -64.3866   -20.2962 
  0.901079   0.274792    2.93039    5.66924   -62.9621   -29.0222 
  0.999751   0.198781      2.921    2.90198   -49.4907    -23.065 
   1.07782   0.147511    2.93301    4.42124   -48.7241   -19.0276 
   1.16774  0.0687015    3.00756    7.05106   -46.0227   -19.1108 
   1.21575  0.0434339    3.10171    3.78852   -31.0951   -6.86904 
   1.23007  0.0270135     3.2227    9.33506   -30.7325   -8.37316 
   1.20009  0.0311716    3.28634    14.6599   -30.5974   -10.2173 
   1.18536  0.0431999    3.32497      13.06   -37.1626   -10.6894 
   1.14534  0.0828222    3.40388    16.1722   -33.7795   -5.62349 
     1.118   0.111967    3.40505    20.9719   -33.9284   -6.82409 
   1.10402    0.14916    3.45713    18.2452   -41.3363   -7.94633 
   1.13215   0.180177     3.5159    26.2315   -31.3527   -4.39705 
   1.10801    0.25625    3.53847    35.5188   -33.1703  -0.549306 
   1.03574   0.325099    3.55053    27.4552   -34.2448    6.86457 
  0.928647   0.384758    3.53635    23.4096   -34.4107    2.11566 
   0.88854   0.468211    3.48905    27.8792   -36.6608  -0.818477 
  0.833278   0.579633    3.45286    23.2427   -38.5606    1.53237 
  0.736001   0.687621    3.40257    27.1756   -34.8794  -0.236832 
  0.674245   0.797432    3.38806    20.4372   -31.2197  -0.774646 
  0.672776   0.955485    3.32908    30.6504   -12.1798  -0.202024 
  0.659923    1.14423    3.24824    35.0591 0.00437127    1.97348 
  0.626061    1.33723    3.15973    35.7247    13.6403  -0.936994 
  0.588372    1.52047    3.05585    40.4033     13.502    9.06193 
  0.532596    1.68396    2.99157    36.5843    19.8237    8.00608 
  0.481377    1.85502    2.96137    31.7375    16.3235    0.20747 
  0.439913    1.96917    2.95699    30.2617    21.8961    9.64156 
  0.431609    2.03629    2.99881    20.1609    18.6737    7.54186 
   0.43982    2.13165    2.99149    26.7215    14.6367    4.08381 
  0.449117    2.16457    3.03519    27.3927     7.5121   -1.66048 
  0.485237    2.25387    3.06483    23.9223    16.8682     4.2746 
