
  -6.87587   -7.37662   -2.51222 
   1.37246   -5.05125   -14.6583 
-1.51134 220.968
-0.0326221    1.59478    2.62419 
 -0.577257   -1.93982   -11.2563 
   5.14597    2.02337   -10.7213 
-0.619922 48.7484
-0.0343969    1.65598    2.76507 
   2.59928    8.72049   -1.12515 
   13.0562    27.1805   -8.88619 
-2.3016 510.353
-0.0396738    1.66788    2.87263 
   4.62479    10.3151   -5.31613 
   13.6309     26.912   -11.4808 
-1.83842 394.572
 -0.101226    1.68544    2.93008 
  -2.01805    10.8791    2.19324 
   6.19302    22.0632  -0.779683 
-1.28511 201.345
 -0.169961    1.70085    2.95529 
  -6.36779    13.0133    5.42079 
   1.65649    19.6199    1.07745 
-0.882645 126.9
 -0.187041    1.68098     2.9791 
  -3.56177    9.42907   0.754444 
  0.340476    19.2341      2.012 
-1.04098 112.948
 -0.193884    1.69333    3.04683 
  -1.45774    12.7684    2.83625 
  0.888406     19.163    2.42763 
-0.560996 46.5622
 -0.194193    1.67736    3.03982 
  -2.76863    7.30873    7.62396 
  0.376308    18.6887     3.0729 
-1.24806 160.107
  -0.12502    1.67747    2.98928 
  0.202103    9.91716   -1.70531 
    4.0068     20.544    2.41465 
-1.1459 144.379
-0.0430276    1.73509    2.92149 
   6.52647    16.7348     1.5046 
   12.5749    27.1394   -6.14192 
-0.955933 203.309
 0.0129806    1.81754    2.87762 
   10.5825    21.3613    4.35192 
   16.3229    26.6752    2.32482 
-0.432131 65.2996
 0.0297624    1.91226    2.81447 
   11.3695    20.7957     6.2925 
   15.4885    11.0943   -8.02785 
-0.945417 316.155
 0.0702529    2.00755    2.80494 
   22.1393    28.5547  -0.390772 
   17.8635    22.3512   -12.3583 
-0.534513 199.987
  0.127385    2.13417    2.73888 
   13.2695    20.6523   -3.73728 
   10.9787    18.7795   0.263935 
-0.259821 24.7649
  0.191518    2.26833    2.70042 
   15.5267    21.5358    5.23292 
   10.0614    18.6103    3.58357 
-0.313556 41.1485
  0.268588    2.41385    2.63857 
   21.3499    13.5985   -1.76412 
   17.4537    21.5619    5.03556 
-0.568829 124.831
  0.318606    2.49402    2.51317 
   16.4895    22.5908    7.52787 
   27.5709    37.5047    24.2408 
-1.1524 624.545
  0.438352    2.63877    2.38676 
   29.0836    24.3951    17.3526 
     46.66    22.7755    19.3873 
-0.59744 315.69
  0.522742    2.78751    2.20014 
   25.8286    28.7985    19.5384 
   36.3816     35.516    17.3289 
-0.41339 161.372
  0.622641    2.88015    2.04633 
    26.236    30.1721    23.1566 
   30.2118    15.0408    22.6969 
-0.481685 244.974
  0.710036    2.93435    1.92491 
   30.2921    29.4095    23.1082 
   39.6826    21.1615    31.2742 
-0.443383 222.893
  0.765363    2.95213    1.79924 
    37.789    19.5175      23.59 
   37.9985    10.6051    22.1285 
-0.265853 81.6109
  0.758006    2.95487    1.67973 
   32.0816    16.4421     8.5854 
   44.6572    31.0475    35.0058 
-1.21927 1069.5
  0.755893    2.96035    1.63697 
   32.6901    22.0791    7.88242 
   43.8527    15.8159    7.08316 
-0.445271 164.47
  0.769718    2.98758    1.61479 
    27.829    14.6736    7.95943 
   29.4913   -1.44759     5.3892 
-0.686155 269.263
   0.82228    3.01599     1.5748 
   37.6778   0.638316    15.1935 
   26.6101   -7.19771    12.7965 
-0.470974 189.644
  0.850977       3.07    1.54297 
   28.3895  -0.499057    9.35136 
    39.341   0.571134    12.3522 
-0.505877 130.086
  0.874648    3.12393    1.56321 
   30.3646    2.82329    15.1349 
   34.9754   -4.42301    13.8092 
-0.346483 75.5259
  0.870503    3.18269    1.59532 
   41.7507   -12.8617    21.0267 
   35.8048   -6.29944    15.2117 
-0.312617 112.231
  0.861073    3.20991    1.64491 
   36.3551   -11.2982    26.2723 
   37.9931   -2.38415    24.5128 
-0.283863 85.239
  0.801183    3.22239    1.67138 
   24.6671    5.81856     18.035 
   38.7782   -4.44484    25.9191 
-0.830413 366.621
  0.805168    3.19725    1.74215 
   22.8421   -7.52343    20.5644 
   32.2973   -14.5073    38.9691 
-0.933263 476.908
  0.867998    3.13293    1.78661 
   34.9042   -4.45783    25.9228 
   48.8728     3.2044    34.2179 
-0.579575 322.641
  0.934167    3.02492    1.79703 
   43.9583     7.5181    27.2467 
   38.4204    8.25913    28.8027 
-0.160282 33.6385
  0.967132    2.91716    1.82308 
    39.497    18.4822    19.1193 
   40.7064    23.5756    23.5316 
-0.205248 46.8737
   1.03057    2.80439    1.85583 
   40.4404    22.7462    17.9589 
   34.1381    1.77251    14.8946 
-0.637981 489.005
   1.07102    2.70537    1.87958 
   43.2921    18.3183    13.5193 
    33.252    6.15168    13.0046 
-0.462158 249.097
   1.15879    2.61691    1.90128 
   34.9451    21.4624    11.0033 
   30.1579    19.5688    17.2116 
-0.267175 65.046
   1.24463    2.54927    1.89773 
   37.0458    23.0647     10.835 
    41.804     20.547    15.9723 
-0.234505 55.3701
   1.27819    2.48254    1.92553 
   37.3834    18.6698    11.6935 
   32.5097    16.0791    12.6336 
-0.182007 31.3478
   1.32951    2.42721    1.96202 
   32.0427    19.1864    9.55929 
   33.3616    27.2316    9.13447 
-0.294111 66.6453
   1.33708    2.37206    1.98884 
   26.1128    15.1185    5.85803 
   38.0338    10.0554    10.4468 
-0.602072 188.801
   1.38656    2.36102    2.03202 
   28.9106    19.4278    11.0895 
   34.7457     13.932    11.8687 
-0.303832 64.8584
   1.43378    2.34342    2.07043 
   36.2568    12.5535    14.5127 
   32.7012     9.0586    17.7636 
-0.203169 35.4244
      1.46    2.33157    2.11719 
   36.9076    19.6714    19.1461 
   31.7619     24.742    18.6188 
-0.223798 52.4666
   1.50493     2.3174    2.20082 
   22.4382    13.8603    11.6588 
   34.6555    4.20829    8.98522 
-0.731265 249.571
   1.57311    2.25492    2.30331 
   14.4579    13.4582    7.98025 
  -14.0271    13.4919   -2.62143 
-1.82115 923.79
   1.65362    2.14753    2.42988 
  -17.6631    20.1012    3.07638 
  -13.2225    15.7078    2.09424 
-0.307518 39.9855
   1.72151    2.08251    2.54422 
  -21.0973    11.7705  -0.758459 
  -19.4215    10.2858   -4.59751 
-0.235089 19.7513
   1.82393     2.0191    2.57036 