   -0.0441     1.5551     2.5761   -6.87587   -7.37662   -2.51222 
-0.0326221    1.59478    2.62419  -0.577257   -1.93982   -11.2563 
-0.0343969    1.65598    2.76507    2.59928    8.72049   -1.12515 
-0.0396738    1.66788    2.87263    4.62479    10.3151   -5.31613 
 -0.101226    1.68544    2.93008   -2.01805    10.8791    2.19324 
 -0.169961    1.70085    2.95529   -6.36779    13.0133    5.42079 
 -0.187041    1.68098     2.9791   -3.56177    9.42907   0.754444 
 -0.193884    1.69333    3.04683   -1.45774    12.7684    2.83625 
 -0.194193    1.67736    3.03982   -2.76863    7.30873    7.62396 
  -0.12502    1.67747    2.98928   0.202103    9.91716   -1.70531 
-0.0430276    1.73509    2.92149    6.52647    16.7348     1.5046 
 0.0129806    1.81754    2.87762    10.5825    21.3613    4.35192 
 0.0297624    1.91226    2.81447    11.3695    20.7957     6.2925 
 0.0702529    2.00755    2.80494    22.1393    28.5547  -0.390772 
  0.127385    2.13417    2.73888    13.2695    20.6523   -3.73728 
  0.191518    2.26833    2.70042    15.5267    21.5358    5.23292 
  0.268588    2.41385    2.63857    21.3499    13.5985   -1.76412 
  0.318606    2.49402    2.51317    16.4895    22.5908    7.52787 
  0.438352    2.63877    2.38676    29.0836    24.3951    17.3526 
  0.522742    2.78751    2.20014    25.8286    28.7985    19.5384 
  0.622641    2.88015    2.04633     26.236    30.1721    23.1566 
  0.710036    2.93435    1.92491    30.2921    29.4095    23.1082 
  0.765363    2.95213    1.79924     37.789    19.5175      23.59 
  0.758006    2.95487    1.67973    32.0816    16.4421     8.5854 
  0.755893    2.96035    1.63697    32.6901    22.0791    7.88242 
  0.769718    2.98758    1.61479     27.829    14.6736    7.95943 
   0.82228    3.01599     1.5748    37.6778   0.638316    15.1935 
  0.850977       3.07    1.54297    28.3895  -0.499057    9.35136 
  0.874648    3.12393    1.56321    30.3646    2.82329    15.1349 
  0.870503    3.18269    1.59532    41.7507   -12.8617    21.0267 
  0.861073    3.20991    1.64491    36.3551   -11.2982    26.2723 
  0.801183    3.22239    1.67138    24.6671    5.81856     18.035 
  0.805168    3.19725    1.74215    22.8421   -7.52343    20.5644 
  0.867998    3.13293    1.78661    34.9042   -4.45783    25.9228 
  0.934167    3.02492    1.79703    43.9583     7.5181    27.2467 
  0.967132    2.91716    1.82308     39.497    18.4822    19.1193 
   1.03057    2.80439    1.85583    40.4404    22.7462    17.9589 
   1.07102    2.70537    1.87958    43.2921    18.3183    13.5193 
   1.15879    2.61691    1.90128    34.9451    21.4624    11.0033 
   1.24463    2.54927    1.89773    37.0458    23.0647     10.835 
   1.27819    2.48254    1.92553    37.3834    18.6698    11.6935 
   1.32951    2.42721    1.96202    32.0427    19.1864    9.55929 
   1.33708    2.37206    1.98884    26.1128    15.1185    5.85803 
   1.38656    2.36102    2.03202    28.9106    19.4278    11.0895 
   1.43378    2.34342    2.07043    36.2568    12.5535    14.5127 
      1.46    2.33157    2.11719    36.9076    19.6714    19.1461 
   1.50493     2.3174    2.20082    22.4382    13.8603    11.6588 
   1.57311    2.25492    2.30331    14.4579    13.4582    7.98025 
   1.65362    2.14753    2.42988   -17.6631    20.1012    3.07638 
   1.72151    2.08251    2.54422   -21.0973    11.7705  -0.758459 
