
  -6.62141    15.3294   -8.55939 
  -1.70264    31.2226   -9.73571 
-1.11221 278.172
 -0.303036    1.97434    2.46512 
  -8.43813     24.797    7.40372 
  -1.79455    33.2804   -8.03083 
-0.915498 354.33
 -0.252893    1.98601    2.41352 
  -4.91842    21.7554    3.07629 
  0.587708    30.1927   -2.31127 
-0.644475 130.532
 -0.225455    1.97307    2.37073 
  -1.83853    20.9679     9.8541 
   5.41515    16.3981   -8.69975 
-1.1187 417.744
 -0.170116     2.0036     2.3205 
  -1.98159    25.6677     16.184 
 -0.490595    16.5176     13.772 
-0.419556 91.7659
  -0.13832    2.03068    2.25163 
   1.22892    24.6521    9.93262 
  -2.56519    19.6169    5.98581 
-0.363766 55.3258
 -0.188595    2.04294    2.18303 
   -3.4563     20.836    8.39836 
  -6.93275    22.0317    1.13765 
-0.456724 66.2335
 -0.191014    2.03456    2.09659 
   -4.8472    22.9157     10.675 
   -7.5195    16.4324    -4.7021 
-0.861355 285.629
 -0.134483     2.0188    1.99154 
  -2.01234    17.6234    3.48499 
   0.51094    15.6519  -0.857183 
-0.356197 29.108
 -0.107409     1.9677    1.90928 
    4.5354    16.0502   -2.43729 
   1.76398    21.5228   -3.19392 
-0.436178 38.2026
-0.0676957    1.91425    1.85005 
   3.64336    18.3915   -11.2299 
-0.0694085    24.8477   -6.34832 
-0.516807 79.2962
-0.0456154    1.80866    1.79854 
   5.56925    10.3361   -11.9746 
 0.0666465    20.2976   -7.85801 
-0.886599 146.457
-0.0180987    1.69174    1.74861 
   2.48139    1.07744   -11.0461 
   1.92874   -1.91082   -10.0661 
-0.286648 10.1956
 0.0498082    1.62975    1.72852 
   7.36558    3.28136   -8.71265 
   3.26414    6.44605  -0.583796 
-0.902593 92.9153
  0.181386    1.59241    1.72909 
    21.716    10.2664   -6.12659 
   11.5682    9.34403   -3.76685 
-0.551011 109.398
  0.288142    1.56751    1.72827 
   22.9048    4.78326    -11.973 
    19.423    8.87679   -13.2213 
-0.27611 30.4374
  0.402058    1.50573      1.696 
   26.4649    2.31128   -16.4735 
   28.1428    6.97097     -11.48 
-0.30114 49.463
  0.496133    1.47915    1.70154 
   23.2692    7.73077   -2.34856 
   25.8459    1.96095   -14.8864 
-0.733727 197.126
  0.608064     1.4556    1.69196 
   23.9959     7.7262   -2.14071 
   29.6954    1.12754   -15.0595 
-0.796195 242.922
  0.722348    1.44495    1.71271 
   33.4724    15.7478    6.66662 
   42.0595    3.63994   -19.1576 
-1.09694 887.229
  0.811296     1.4744    1.70437 
   35.2007    6.44756   -9.50445 
   42.6921    6.04868   -24.6846 
-0.631755 286.719
  0.906095    1.48591    1.72176 
   38.9578    5.96732   -4.06222 
   44.9768    8.28885   -21.9758 
-0.668277 362.512
   1.00731    1.47478    1.75047 
   39.5808    1.48463   -8.24483 
    47.459   -1.21475   -24.4999 
-0.627219 333.579
   1.07252    1.45514    1.75455 
   33.6499   -1.28085   -21.1442 
   39.1429  -0.803497   -24.1745 
-0.219262 39.5837
   1.14826    1.45475    1.73521 
   43.6799    5.01678   -7.56651 
   36.4015  -0.752094   -22.8575 
-0.567674 320.069
   1.29263     1.4285    1.70664 
   42.9235    -6.6082   -8.67572 
   28.8381   -6.02924   -22.7628 
-0.636425 397.179
   1.45741    1.39158    1.70218 
   15.9511   -2.29407  -0.702832 
   33.4892   -13.1403   -3.24393 
-1.47259 431.683
   1.65493    1.38307    1.71123 
    3.9218   -1.32364    6.47709 
  -1.11888   -11.9303   -6.61136 
-2.03313 309.216
   1.82777    1.33307    1.74458 
   -23.755  -0.996388    13.7522 
  -34.3611   -32.5527   -6.16604 
-1.8473 1505.03
   2.01481    1.22966    1.75805 
  -27.5619   -12.6861    18.2572 
  -40.5759   -15.2446    5.34478 
-0.717831 342.642
   2.16822    1.18673    1.72489 
  -37.7902   -22.6877    15.4794 
  -36.4298   -7.91706    8.63421 
-0.497954 266.879
   2.25467    1.19149    1.76699 
  -34.5153   -18.9334    25.5635 
  -36.4864   -12.8614    7.39161 
-0.584657 370.97
   2.30511    1.20672     1.8524 
  -31.7633   -22.3873    23.9918 
   -38.275   -19.5435    8.72598 
-0.523506 283.534
   2.36618    1.24334    1.89458 
  -38.3446   -25.1008    30.4775 
   -41.551   -35.4608    2.07398 
-0.80297 924.37
   2.38608    1.27952    1.92796 
  -40.0746   -31.8465    22.3752 
  -43.2161   -32.9473  -0.255778 
-0.59629 523.24
   2.35769      1.327    1.92239 
  -38.9454   -28.4358    19.0163 
   -48.716   -14.3471    8.61158 
-0.558215 402.214
   2.25915    1.40756    1.87374 
  -44.1775   -24.4117    11.1522 
  -48.2192   -16.8014    1.50582 
-0.360903 167.304
   2.17076    1.51444    1.83384 
  -44.0383   -14.0632    10.3572 
  -46.0742   -12.7352   -4.14142 
-0.44266 216.117
   2.06575    1.64408    1.82973 
  -36.7251   -5.68361    2.16496 
  -56.3748   -16.0572   -7.82968 
-0.899134 593.616
   1.94391    1.77113    1.86804 
  -33.4701    5.60705    9.75452 
  -46.3698   0.874278   -4.94675 
-0.782268 404.929
   1.81543    1.86756    1.96372 
   -33.254    1.21658    9.86345 
  -25.6909    8.35144   -2.47528 
-0.631375 260.351
    1.6392    1.93156    2.10481 
  -5.61452    9.64202    15.3189 
 -0.513862    10.6946   -7.36597 
-1.53921 541.728
    1.4611    2.08601    2.23745 
   26.4433    14.9802    18.6764 
   17.9027    25.4251     5.4718 
-0.727468 356.402
    1.3437    2.22103    2.35113 
     28.24    18.3653    9.34188 
   43.2783    9.65085    21.7529 
-0.837488 456.125
   1.22961    2.31127    2.46197 
   15.6257     23.236     10.748 
   33.3391     22.369    11.8825 
-0.795249 315.802
   1.15329    2.36965    2.55613 
   39.5702    18.8611   0.726089 
   54.6271    30.5952    -1.3972 
-0.615388 368.909
   1.08171    2.37583    2.71035 
   40.3667    15.6469   -1.16158 
   13.7107    13.7689     32.091 
-1.38149 1819.8
   1.07704    2.35285    2.86974 
    39.153    19.6056   -1.58137 
   41.5032    21.6908   -18.4634 
-0.550702 294.875
   1.04477    2.32068    3.00846 
   33.5158    23.1873      4.337 
    26.922    16.0613   -22.4285 
-0.971101 810.649
   1.04407    2.29553    3.16157 
   38.3342    28.8656    16.5962 
   13.5733    17.9593  -0.032092 
-0.900061 1008.55
   1.07702    2.21069    3.27031 