   -0.3105     1.9553     2.4862   -6.62141    15.3294   -8.55939 
 -0.303036    1.97434    2.46512   -8.43813     24.797    7.40372 
 -0.252893    1.98601    2.41352   -4.91842    21.7554    3.07629 
 -0.225455    1.97307    2.37073   -1.83853    20.9679     9.8541 
 -0.170116     2.0036     2.3205   -1.98159    25.6677     16.184 
  -0.13832    2.03068    2.25163    1.22892    24.6521    9.93262 
 -0.188595    2.04294    2.18303    -3.4563     20.836    8.39836 
 -0.191014    2.03456    2.09659    -4.8472    22.9157     10.675 
 -0.134483     2.0188    1.99154   -2.01234    17.6234    3.48499 
 -0.107409     1.9677    1.90928     4.5354    16.0502   -2.43729 
-0.0676957    1.91425    1.85005    3.64336    18.3915   -11.2299 
-0.0456154    1.80866    1.79854    5.56925    10.3361   -11.9746 
-0.0180987    1.69174    1.74861    2.48139    1.07744   -11.0461 
 0.0498082    1.62975    1.72852    7.36558    3.28136   -8.71265 
  0.181386    1.59241    1.72909     21.716    10.2664   -6.12659 
  0.288142    1.56751    1.72827    22.9048    4.78326    -11.973 
  0.402058    1.50573      1.696    26.4649    2.31128   -16.4735 
  0.496133    1.47915    1.70154    23.2692    7.73077   -2.34856 
  0.608064     1.4556    1.69196    23.9959     7.7262   -2.14071 
  0.722348    1.44495    1.71271    33.4724    15.7478    6.66662 
  0.811296     1.4744    1.70437    35.2007    6.44756   -9.50445 
  0.906095    1.48591    1.72176    38.9578    5.96732   -4.06222 
   1.00731    1.47478    1.75047    39.5808    1.48463   -8.24483 
   1.07252    1.45514    1.75455    33.6499   -1.28085   -21.1442 
   1.14826    1.45475    1.73521    43.6799    5.01678   -7.56651 
   1.29263     1.4285    1.70664    42.9235    -6.6082   -8.67572 
   1.45741    1.39158    1.70218    15.9511   -2.29407  -0.702832 
   1.65493    1.38307    1.71123     3.9218   -1.32364    6.47709 
   1.82777    1.33307    1.74458    -23.755  -0.996388    13.7522 
   2.01481    1.22966    1.75805   -27.5619   -12.6861    18.2572 
   2.16822    1.18673    1.72489   -37.7902   -22.6877    15.4794 
   2.25467    1.19149    1.76699   -34.5153   -18.9334    25.5635 
   2.30511    1.20672     1.8524   -31.7633   -22.3873    23.9918 
   2.36618    1.24334    1.89458   -38.3446   -25.1008    30.4775 
   2.38608    1.27952    1.92796   -40.0746   -31.8465    22.3752 
   2.35769      1.327    1.92239   -38.9454   -28.4358    19.0163 
   2.25915    1.40756    1.87374   -44.1775   -24.4117    11.1522 
   2.17076    1.51444    1.83384   -44.0383   -14.0632    10.3572 
   2.06575    1.64408    1.82973   -36.7251   -5.68361    2.16496 
   1.94391    1.77113    1.86804   -33.4701    5.60705    9.75452 
   1.81543    1.86756    1.96372    -33.254    1.21658    9.86345 
    1.6392    1.93156    2.10481   -5.61452    9.64202    15.3189 
    1.4611    2.08601    2.23745    26.4433    14.9802    18.6764 
    1.3437    2.22103    2.35113      28.24    18.3653    9.34188 
   1.22961    2.31127    2.46197    15.6257     23.236     10.748 
   1.15329    2.36965    2.55613    39.5702    18.8611   0.726089 
   1.08171    2.37583    2.71035    40.3667    15.6469   -1.16158 
   1.07704    2.35285    2.86974     39.153    19.6056   -1.58137 
   1.04477    2.32068    3.00846    33.5158    23.1873      4.337 
   1.04407    2.29553    3.16157    38.3342    28.8656    16.5962 
