
 -0.590999    16.7162   -4.85691 
   11.3716    19.8004   -9.31797 
-0.900681 172.518
 -0.192751    1.85165    2.60522 
  -4.72405    13.6144    -10.558 
   11.5529    22.0208   -3.99172 
-1.34762 378.722
 -0.212647    1.83567    2.59884 
  -8.63555    13.6509    3.40215 
    7.9457    18.9446   -7.07962 
-1.47832 412.829
 -0.271886    1.86556    2.60572 
  -8.15768    15.4789   0.589879 
  0.791853    19.0604   -15.8994 
-1.30691 364.816
 -0.357463    1.84938    2.58759 
  -16.5663    8.21357   -6.16788 
   -9.3316     12.725   -5.50018 
-0.552338 73.1396
 -0.427708     1.8263    2.54535 
  -17.2788    9.37133   -7.98642 
  -21.2342    7.86899   -8.85089 
-0.259646 18.649
 -0.516576    1.84099     2.4913 
  -23.7675   -3.85951   -10.6729 
  -31.3105    5.49021   -11.3371 
-0.598159 144.755
 -0.571415    1.86899    2.38976 
  -27.7936   -0.18805  -0.230648 
  -36.6413    11.3772   -16.3648 
-1.01074 472.347
 -0.593457    1.91063    2.31993 
  -30.3912   -1.24687  -0.107375 
  -33.1939    1.95464   -8.37694 
-0.402258 86.4905
 -0.613274    1.96934    2.20856 
   -25.389    5.68989   0.331734 
  -29.7579    1.63757   0.511887 
-0.296721 35.5412
  -0.64881    1.98321    2.12661 
  -26.9328    12.0942    10.9649 
  -27.4628   -7.62585  -0.178768 
-0.972193 513.345
 -0.679386     2.0036    2.07483 
  -30.7104    8.01711    9.32448 
  -26.0067   -3.55383    3.92926 
-0.559586 185.12
 -0.737525     2.0169    2.06275 
  -37.7168  -0.223474    3.07402 
  -25.9587  -0.735584    6.46736 
-0.443053 150.03
 -0.792181    2.05068     2.0507 
  -29.3401    11.4575    3.75616 
  -41.8905    14.6795    4.92283 
-0.552227 169.255
 -0.806775    2.11114    2.01524 
  -37.3324    7.76871    4.27837 
  -49.9476     28.658    2.55391 
-0.883208 598.482
 -0.812439    2.14474    1.97411 
  -36.3237    12.9963   -1.62562 
  -22.2782    7.51049    12.8083 
-0.746141 435.707
 -0.783574    2.16556      1.912 
  -33.1376     12.448    2.15208 
  -29.0893      14.47     6.4159 
-0.239131 38.6572
 -0.784025    2.16002    1.86195 
  -28.5971    12.6257     -2.972 
  -42.9225     28.116    1.56646 
-0.921918 465.764
 -0.734565      2.175     1.8331 
  -27.6331    23.5797   -1.93241 
  -33.3732    20.5119   -9.31993 
-0.370443 96.936
  -0.69098     2.1682    1.80353 
  -25.7376    16.9542   -10.1919 
  -21.3165    17.8338   -19.3575 
-0.426996 104.328
 -0.625327    2.15164    1.75547 
  -20.5723    26.2403   -7.35846 
  -19.9862    17.2072   -21.3612 
-0.667264 278.017
  -0.53551    2.10397    1.71754 
   -16.872    20.8535   -14.0033 
  -12.8873    20.3942   -18.5816 
-0.270325 37.049
 -0.476599    2.10527    1.72025 
  -17.6843    17.5759   -13.9047 
  -12.5435    23.8376   -19.1289 
-0.450081 92.9284
 -0.434651    2.13473    1.71517 
   -12.393    27.8717   -15.2517 
  -16.2266    13.8997   -25.9688 
-0.721963 324.77
 -0.390371    2.16847    1.72992 
  -12.6886    30.3815   -13.4177 
  -15.7456    13.8635   -19.1381 
-0.685775 314.911
 -0.337881    2.23158    1.76617 
  -8.13728    27.4917   -13.3116 
  -5.83945    17.7294   -23.8757 
-0.623051 212.181
 -0.319764    2.30829    1.81362 
  -11.3619     21.058   -6.64152 
 -0.144678    14.3154   -15.6095 
-0.834585 251.715
 -0.346822    2.34917    1.81558 
  -10.0564    13.5963   -7.78574 
  -4.24622    18.2626   -14.6134 
-0.678443 102.149
 -0.331336    2.37765    1.79967 
  -12.0421    20.6424   -5.64711 
  -4.44877    19.1278   -15.8315 
-0.679429 163.674
 -0.332844    2.39383    1.78782 
  -14.4401    21.4672   -7.93603 
  -7.01869    19.9933   -17.3689 
-0.591064 146.23
 -0.310143    2.41544    1.81998 
  -12.3372    14.7669   -8.10568 
  -1.28863    20.5967   -8.31833 
-0.761449 156.102
    -0.249    2.41989    1.85104 
  -7.62762    23.3184   -3.04347 
    3.7129     19.124   -4.70233 
-0.637496 148.952
 -0.221854    2.42244    1.86399 
  -10.6349    22.2236    3.75677 
 -0.592541    14.8881   -6.33149 
-0.833583 256.432
 -0.138649    2.46335    1.86186 
  -9.02475    15.4603    0.23131 
   1.64725    17.6473   -2.30751 
-0.751899 125.12
-0.0819093    2.52199    1.80512 
   -10.887    11.2734   -5.01447 
  -1.71432    11.2072   -2.37375 
-0.710466 91.1163
-0.0434511    2.56718    1.75206 
  -10.2431    7.26036   -9.67994 
  -6.93852    12.5184   -4.88019 
-0.602564 61.6047
 0.0850995    2.58423    1.71011 
  -1.99083   -3.18434    -10.513 
  -5.46181    7.00818   -8.90187 
-1.00541 118.531
  0.159695    2.59191    1.68639 
  -2.73703   -5.00693   -11.1605 
   -1.3738    2.90624   -9.09253 
-0.739793 68.7531
   0.20079    2.55261    1.71167 
   6.45471    4.62879   -9.42444 
   3.19353   -1.43742   -11.6277 
-0.676528 52.2886
  0.196729    2.55645    1.69266 
  -2.20254   -12.1454    -14.362 
   7.09243   -12.5792   -9.60577 
-0.675797 109.206
  0.178168    2.55801    1.71112 
  -2.76994   -3.00045    -14.459 
    6.9204   -17.8442   -7.87708 
-1.43352 357.56
  0.145058    2.55334    1.77955 
   4.69392    5.64353   -4.39201 
 -0.204269   -6.84278   -2.29956 
-1.64372 184.279
  0.101552    2.52555    1.87131 
  -2.89207    6.47729    4.04006 
  -1.42267   -8.34579   -10.1562 
-2.3791 423.416
 0.0295989    2.46289    1.91371 
 0.0754927    12.4762    4.36436 
  -2.64711    13.5615   -1.83131 
-0.571739 46.9766
-0.0319231    2.46288    1.93398 
  -4.13973    4.08298    5.36121 
 -0.729251    4.31295   -10.1976 
-1.95858 253.76
 -0.109859    2.42775    1.89859 
  -7.02046    10.3803    1.23144 
   2.08594    19.9681   -1.33852 
-1.18154 181.457
 -0.142914    2.38618    1.78955 
   -2.8318    13.5035   -9.47338 
  -10.8866    7.62075   -12.5883 
-0.748213 109.19
 -0.158709    2.35708     1.6846 
  -11.2847    17.5668   -19.5466 
  -12.4325    4.53858   -23.6583 
-0.639085 187.958
 -0.178801    2.33803    1.55898 
  -8.88853     18.626   -32.4124 
  -5.59246    10.9381   -27.0627 
-0.358735 98.587
   -0.1728    2.32026    1.44263 
  -2.08736    24.6742   -44.7912 
  -5.65746    18.0795   -34.9742 
-0.346503 152.609
 -0.135275    2.30591    1.36748 