   -0.2017     1.8454      2.537  -0.590999    16.7162   -4.85691 
 -0.192751    1.85165    2.60522   -4.72405    13.6144    -10.558 
 -0.212647    1.83567    2.59884   -8.63555    13.6509    3.40215 
 -0.271886    1.86556    2.60572   -8.15768    15.4789   0.589879 
 -0.357463    1.84938    2.58759   -16.5663    8.21357   -6.16788 
 -0.427708     1.8263    2.54535   -17.2788    9.37133   -7.98642 
 -0.516576    1.84099     2.4913   -23.7675   -3.85951   -10.6729 
 -0.571415    1.86899    2.38976   -27.7936   -0.18805  -0.230648 
 -0.593457    1.91063    2.31993   -30.3912   -1.24687  -0.107375 
 -0.613274    1.96934    2.20856    -25.389    5.68989   0.331734 
  -0.64881    1.98321    2.12661   -26.9328    12.0942    10.9649 
 -0.679386     2.0036    2.07483   -30.7104    8.01711    9.32448 
 -0.737525     2.0169    2.06275   -37.7168  -0.223474    3.07402 
 -0.792181    2.05068     2.0507   -29.3401    11.4575    3.75616 
 -0.806775    2.11114    2.01524   -37.3324    7.76871    4.27837 
 -0.812439    2.14474    1.97411   -36.3237    12.9963   -1.62562 
 -0.783574    2.16556      1.912   -33.1376     12.448    2.15208 
 -0.784025    2.16002    1.86195   -28.5971    12.6257     -2.972 
 -0.734565      2.175     1.8331   -27.6331    23.5797   -1.93241 
  -0.69098     2.1682    1.80353   -25.7376    16.9542   -10.1919 
 -0.625327    2.15164    1.75547   -20.5723    26.2403   -7.35846 
  -0.53551    2.10397    1.71754    -16.872    20.8535   -14.0033 
 -0.476599    2.10527    1.72025   -17.6843    17.5759   -13.9047 
 -0.434651    2.13473    1.71517    -12.393    27.8717   -15.2517 
 -0.390371    2.16847    1.72992   -12.6886    30.3815   -13.4177 
 -0.337881    2.23158    1.76617   -8.13728    27.4917   -13.3116 
 -0.319764    2.30829    1.81362   -11.3619     21.058   -6.64152 
 -0.346822    2.34917    1.81558   -10.0564    13.5963   -7.78574 
 -0.331336    2.37765    1.79967   -12.0421    20.6424   -5.64711 
 -0.332844    2.39383    1.78782   -14.4401    21.4672   -7.93603 
 -0.310143    2.41544    1.81998   -12.3372    14.7669   -8.10568 
    -0.249    2.41989    1.85104   -7.62762    23.3184   -3.04347 
 -0.221854    2.42244    1.86399   -10.6349    22.2236    3.75677 
 -0.138649    2.46335    1.86186   -9.02475    15.4603    0.23131 
-0.0819093    2.52199    1.80512    -10.887    11.2734   -5.01447 
-0.0434511    2.56718    1.75206   -10.2431    7.26036   -9.67994 
 0.0850995    2.58423    1.71011   -1.99083   -3.18434    -10.513 
  0.159695    2.59191    1.68639   -2.73703   -5.00693   -11.1605 
   0.20079    2.55261    1.71167    6.45471    4.62879   -9.42444 
  0.196729    2.55645    1.69266   -2.20254   -12.1454    -14.362 
  0.178168    2.55801    1.71112   -2.76994   -3.00045    -14.459 
  0.145058    2.55334    1.77955    4.69392    5.64353   -4.39201 
  0.101552    2.52555    1.87131   -2.89207    6.47729    4.04006 
 0.0295989    2.46289    1.91371  0.0754927    12.4762    4.36436 
-0.0319231    2.46288    1.93398   -4.13973    4.08298    5.36121 
 -0.109859    2.42775    1.89859   -7.02046    10.3803    1.23144 
 -0.142914    2.38618    1.78955    -2.8318    13.5035   -9.47338 
 -0.158709    2.35708     1.6846   -11.2847    17.5668   -19.5466 
 -0.178801    2.33803    1.55898   -8.88853     18.626   -32.4124 
   -0.1728    2.32026    1.44263   -2.08736    24.6742   -44.7912 
