
  -8.61478   -1.98832 
  -2.37307    2.04689 
-0.678106 55.2418
  -1.69244   0.127334 
  -8.96736    1.03667 
  -3.38784    3.39414 
-0.537592 36.6886
  -1.59267 -0.0277616 
  -3.58772   0.405082 
  -4.62052    3.24283 
-0.374158 9.11951
  -1.50619  -0.236507 
  -5.71466  -0.163021 
   -4.0998   0.341814 
-0.196891 2.86265
  -1.34821  -0.390621 
   -4.5891    -6.0269 
  -1.36096   -3.00969 
-0.500361 19.5245
  -1.15186  -0.518024 
   4.25015   -5.36226 
   3.92111   -4.78911 
-0.0793226 0.436778
  -1.01436  -0.568491 
   12.7582   -5.70419 
   10.3654   -5.45348 
-0.160653 5.788
 -0.754419  -0.589692 
   28.2065   -3.46081 
   29.7546   0.226467 
-0.134893 15.9925
 -0.446894  -0.548404 
   44.5757    17.9559 
   46.0223    16.3089 
-0.0446854 4.80531
 -0.216139  -0.556767 
   47.2965    27.2453 
   39.1978    18.8578 
-0.209766 135.94
 0.0248317  -0.628156 
   19.4636    16.9539 
   25.6855    21.1095 
-0.279053 55.9805
  0.208633  -0.667014 
 -0.452601    15.2057 
  -12.9018    8.74396 
-0.824755 196.737
  0.271852  -0.702573 
  -9.55768    14.2857 
   -25.974    5.29951 
-1.02896 350.247
  0.409704  -0.637376 
  -47.3407   -2.10104 
  -41.1612   -1.11087 
-0.128762 39.1668
  0.433714  -0.477367 
  -47.0919   -5.32573 
  -44.3219   -6.02507 
-0.0590381 8.16232
  0.359034  -0.247739 
  -50.7068   -7.93373 
  -50.8566   -8.32648 
-0.00803384 0.176703
  0.341362 -0.0161006 
  -50.6007   -10.1776 
  -54.2289   -11.5917 
-0.0740102 15.1631
  0.225497    0.17789 
  -56.9124   -9.95394 
   -53.103   -15.3362 
-0.112186 43.4794
  0.149196   0.351082 
  -51.6848   -19.9963 
  -52.1428   -18.3875 
-0.0296478 2.79784
 0.0806061   0.604157 
   -50.837   -15.9022 
   -53.007   -22.3771 
-0.125841 46.6337
-0.00220327   0.814545 