   -1.8091     0.0974   -8.61478   -1.98832 
  -1.69244   0.127334   -8.96736    1.03667 
  -1.59267 -0.0277616   -3.58772   0.405082 
  -1.50619  -0.236507   -5.71466  -0.163021 
  -1.34821  -0.390621    -4.5891    -6.0269 
  -1.15186  -0.518024    4.25015   -5.36226 
  -1.01436  -0.568491    12.7582   -5.70419 
 -0.754419  -0.589692    28.2065   -3.46081 
 -0.446894  -0.548404    44.5757    17.9559 
 -0.216139  -0.556767    47.2965    27.2453 
 0.0248317  -0.628156    19.4636    16.9539 
  0.208633  -0.667014  -0.452601    15.2057 
  0.271852  -0.702573   -9.55768    14.2857 
  0.409704  -0.637376   -47.3407   -2.10104 
  0.433714  -0.477367   -47.0919   -5.32573 
  0.359034  -0.247739   -50.7068   -7.93373 
  0.341362 -0.0161006   -50.6007   -10.1776 
  0.225497    0.17789   -56.9124   -9.95394 
  0.149196   0.351082   -51.6848   -19.9963 
 0.0806061   0.604157    -50.837   -15.9022 
