   -1.8031     0.1409 
  -1.84747   0.678677 
  -2.37378    2.50001 
-0.234895 3.59426
  -1.77316   0.132321 
   -2.2192    4.41644 
  -2.86036    2.55061 
-0.244443 3.8924
  -1.85533   0.135527 
  -4.36986    4.40324 
  -1.45653    2.44376 
-0.43501 12.3271
   -1.8635  0.0435456 
  -5.26134     1.7511 
 -0.988592    1.66042 
-0.51751 18.2646
  -1.92221 -0.00351058 
  -5.56387    1.68342 
  0.356628    1.46011 
-0.698634 35.1022
  -2.19417   0.128205 
   1.73537    2.52717 
   5.36802    3.81946 
-0.477714 14.8661
  -2.45139   0.200379 
   -4.5271  -0.990558 
  -6.08885   -2.11135 
-0.238171 3.69522
  -2.59259   0.373489 
  -8.20369    6.67788 
  -5.78012    5.00139 
-0.254527 8.6843
  -2.75726   0.662739 
  -21.3258    5.43511 
   -13.478     7.1418 
-0.34907 64.5007
  -2.88011   0.975893 
  -24.7687    10.2179 
  -22.7317    6.01341 
-0.168094 21.827
  -3.08015    1.33924 
  -38.2486   -1.39476 
  -39.4224   0.259136 
-0.0512482 4.11317
  -3.38572    1.53777 
  -53.7302   -2.02008 
  -53.4626   -4.78476 
-0.0505366 7.71511
   -3.5376    1.62839 
  -51.4598   -9.30369 
  -63.6565   -11.1522 
-0.23147 152.177
  -3.43871    1.81099 
  -54.6928   -11.8989 
  -51.7585   -10.0552 
-0.0608281 12.0098
  -3.18706    2.00937 
  -40.5805   -9.97735 
  -43.7696   -14.5473 
-0.130236 31.0549
  -2.92749    2.05487 
  -24.7028   -9.38701 
  -24.8226   -12.2537 
-0.104614 8.2321
  -2.47581    2.10338 
   7.96261   -13.5741 
-0.0781446   -13.1326 
-0.481136 64.8487
  -2.08137    1.90772 
  0.635833   -9.11753 
-0.0777373    -12.285 
-0.284851 10.5422
  -1.63532    1.65678 
  -4.59938   -1.91037 
  -7.32341   -5.08078 
-0.517892 17.4719
  -1.09553    1.39168 
   21.1489    -6.2192 
    17.497   -5.51529 
-0.161388 13.8317
 -0.485796    1.06818 