   -1.8031     0.1409   -1.84747   0.678677 
  -1.77316   0.132321    -2.2192    4.41644 
  -1.85533   0.135527   -4.36986    4.40324 
   -1.8635  0.0435456   -5.26134     1.7511 
  -1.92221 -0.00351058   -5.56387    1.68342 
  -2.19417   0.128205    1.73537    2.52717 
  -2.45139   0.200379    -4.5271  -0.990558 
  -2.59259   0.373489   -8.20369    6.67788 
  -2.75726   0.662739   -21.3258    5.43511 
  -2.88011   0.975893   -24.7687    10.2179 
  -3.08015    1.33924   -38.2486   -1.39476 
  -3.38572    1.53777   -53.7302   -2.02008 
   -3.5376    1.62839   -51.4598   -9.30369 
  -3.43871    1.81099   -54.6928   -11.8989 
  -3.18706    2.00937   -40.5805   -9.97735 
  -2.92749    2.05487   -24.7028   -9.38701 
  -2.47581    2.10338    7.96261   -13.5741 
  -2.08137    1.90772   0.635833   -9.11753 
  -1.63532    1.65678   -4.59938   -1.91037 
  -1.09553    1.39168    21.1489    -6.2192 
