
  0.746846    3.94501 
 -0.951885    2.09306 
-0.311364 6.31539
  -1.94747  0.0454571 
  -5.97609    7.33543 
  0.414677    2.05927 
-0.792165 68.6797
  -2.11511   0.125276 
   3.94585    2.14139 
   2.79462    4.16369 
-0.288316 5.41503
  -2.25599   0.329185 
   1.61424   -0.74508 
   1.04938    8.19857 
-1.11032 80.3079
  -2.63947   0.470471 
  -13.2242    7.92685 
   -15.065    6.65058 
-0.136432 5.0173
   -3.0591   0.726968 
  -37.8769    4.76154 
  -38.7128    4.19754 
-0.0257208 1.01686
  -3.26787    1.01662 
  -51.0588    1.39158 
  -54.9787   0.231734 
-0.0781575 16.7108
  -3.43655     1.3228 
  -56.7753   -3.08199 
  -63.2642   -4.38096 
-0.114106 43.7925
   -3.4989    1.63888 
  -56.5615   -6.01046 
  -61.9808   -10.2835 
-0.119234 47.6275
  -3.40136    2.11476 
   -55.468   -14.3372 
   -49.238   -14.5308 
-0.106929 38.8501
  -3.37405    2.64731 
  -53.4985    1.38178 
  -54.8422   -2.01324 
-0.0667127 13.3319
  -3.23922    3.04827 
  -42.8763    8.88212 
  -46.9981    13.1416 
-0.132344 35.132
  -3.25847    3.52335 
  -49.5159    25.5043 
  -50.5362    22.4865 
-0.0561862 10.1484
  -3.21923    4.03593 
  -43.3595    8.34419 
  -44.7306    16.1038 
-0.174505 62.0911
  -3.19192     4.6407 
  -41.3011   -14.2208 
  -41.3203   -9.92422 
-0.0961629 18.4611
   -3.2191    5.17975 
  -38.8477   -17.8388 
   -41.682   -19.0478 
-0.0704361 9.49513
  -3.15303    5.73782 
  -38.0802   -8.18288 
  -40.3966   -4.84273 
-0.101747 16.5222
  -3.12134    6.26591 
  -45.4824    5.25039 
  -52.6531    3.94999 
-0.15577 53.1092
  -3.14707    6.90144 
   -51.863     2.8898 
  -48.9634    4.19483 
-0.0598782 10.1107
  -3.26499    7.42752 
  -48.8669   0.581991 
  -55.0815   -1.74842 
-0.13242 44.0518
  -3.38857      7.958 