   -1.8729     0.0928   0.746846    3.94501 
  -1.94747  0.0454571   -5.97609    7.33543 
  -2.11511   0.125276    3.94585    2.14139 
  -2.25599   0.329185    1.61424   -0.74508 
  -2.63947   0.470471   -13.2242    7.92685 
   -3.0591   0.726968   -37.8769    4.76154 
  -3.26787    1.01662   -51.0588    1.39158 
  -3.43655     1.3228   -56.7753   -3.08199 
   -3.4989    1.63888   -56.5615   -6.01046 
  -3.40136    2.11476    -55.468   -14.3372 
  -3.37405    2.64731   -53.4985    1.38178 
  -3.23922    3.04827   -42.8763    8.88212 
  -3.25847    3.52335   -49.5159    25.5043 
  -3.21923    4.03593   -43.3595    8.34419 
  -3.19192     4.6407   -41.3011   -14.2208 
   -3.2191    5.17975   -38.8477   -17.8388 
  -3.15303    5.73782   -38.0802   -8.18288 
  -3.12134    6.26591   -45.4824    5.25039 
  -3.14707    6.90144    -51.863     2.8898 
  -3.26499    7.42752   -48.8669   0.581991 
