
  -9.23283      16.25   -9.73491 
  -9.71531    32.3897     -10.41 
-0.977291 261.18
 -0.374805    2.01607    2.49281 
  -9.66996    20.9456    3.11865 
  -9.40208     35.691   -9.24621 
-1.05702 370.388
 -0.381727    1.99145    2.57364 
  -9.55558    20.0545   -6.16722 
  -9.84779    36.6802   -11.7066 
-0.982132 307.186
 -0.378308    1.97775    2.61196 
   -9.0152    16.9882   -6.21899 
  -11.3472    26.2817   -11.7474 
-0.692924 122.37
 -0.401814    1.92809     2.6636 
  -17.3031    15.7078   -1.70718 
  -18.1872    20.2686   -12.0781 
-0.617626 129.138
 -0.388983    1.89098    2.76712 
   -10.859    13.6608   -10.4408 
   -11.422    3.32936    5.30395 
-1.1741 354.954
 -0.432535    1.81667    2.86593 
  -15.5912    4.50398   -10.3877 
  -28.3405    10.4016    -3.0665 
-1.02758 250.925
 -0.472277    1.73252     2.9439 
  -24.7151    1.66589   -7.10431 
  -30.1949    9.20414   -7.60565 
-0.469025 87.1052
 -0.522475    1.65166    3.01077 
  -29.7329    -4.5452    1.60422 
  -27.1679   -2.81021    5.58875 
-0.222206 25.4656
 -0.588068    1.58849    3.07319 
  -31.5729   -14.1258    -3.7147 
  -36.3263   -5.60144    3.68146 
-0.480321 149.963
 -0.648784    1.54131    3.11357 
  -38.9864   -17.7873   -3.49609 
  -37.6408   -11.2888  -0.225545 
-0.241713 54.7383
 -0.679258    1.47721    3.12713 
  -47.9363   -32.0175   -6.59336 
  -40.4165   -20.3417   -4.20923 
-0.355322 198.558
 -0.714495    1.37909    3.14491 
  -40.7825   -38.0734   -7.00381 
  -45.9463   -35.4565   -11.2671 
-0.186346 51.6889
 -0.720059     1.3291    3.12972 
  -51.6704   -47.3989   -6.92407 
   -49.576   -42.7266   -14.1163 
-0.187681 77.9448
 -0.662384    1.30613    3.11435 
  -44.9197   -50.0649   -15.6919 
  -47.8878   -44.5414   -14.6844 
-0.137398 40.3334
 -0.625257    1.32011     3.1099 
  -45.2138   -44.1314   -5.99036 
  -46.3961   -41.6074   -13.5317 
-0.187384 64.6403
 -0.563359     1.3516    3.14106 
  -39.3242   -37.1151   -11.2553 
  -43.4854   -31.4437   -6.22312 
-0.227719 74.8035
 -0.501923    1.32907    3.13446 
  -36.8857   -36.3726   -9.51939 
  -43.4206   -33.6708   -7.97117 
-0.19869 52.4014
  -0.47226    1.31065    3.16313 
  -37.1921   -39.0558   -4.45529 
  -42.6071   -33.6347   -6.00169 
-0.209368 61.1032
 -0.492969    1.35876    3.16172 
  -39.3629   -37.2039   -6.84084 
  -42.0783   -25.7991   -2.29457 
-0.334466 158.111
  -0.48789    1.38667    3.14676 
  -35.5307   -28.6454   -3.01422 
  -41.0012   -22.4115   -1.23768 
-0.262485 71.9439
 -0.474106    1.39109    3.14593 
  -38.4143   -31.4788   -4.68384 
  -40.1277   -21.3375   -1.07147 
-0.313599 118.831
 -0.516948    1.38945    3.18832 
  -34.8676   -32.3806    2.41638 
  -39.7276   -20.7954  -0.469255 
-0.384808 166.164
 -0.556851    1.40157    3.15451 
  -38.1452   -28.8553   -3.30727 
  -40.3949   -23.2441   -1.75386 
-0.185505 38.9604
 -0.561921    1.37074    3.13075 
  -41.3764   -38.1975   -8.93961 
   -42.946    -29.403   -5.65039 
-0.243755 90.6252
 -0.571478    1.32068    3.21985 
  -45.7674   -38.1231   -1.01244 
  -41.9441   -31.3965   -6.62997 
-0.234884 91.4206
 -0.573119    1.28435    3.31321 
  -36.9478   -40.8223   -5.25735 
   -39.954   -34.0716   -10.3383 
-0.23583 80.4263
 -0.590273    1.23718    3.39627 
  -41.3058   -48.9929   -5.69185 
  -41.7265   -37.8467   -8.49047 
-0.264837 132.248
 -0.614328    1.18351    3.48281 
  -49.8353   -53.1947   -1.50078 
  -41.1126   -46.2484   -2.70706 
-0.23092 125.791
 -0.564498     1.1251    3.54383 
  -41.0429   -54.5707   -1.14259 
  -43.2927    -49.027   -4.39907 
-0.148511 46.3994
 -0.479943    1.06921    3.61708 
  -43.9003    -58.768   -2.83928 
  -41.6954   -52.9917   -2.27578 
-0.127117 38.5441
 -0.405423    1.03814    3.65372 
  -42.9596   -56.4918   0.148003 
   -39.548   -52.2267    6.38729 
-0.174772 68.7585
 -0.328623    1.00715    3.65874 
  -43.6813   -55.2094   -3.61567 
    -34.33   -56.9743   -2.83483 
-0.202681 91.1713
 -0.265615   0.960025    3.65588 
  -33.3812   -54.1297   0.617578 
  -32.2682   -55.1775   -1.54754 
-0.0614921 7.02422
 -0.232714    0.88661     3.6315 
  -33.5383   -62.8893   0.227095 
  -35.4991   -48.6935   -4.87682 
-0.319437 231.415
 -0.144057   0.802958    3.57585 
  -40.9504   -66.9577   -1.21311 
  -33.6955   -57.9234   -6.36537 
-0.244664 160.799
 -0.104537   0.814072      3.556 
  -41.1189   -61.2438   -1.09067 
  -22.3535   -44.2709   -14.3154 
-0.581697 815.109
-0.0845525    0.78141    3.54861 
  -41.3235   -63.6806   -1.35052 
  -30.1942   -52.4015   -6.78486 
-0.332817 280.612
-0.0591849   0.788488     3.5429 
  -34.9658   -64.5202   -5.41967 
  -27.6518   -50.1579   -4.58502 
-0.330207 260.468
-0.00183592    0.85535    3.47058 
  -31.3423    -59.097   -5.19735 
  -20.3172   -34.9948    2.44338 
-0.61218 760.853
0.00810443   0.900318    3.45961 
  -26.7451   -51.6865    2.71861 
  -18.6081   -48.4713   -3.19628 
-0.26475 111.534
 0.0129213   0.962287    3.44374 
  -22.6965   -46.7498    3.67556 
  -15.6928   -53.6668   -6.37811 
-0.389187 197.974
  0.013917    1.03113     3.4541 
  -23.6052   -38.9575    1.37182 
  -10.0872   -45.6515   -1.57138 
-0.476415 236.21
 0.0376652    1.14341    3.41399 
  -12.8788   -20.6966    6.47288 
  -4.02897   -20.8372    2.17636 
-0.510736 96.8
 0.0398091    1.22643    3.46857 
  -4.11532   -14.1636    4.53333 
  -6.63941   -12.1504   -3.24558 
-0.647366 70.9353
 0.0517145    1.29863    3.50178 
   -7.9359   -6.95898    4.76322 
  -2.22278   -1.74359   -3.71403 
-1.13241 131.704
  0.042669    1.37761    3.51672 
    1.0483    3.63081    12.6949 
  0.640793    11.3158   0.771894 
-1.17094 201.382
  0.012799    1.42224    3.54634 
   6.17622  -0.380366    7.79236 
   3.21601    12.3287   0.916549 
-1.51337 217.561
-0.00624722    1.42728    3.57874 
   1.81339 -0.0261143   -1.07503 
     4.335    10.9634    1.79581 
-1.45823 135.369
 0.0326782    1.42734    3.50461 
   8.42845 -0.00060829   0.697955 
   2.46709    16.1643    1.68484 
-1.78722 297.817
 0.0946449    1.48332    3.48208 