   -0.3648     1.9737     2.4622   -9.23283      16.25   -9.73491 
 -0.374805    2.01607    2.49281   -9.66996    20.9456    3.11865 
 -0.381727    1.99145    2.57364   -9.55558    20.0545   -6.16722 
 -0.378308    1.97775    2.61196    -9.0152    16.9882   -6.21899 
 -0.401814    1.92809     2.6636   -17.3031    15.7078   -1.70718 
 -0.388983    1.89098    2.76712    -10.859    13.6608   -10.4408 
 -0.432535    1.81667    2.86593   -15.5912    4.50398   -10.3877 
 -0.472277    1.73252     2.9439   -24.7151    1.66589   -7.10431 
 -0.522475    1.65166    3.01077   -29.7329    -4.5452    1.60422 
 -0.588068    1.58849    3.07319   -31.5729   -14.1258    -3.7147 
 -0.648784    1.54131    3.11357   -38.9864   -17.7873   -3.49609 
 -0.679258    1.47721    3.12713   -47.9363   -32.0175   -6.59336 
 -0.714495    1.37909    3.14491   -40.7825   -38.0734   -7.00381 
 -0.720059     1.3291    3.12972   -51.6704   -47.3989   -6.92407 
 -0.662384    1.30613    3.11435   -44.9197   -50.0649   -15.6919 
 -0.625257    1.32011     3.1099   -45.2138   -44.1314   -5.99036 
 -0.563359     1.3516    3.14106   -39.3242   -37.1151   -11.2553 
 -0.501923    1.32907    3.13446   -36.8857   -36.3726   -9.51939 
  -0.47226    1.31065    3.16313   -37.1921   -39.0558   -4.45529 
 -0.492969    1.35876    3.16172   -39.3629   -37.2039   -6.84084 
  -0.48789    1.38667    3.14676   -35.5307   -28.6454   -3.01422 
 -0.474106    1.39109    3.14593   -38.4143   -31.4788   -4.68384 
 -0.516948    1.38945    3.18832   -34.8676   -32.3806    2.41638 
 -0.556851    1.40157    3.15451   -38.1452   -28.8553   -3.30727 
 -0.561921    1.37074    3.13075   -41.3764   -38.1975   -8.93961 
 -0.571478    1.32068    3.21985   -45.7674   -38.1231   -1.01244 
 -0.573119    1.28435    3.31321   -36.9478   -40.8223   -5.25735 
 -0.590273    1.23718    3.39627   -41.3058   -48.9929   -5.69185 
 -0.614328    1.18351    3.48281   -49.8353   -53.1947   -1.50078 
 -0.564498     1.1251    3.54383   -41.0429   -54.5707   -1.14259 
 -0.479943    1.06921    3.61708   -43.9003    -58.768   -2.83928 
 -0.405423    1.03814    3.65372   -42.9596   -56.4918   0.148003 
 -0.328623    1.00715    3.65874   -43.6813   -55.2094   -3.61567 
 -0.265615   0.960025    3.65588   -33.3812   -54.1297   0.617578 
 -0.232714    0.88661     3.6315   -33.5383   -62.8893   0.227095 
 -0.144057   0.802958    3.57585   -40.9504   -66.9577   -1.21311 
 -0.104537   0.814072      3.556   -41.1189   -61.2438   -1.09067 
-0.0845525    0.78141    3.54861   -41.3235   -63.6806   -1.35052 
-0.0591849   0.788488     3.5429   -34.9658   -64.5202   -5.41967 
-0.00183592    0.85535    3.47058   -31.3423    -59.097   -5.19735 
0.00810443   0.900318    3.45961   -26.7451   -51.6865    2.71861 
 0.0129213   0.962287    3.44374   -22.6965   -46.7498    3.67556 
  0.013917    1.03113     3.4541   -23.6052   -38.9575    1.37182 
 0.0376652    1.14341    3.41399   -12.8788   -20.6966    6.47288 
 0.0398091    1.22643    3.46857   -4.11532   -14.1636    4.53333 
 0.0517145    1.29863    3.50178    -7.9359   -6.95898    4.76322 
  0.042669    1.37761    3.51672     1.0483    3.63081    12.6949 
  0.012799    1.42224    3.54634    6.17622  -0.380366    7.79236 
-0.00624722    1.42728    3.57874    1.81339 -0.0261143   -1.07503 
 0.0326782    1.42734    3.50461    8.42845 -0.00060829   0.697955 
