
  -1.48388   -3.42365   -6.71602 
   2.29828    1.08305   -22.0476 
-1.87337 269.673
 -0.102553    1.60281     2.5273 
  -5.56232   -9.99521   -17.1602 
   1.55959   -2.03525   -9.66555 
-0.803565 170.252
-0.0831142    1.59453    2.54185 
  -9.11839   -7.62393   -16.2689 
   1.81192   -1.60649   -12.5235 
-0.81822 169.709
 -0.154793    1.56884    2.53324 
  -13.8929   -15.7731   -8.19405 
  -5.32347   -10.5956   -9.89236 
-0.579638 103.126
 -0.172347    1.60914    2.54542 
  -10.3277   -9.14451   -14.5178 
  -2.48263   -8.78839   -9.59531 
-0.585116 85.9018
 -0.183378    1.66149    2.58331 
  -8.88268   0.594317  -0.292753 
    1.3262   -14.0126   -11.5644 
-2.12893 444.632
 -0.178396     1.7547    2.68451 
   2.10721    9.36966   -12.6961 
   8.30511    11.6181   -1.70454 
-0.9493 164.283
 -0.206507    1.87026    2.80353 
  -1.20013    15.3916   -8.59539 
   25.8709   -10.1045    13.3709 
-2.93809 1865.41
 -0.262495    1.91552    2.92631 
  -2.89922    18.7019   -1.02176 
   2.72176    26.5978   -1.25914 
-0.612894 93.9969
 -0.296014    1.96157    3.02552 
  -6.60038    23.3576    5.78757 
   15.8893   -1.19691   -0.97368 
-1.77995 1154.42
 -0.297329    1.97743    3.08988 
  -8.72499    20.1866    9.04255 
   -3.7771    28.8991    13.6089 
-0.601022 121.241
 -0.269513    1.99873    3.12843 
  -3.05131     23.622    5.78924 
  -2.46973    32.6571    12.1746 
-0.582849 122.744
 -0.252394    1.99232    3.20125 
     2.787    26.1472     10.191 
   10.5704    20.9911    18.9466 
-0.598373 163.828
 -0.274249    1.95237    3.25539 
 -0.228526     24.174    11.9875 
  -1.86942    30.7703    7.09733 
-0.404424 70.118
 -0.287518    1.90004    3.35717 
 -0.201555    24.1876    8.97399 
  -3.98689    25.6612     13.632 
-0.30977 38.1972
 -0.281946    1.83727    3.47603 
  -2.16802    19.7629     7.1007 
  -8.13173    29.4548    14.1965 
-0.794617 179.85
 -0.241109    1.81184      3.597 
  -4.62827    21.6858    3.99637 
   -9.8775     43.208    22.5416 
-1.63372 834.684
 -0.185041    1.78225    3.68663 
   8.85684    24.0469    2.47687 
   6.74333    35.9626    16.2509 
-0.924072 336.172
 -0.128536    1.73033    3.76827 
   7.85807    24.8246    2.52995 
   9.39191    34.9278    12.5428 
-0.711626 204.684
-0.0648693    1.68582    3.82676 
   13.2672    23.9026    7.42416 
   5.99246    45.2674    15.7161 
-1.13009 578.131
-0.0177505    1.63394    3.83978 
    13.116    14.0522   -7.90362 
   7.99034    36.5481    3.41556 
-1.57237 660.465
 0.0254042    1.55056    3.87313 
   13.9418    14.1391   -5.05038 
    7.2924    33.7429    11.8325 
-1.65418 713.553
 0.0740196    1.45769    3.92851 
   11.4694    12.0465   -1.18743 
   9.48577    18.8602    7.32153 
-0.788309 122.764
  0.116326    1.41785    3.99699 
   8.96524    3.29126   -4.99455 
   10.1856    14.5013    7.89982 
-1.7215 293.419
  0.159275    1.40235     4.0463 
   17.8098     5.4844  -0.701427 
   11.7959     13.128    8.17938 
-0.857949 173.46
  0.229802    1.32871    4.08476 
   10.6633    5.44841     8.5873 
   12.5794    5.79714    10.6166 
-0.229418 7.91073
  0.268046    1.31243     4.0791 
   19.3959   -1.41006     5.9682 
    13.264    5.60795    11.5692 
-0.662112 118.225
   0.33013    1.24307    4.02936 
   19.4011   -5.40227    2.32697 
    14.749   -1.57347    10.4517 
-0.619699 102.313
  0.341798    1.17315    3.98185 
   15.4385   -9.65568    5.05129 
    12.215   -9.83577    10.8558 
-0.440308 44.116
  0.391424    1.11825    3.97381 
   22.6213   -7.26065   0.425611 
   5.41003   -10.5702    20.4814 
-1.42829 709.413
  0.499492    1.03948    3.96289 
   21.0006   -5.76802    8.02369 
   21.8324   -22.5218     11.526 
-0.954813 293.648
  0.540865   0.986636    3.92162 
   22.6968   -10.4581     0.8682 
   30.5562   -29.0273    3.61784 
-1.04706 414.147
   0.59426   0.914533    3.88519 
   21.0733   -15.7516    3.05807 
   35.6138   -42.7437   -15.9881 
-1.78004 1302.75
  0.636793   0.857934    3.89896 
   24.3585   -22.6688   0.987697 
   26.4071    -37.742   -4.17424 
-0.651048 258.046
  0.681203   0.830633    3.94303 
   22.6224   -25.4769   0.379642 
   30.8926   -39.2517   -14.5794 
-0.8721 481.913
   0.75854   0.799286    4.00004 
   33.9781   -16.7724    4.40223 
    31.315   -34.1284   -11.0373 
-0.848692 546.703
  0.817373   0.708929    4.04443 
   33.4077   -25.5135    6.63785 
   31.3926   -40.8512   -4.70014 
-0.634111 367.854
  0.867026   0.701753    4.05566 
   34.4218   -22.6404   -3.38425 
   30.8934   -40.4204  -0.631603 
-0.619549 336.156
   0.90943   0.674699    4.10035 
   37.4954   -25.6023   0.997198 
   33.1074   -39.6265   0.454811 
-0.457104 216.228
  0.927472   0.620854    4.14629 
    31.368   -24.4087    5.95567 
   39.7575   -29.3951   -1.60671 
-0.429026 152.437
  0.964349   0.630955    4.18131 
   33.9436   -10.9866    3.43558 
   37.7981   -33.5208    -2.2289 
-0.899853 554.737
  0.976693   0.652992    4.20031 
   30.3232   -24.6982    2.90642 
   36.9835   -32.7006  -0.639245 
-0.388599 120.97
   1.00141   0.666552    4.19099 
   34.4909   -20.4333   -2.31086 
   37.9971    -31.975    1.32377 
-0.435791 158.715
   1.01467   0.668236    4.22807 
   41.9537   -12.8722    1.27657 
   36.1839   -27.9897    2.04584 
-0.518529 262.42
  0.999585   0.693776    4.25249 
   38.3577   -14.3911     8.2134 
   38.8376   -20.9861    2.58033 
-0.291811 75.4562
  0.958979   0.674517    4.24764 
   29.6359   -25.6328     6.9106 
   43.3325   -15.7293   -7.69651 
-0.783061 499.044
  0.928395   0.656697    4.20801 
   29.0904   -11.4203    4.02318 
   45.6427   -26.3391   -9.54074 
-1.11463 680.526
  0.902974   0.636912    4.20157 
   35.7995   -18.5222   -2.05355 
   44.8911    -31.021   -8.72469 
-0.579614 283.381
  0.859797   0.610162    4.27148 
    26.146   -23.5845    7.86166 
   29.9561    -24.173    5.73398 
-0.168024 19.39
  0.814941   0.588528    4.32596 
   19.5342   -27.7533    14.0213 
   26.3883   -24.6364    14.9839 
-0.285254 57.6208
  0.785977    0.57617    4.33764 