   -0.0752     1.6191     2.5615   -1.48388   -3.42365   -6.71602 
 -0.102553    1.60281     2.5273   -5.56232   -9.99521   -17.1602 
-0.0831142    1.59453    2.54185   -9.11839   -7.62393   -16.2689 
 -0.154793    1.56884    2.53324   -13.8929   -15.7731   -8.19405 
 -0.172347    1.60914    2.54542   -10.3277   -9.14451   -14.5178 
 -0.183378    1.66149    2.58331   -8.88268   0.594317  -0.292753 
 -0.178396     1.7547    2.68451    2.10721    9.36966   -12.6961 
 -0.206507    1.87026    2.80353   -1.20013    15.3916   -8.59539 
 -0.262495    1.91552    2.92631   -2.89922    18.7019   -1.02176 
 -0.296014    1.96157    3.02552   -6.60038    23.3576    5.78757 
 -0.297329    1.97743    3.08988   -8.72499    20.1866    9.04255 
 -0.269513    1.99873    3.12843   -3.05131     23.622    5.78924 
 -0.252394    1.99232    3.20125      2.787    26.1472     10.191 
 -0.274249    1.95237    3.25539  -0.228526     24.174    11.9875 
 -0.287518    1.90004    3.35717  -0.201555    24.1876    8.97399 
 -0.281946    1.83727    3.47603   -2.16802    19.7629     7.1007 
 -0.241109    1.81184      3.597   -4.62827    21.6858    3.99637 
 -0.185041    1.78225    3.68663    8.85684    24.0469    2.47687 
 -0.128536    1.73033    3.76827    7.85807    24.8246    2.52995 
-0.0648693    1.68582    3.82676    13.2672    23.9026    7.42416 
-0.0177505    1.63394    3.83978     13.116    14.0522   -7.90362 
 0.0254042    1.55056    3.87313    13.9418    14.1391   -5.05038 
 0.0740196    1.45769    3.92851    11.4694    12.0465   -1.18743 
  0.116326    1.41785    3.99699    8.96524    3.29126   -4.99455 
  0.159275    1.40235     4.0463    17.8098     5.4844  -0.701427 
  0.229802    1.32871    4.08476    10.6633    5.44841     8.5873 
  0.268046    1.31243     4.0791    19.3959   -1.41006     5.9682 
   0.33013    1.24307    4.02936    19.4011   -5.40227    2.32697 
  0.341798    1.17315    3.98185    15.4385   -9.65568    5.05129 
  0.391424    1.11825    3.97381    22.6213   -7.26065   0.425611 
  0.499492    1.03948    3.96289    21.0006   -5.76802    8.02369 
  0.540865   0.986636    3.92162    22.6968   -10.4581     0.8682 
   0.59426   0.914533    3.88519    21.0733   -15.7516    3.05807 
  0.636793   0.857934    3.89896    24.3585   -22.6688   0.987697 
  0.681203   0.830633    3.94303    22.6224   -25.4769   0.379642 
   0.75854   0.799286    4.00004    33.9781   -16.7724    4.40223 
  0.817373   0.708929    4.04443    33.4077   -25.5135    6.63785 
  0.867026   0.701753    4.05566    34.4218   -22.6404   -3.38425 
   0.90943   0.674699    4.10035    37.4954   -25.6023   0.997198 
  0.927472   0.620854    4.14629     31.368   -24.4087    5.95567 
  0.964349   0.630955    4.18131    33.9436   -10.9866    3.43558 
  0.976693   0.652992    4.20031    30.3232   -24.6982    2.90642 
   1.00141   0.666552    4.19099    34.4909   -20.4333   -2.31086 
   1.01467   0.668236    4.22807    41.9537   -12.8722    1.27657 
  0.999585   0.693776    4.25249    38.3577   -14.3911     8.2134 
  0.958979   0.674517    4.24764    29.6359   -25.6328     6.9106 
  0.928395   0.656697    4.20801    29.0904   -11.4203    4.02318 
  0.902974   0.636912    4.20157    35.7995   -18.5222   -2.05355 
  0.859797   0.610162    4.27148     26.146   -23.5845    7.86166 
  0.814941   0.588528    4.32596    19.5342   -27.7533    14.0213 
