
  -7.18822   -3.38973   -7.35428 
   2.63956   -3.00205   -11.7331 
-1.08071 115.91
-0.0937768    1.54555    2.59065 
  -6.44468   -14.7427    -3.6314 
  -2.77423    -9.9667   -11.5942 
-0.728623 99.6884
 -0.142351    1.55298    2.54954 
  -12.5427   -11.5749   -9.48307 
  -5.81562   -11.8138    -10.846 
-0.442937 47.1687
 -0.236798    1.60573    2.51164 
  -18.2091   -11.0343   -4.83174 
  -5.93881   -26.4022    -1.7707 
-1.16628 396.105
 -0.301715    1.66679    2.43567 
  -22.2342   -13.5581   -3.04155 
  -14.3969   -6.34908   -5.94158 
-0.548901 121.803
 -0.346705    1.70021    2.34964 
  -22.3415   -14.8366   -1.51404 
  -20.6513   -4.05505   -5.41364 
-0.562548 134.306
 -0.358983    1.73159    2.25158 
     -21.5   -8.55251    4.94475 
  -27.7364    4.29816    3.49022 
-0.786673 206.147
  -0.33338    1.73956    2.14747 
  -17.6634   -12.8606    1.48367 
  -22.6293    2.34378   -3.08774 
-0.954753 276.732
 -0.312696    1.74669    2.08474 
  -18.3288   -6.24769    10.5754 
  -20.7425    12.4983   -4.45551 
-1.40461 583.164
 -0.256079      1.712    2.02754 
  -16.4306   -5.95071    10.6013 
  -15.4935   -5.98125   -3.25077 
-0.861524 192.759
 -0.155526     1.6522    1.97683 
  -16.8245   -11.0543   0.467853 
  -8.94104   -8.85731    0.25119 
-0.501726 67.0234
 -0.107234    1.64052    1.96343 
  -6.15232   -8.04268    5.80283 
  -5.80894   -8.10261  -0.229689 
-0.596601 36.5127
-0.0209918    1.63771    1.96447 
  -2.11526   -3.68323    4.57492 
  -3.84797    1.58622   0.477119 
-0.864355 47.5613
 0.0671617    1.63926    1.96709 
   8.16551    3.20929     8.5305 
   1.47104    2.25301    2.42211 
-0.833287 83.0428
  0.135927    1.62951    1.96891 
   12.1681    0.51767    2.92536 
  0.363714    9.07905    9.71794 
-1.36288 258.78
  0.248176    1.63113     1.9442 
   13.1304    4.67895     6.5093 
   18.3025    5.51779  -0.781569 
-0.702878 80.6114
  0.349853    1.69435    1.87391 
   26.7576    9.64481   -8.71622 
   20.6176    12.3378   -2.40166 
-0.415069 84.826
  0.437933    1.75583    1.86814 
   20.1732    17.7862    9.31255 
   33.5913    17.7068   -9.40304 
-1.07802 530.326
  0.564404    1.75088    1.88368 
   21.1116    11.7344     5.8643 
   30.1304    14.4942    1.11637 
-0.555017 111.498
  0.668007    1.62919    1.85529 
    35.219    1.94618   -13.9042 
   37.0234    16.1168   0.362646 
-0.733275 407.605
  0.777537    1.50432     1.8845 
   40.8761    6.40294   -4.30199 
   43.2436    11.8382   -2.77269 
-0.206142 37.4858
  0.893812    1.38533    1.89875 
   41.4738   -3.15081   -13.8282 
   41.6531    1.44001   -6.70802 
-0.272121 71.8044
  0.964503    1.27195    1.86804 
   43.0996   -1.38538    -6.5028 
   42.1658    3.48975   -2.95242 
-0.196488 37.2439
     1.052    1.18153    1.83798 
   38.2934    0.15775   0.531768 
    40.837    -8.3588   -14.9634 
-0.637979 319.101
   1.14862    1.11944    1.81812 
   37.9629    1.10566    4.52098 
   42.0825   -5.20753   -10.5226 
-0.605338 283.137
   1.20958     1.1305    1.84576 
   37.5448    -10.526   -3.40565 
   42.2564   -6.17738   -18.0972 
-0.567796 256.95
    1.2295    1.12597    1.88831 
   35.1939    -2.8356    1.42328 
    50.711   -10.4976   -7.10476 
-0.739387 372.216
   1.21941    1.10453    1.93896 
   44.6569   -5.54381    1.92235 
   56.1285   -15.2677    11.7936 
-0.563498 323.594
   1.17257    1.04343    2.01352 
   36.4658  -0.957206    12.2065 
   61.9198   -7.14894   -6.07196 
-1.14496 1020.35
   1.13477   0.906498    2.07619 
   35.4251   -10.4057     17.456 
   36.3919   -23.9173    11.1069 
-0.512643 223.808
   1.05719   0.822497    2.16188 
   25.0072   -32.6312    7.02339 
   32.8943   -24.3902    8.18398 
-0.385794 131.467
   1.00484   0.733988    2.24322 
   23.8839   -36.9605    9.59971 
   37.1746   -34.0089    37.7949 
-0.985266 980.323
   0.92395   0.658911    2.31363 
   13.1028    -51.425   -0.23965 
   30.5788   -44.9751    43.1314 
-1.28212 2228.06
  0.837919   0.536145    2.37606 
   -5.2329   -56.3015    5.01087 
   15.7647   -58.1987    23.4255 
-0.719547 783.596
  0.756415   0.470965    2.39106 
  -18.5186   -66.0136    4.20112 
  -23.0713   -70.8712   -18.9079 
-0.522452 578.352
  0.703596   0.460536      2.402 
  -19.9502   -76.8737   -10.8517 
  -12.4515   -77.8044   -1.27062 
-0.231508 148.893
  0.652185   0.433478    2.42201 
  -23.7968   -77.0863   -15.7098 
  -15.4127   -74.3657    0.50988 
-0.342575 340.774
   0.57693   0.430555    2.37286 
  -31.9091   -71.6887    16.9673 
   -21.585   -70.8968    13.5564 
-0.206552 118.849
  0.491617   0.469004    2.30563 
  -28.8607   -66.2653    28.3828 
  -28.7303   -65.9138    28.6738 
-0.00926032 0.225231
  0.401718   0.516531     2.2554 
  -33.2577   -74.4008    19.3661 
  -18.9357   -62.6208    34.0813 
-0.43202 560.428
  0.326069   0.598481    2.17447 
  -33.8453   -80.1867     16.018 
  -15.6683   -57.1999    30.0236 
-0.564623 1054.95
   0.28423    0.69682    2.18301 
  -32.0491   -66.5314    22.4895 
  -23.3959   -57.2974    16.4187 
-0.27529 196.999
  0.293166   0.775969    2.11339 
  -16.2406   -75.3201    13.1438 
  -20.4676   -72.7015    23.2388 
-0.218303 126.634
  0.307381    0.83646    2.06062 
  -8.40684   -71.1963    19.2831 
  -18.8911   -68.2854    17.5216 
-0.223772 121.497
   0.33625   0.847608    1.98028 
  -14.2479   -61.6803      27.31 
  -14.1299   -56.3059    16.7313 
-0.257129 140.808
  0.376816   0.821145    1.87625 
   -2.7792   -63.2357    14.4792 
  -6.17677   -45.6867    21.4184 
-0.437217 367.663
  0.361478    0.83307    1.82893 
  -11.5875   -52.6283    26.0666 
  -5.90141   -41.8445    19.2205 
-0.343037 195.494
  0.319682   0.837576    1.75624 
   -7.8766   -40.5556    26.4705 
   -6.9751   -37.9549     18.516 
-0.245806 70.8493
  0.292311   0.825209    1.69098 
  -8.47526   -28.5737    27.6298 
  -6.68798   -34.2643    21.9843 
-0.282625 67.4488
   0.32895   0.854496    1.62748 
  -4.70326   -21.5859    21.3853 
  0.326448   -21.0763    18.9949 
-0.244639 31.2717
  0.343674   0.874105    1.57425 