    -0.045      1.568     2.5836   -7.18822   -3.38973   -7.35428 
-0.0937768    1.54555    2.59065   -6.44468   -14.7427    -3.6314 
 -0.142351    1.55298    2.54954   -12.5427   -11.5749   -9.48307 
 -0.236798    1.60573    2.51164   -18.2091   -11.0343   -4.83174 
 -0.301715    1.66679    2.43567   -22.2342   -13.5581   -3.04155 
 -0.346705    1.70021    2.34964   -22.3415   -14.8366   -1.51404 
 -0.358983    1.73159    2.25158      -21.5   -8.55251    4.94475 
  -0.33338    1.73956    2.14747   -17.6634   -12.8606    1.48367 
 -0.312696    1.74669    2.08474   -18.3288   -6.24769    10.5754 
 -0.256079      1.712    2.02754   -16.4306   -5.95071    10.6013 
 -0.155526     1.6522    1.97683   -16.8245   -11.0543   0.467853 
 -0.107234    1.64052    1.96343   -6.15232   -8.04268    5.80283 
-0.0209918    1.63771    1.96447   -2.11526   -3.68323    4.57492 
 0.0671617    1.63926    1.96709    8.16551    3.20929     8.5305 
  0.135927    1.62951    1.96891    12.1681    0.51767    2.92536 
  0.248176    1.63113     1.9442    13.1304    4.67895     6.5093 
  0.349853    1.69435    1.87391    26.7576    9.64481   -8.71622 
  0.437933    1.75583    1.86814    20.1732    17.7862    9.31255 
  0.564404    1.75088    1.88368    21.1116    11.7344     5.8643 
  0.668007    1.62919    1.85529     35.219    1.94618   -13.9042 
  0.777537    1.50432     1.8845    40.8761    6.40294   -4.30199 
  0.893812    1.38533    1.89875    41.4738   -3.15081   -13.8282 
  0.964503    1.27195    1.86804    43.0996   -1.38538    -6.5028 
     1.052    1.18153    1.83798    38.2934    0.15775   0.531768 
   1.14862    1.11944    1.81812    37.9629    1.10566    4.52098 
   1.20958     1.1305    1.84576    37.5448    -10.526   -3.40565 
    1.2295    1.12597    1.88831    35.1939    -2.8356    1.42328 
   1.21941    1.10453    1.93896    44.6569   -5.54381    1.92235 
   1.17257    1.04343    2.01352    36.4658  -0.957206    12.2065 
   1.13477   0.906498    2.07619    35.4251   -10.4057     17.456 
   1.05719   0.822497    2.16188    25.0072   -32.6312    7.02339 
   1.00484   0.733988    2.24322    23.8839   -36.9605    9.59971 
   0.92395   0.658911    2.31363    13.1028    -51.425   -0.23965 
  0.837919   0.536145    2.37606    -5.2329   -56.3015    5.01087 
  0.756415   0.470965    2.39106   -18.5186   -66.0136    4.20112 
  0.703596   0.460536      2.402   -19.9502   -76.8737   -10.8517 
  0.652185   0.433478    2.42201   -23.7968   -77.0863   -15.7098 
   0.57693   0.430555    2.37286   -31.9091   -71.6887    16.9673 
  0.491617   0.469004    2.30563   -28.8607   -66.2653    28.3828 
  0.401718   0.516531     2.2554   -33.2577   -74.4008    19.3661 
  0.326069   0.598481    2.17447   -33.8453   -80.1867     16.018 
   0.28423    0.69682    2.18301   -32.0491   -66.5314    22.4895 
  0.293166   0.775969    2.11339   -16.2406   -75.3201    13.1438 
  0.307381    0.83646    2.06062   -8.40684   -71.1963    19.2831 
   0.33625   0.847608    1.98028   -14.2479   -61.6803      27.31 
  0.376816   0.821145    1.87625    -2.7792   -63.2357    14.4792 
  0.361478    0.83307    1.82893   -11.5875   -52.6283    26.0666 
  0.319682   0.837576    1.75624    -7.8766   -40.5556    26.4705 
  0.292311   0.825209    1.69098   -8.47526   -28.5737    27.6298 
   0.32895   0.854496    1.62748   -4.70326   -21.5859    21.3853 
