
   1.24874    4.62268 
 -0.502257    2.24812 
-0.365546 8.70454
  -1.86226  0.0706705 
  0.296327    7.52967 
  -1.10266    1.86731 
-0.581021 34.0195
  -1.84557   0.129145 
  -6.97373    3.75434 
  -1.62028    2.35029 
-0.577657 30.6308
  -1.76621   0.223398 
   1.41158    6.13005 
  -2.26346    3.93165 
-0.480596 18.3389
  -1.69131   0.365764 
  -4.21554    10.0938 
 -0.877136    7.56196 
-0.341633 17.5554
  -1.79172   0.495772 
   1.01849    8.80799 
 -0.577987    9.20969 
-0.147934 2.7101
   -1.8974    0.53648 
  0.627205     4.0358 
 -0.303491    8.10961 
-0.517747 17.4621
  -2.05835   0.497939 
   4.69576     3.1155 
   -1.3115    6.73253 
-0.868799 49.1701
  -2.17985    0.56774 
   2.65852    6.92857 
   3.73594     5.9942 
-0.149424 2.0339
  -2.30631   0.481918 
   1.75163    7.14345 
   2.86074    7.18733 
-0.114201 1.23204
  -2.34324   0.361576 
 -0.434439    1.68236 
   5.47984    7.52976 
-1.03046 69.1708
  -2.46641   0.146527 
  -5.19321   -5.50859 
  -5.25926    1.50456 
-0.818316 49.1885
  -2.60732  -0.171676 
  -12.1472   -8.90798 
  -8.52481   -3.20234 
-0.420733 45.6762
  -2.73844  -0.441001 
  -9.64774   -5.44957 
  -9.02228   -4.95349 
-0.0660821 0.637288
  -2.74889  -0.627885 
  -11.6124   -8.59746 
  -7.66048    -9.2627 
-0.259407 16.0599
   -2.7518  -0.871693 
  -15.8034    -11.754 
  -10.3542   -12.9742 
-0.269829 31.1831
  -2.70043   -1.04306 
  -9.38171   -12.6633 
  -10.8636    -14.909 
-0.160534 7.23897
  -2.56097   -1.20049 
  -3.77529   -19.3888 
  -4.30328   -15.2044 
-0.200619 17.7884
  -2.43183   -1.35605 
  -8.09112   -14.0572 
  0.176416   -13.5715 
-0.480955 68.5882
   -2.4122   -1.54708 
 -0.688703   -12.3108 
-0.0351588   -8.80979 
-0.249277 12.6845
  -2.46383   -1.70555 