   -1.8977     0.0954    1.24874    4.62268 
  -1.86226  0.0706705   0.296327    7.52967 
  -1.84557   0.129145   -6.97373    3.75434 
  -1.76621   0.223398    1.41158    6.13005 
  -1.69131   0.365764   -4.21554    10.0938 
  -1.79172   0.495772    1.01849    8.80799 
   -1.8974    0.53648   0.627205     4.0358 
  -2.05835   0.497939    4.69576     3.1155 
  -2.17985    0.56774    2.65852    6.92857 
  -2.30631   0.481918    1.75163    7.14345 
  -2.34324   0.361576  -0.434439    1.68236 
  -2.46641   0.146527   -5.19321   -5.50859 
  -2.60732  -0.171676   -12.1472   -8.90798 
  -2.73844  -0.441001   -9.64774   -5.44957 
  -2.74889  -0.627885   -11.6124   -8.59746 
   -2.7518  -0.871693   -15.8034    -11.754 
  -2.70043   -1.04306   -9.38171   -12.6633 
  -2.56097   -1.20049   -3.77529   -19.3888 
  -2.43183   -1.35605   -8.09112   -14.0572 
   -2.4122   -1.54708  -0.688703   -12.3108 
