    2.9056
   -2.3922
   -0.6786
    0.9724
    1.1202
   -0.6105
   -2.6158
   -1.5904
   -2.9709
    2.9091
   -2.3915
   -0.6853
    0.9771
    1.1169
   -0.6100
   -2.6135
   -1.5930
   -2.9655
    2.9134
   -2.3866
   -0.6935
    0.9814
    1.1135
   -0.6099
   -2.6129
   -1.5941
   -2.9601
    2.9188
   -2.3776
   -0.7035
    0.9854
    1.1106
   -0.6107
   -2.6136
   -1.5935
   -2.9549
    2.9253
   -2.3648
   -0.7154
    0.9888
    1.1084
   -0.6127
   -2.6155
   -1.5908
   -2.9502
    2.9330
   -2.3485
   -0.7294
    0.9916
    1.1071
   -0.6159
   -2.6182
   -1.5861
   -2.9463
    2.9417
   -2.3294
   -0.7454
    0.9938
    1.1068
   -0.6203
   -2.6216
   -1.5793
   -2.9433
    2.9515
   -2.3079
   -0.7634
    0.9952
    1.1077
   -0.6259
   -2.6255
   -1.5702
   -2.9413
    2.9621
   -2.2847
   -0.7832
    0.9960
    1.1099
   -0.6326
   -2.6296
   -1.5591
   -2.9403
    2.9733
   -2.2605
   -0.8044
    0.9960
    1.1135
   -0.6405
   -2.6337
   -1.5459
   -2.9402
    2.9849
   -2.2360
   -0.8265
    0.9952
    1.1187
   -0.6497
   -2.6376
   -1.5309
   -2.9408
    2.9967
   -2.2119
   -0.8492
    0.9937
    1.1259
   -0.6603
   -2.6411
   -1.5144
   -2.9419
    3.0085
   -2.1887
   -0.8718
    0.9914
    1.1351
   -0.6723
   -2.6443
   -1.4968
   -2.9433
    3.0202
   -2.1666
   -0.8940
    0.9884
    1.1466
   -0.6857
   -2.6470
   -1.4787
   -2.9448
    3.0314
   -2.1457
   -0.9155
    0.9846
    1.1605
   -0.7003
   -2.6494
   -1.4608
   -2.9460
    3.0420
   -2.1262
   -0.9358
    0.9800
    1.1765
   -0.7156
   -2.6516
   -1.4438
   -2.9469
    3.0517
   -2.1077
   -0.9550
    0.9745
    1.1948
   -0.7313
   -2.6536
   -1.4285
   -2.9475
    3.0603
   -2.0903
   -0.9727
    0.9680
    1.2150
   -0.7471
   -2.6554
   -1.4154
   -2.9476
    3.0675
   -2.0737
   -0.9885
    0.9603
    1.2370
   -0.7625
   -2.6570
   -1.4049
   -2.9475
    3.0732
   -2.0582
   -1.0021
    0.9512
    1.2606
   -0.7775
   -2.6583
   -1.3974
   -2.9473
    3.0771
   -2.0439
   -1.0131
    0.9405
    1.2855
   -0.7920
   -2.6590
   -1.3928
   -2.9472
    3.0793
   -2.0309
   -1.0215
    0.9282
    1.3114
   -0.8058
   -2.6591
   -1.3908
   -2.9475
    3.0798
   -2.0193
   -1.0272
    0.9145
    1.3382
   -0.8190
   -2.6583
   -1.3912
   -2.9484
    3.0788
   -2.0092
   -1.0305
    0.8994
    1.3653
   -0.8314
   -2.6568
   -1.3935
   -2.9502
    3.0766
   -2.0008
   -1.0317
    0.8832
    1.3923
   -0.8426
   -2.6546
   -1.3971
   -2.9528
    3.0735
   -1.9941
   -1.0310
    0.8663
    1.4186
   -0.8524
   -2.6518
   -1.4017
   -2.9566
    3.0699
   -1.9893
   -1.0284
    0.8488
    1.4438
   -0.8602
   -2.6489
   -1.4065
   -2.9614
    3.0661
   -1.9865
   -1.0242
    0.8311
    1.4671
   -0.8656
   -2.6460
   -1.4113
   -2.9673
    3.0626
   -1.9857
   -1.0183
    0.8133
    1.4884
   -0.8684
   -2.6437
   -1.4155
   -2.9742
    3.0599
   -1.9869
   -1.0106
    0.7955
    1.5072
   -0.8682
   -2.6421
   -1.4187
   -2.9820
    3.0582
   -1.9899
   -1.0013
    0.7778
    1.5234
   -0.8652
   -2.6416
   -1.4207
   -2.9904
    3.0580
   -1.9942
   -0.9906
    0.7601
    1.5370
   -0.8594
   -2.6423
   -1.4210
   -2.9991
    3.0596
   -1.9994
   -0.9789
    0.7425
    1.5483
   -0.8512
   -2.6442
   -1.4195
   -3.0080
    3.0632
   -2.0048
   -0.9668
    0.7250
    1.5572
   -0.8411
   -2.6473
   -1.4162
   -3.0166
    3.0688
   -2.0095
   -0.9549
    0.7078
    1.5641
   -0.8296
   -2.6515
   -1.4110
   -3.0246
    3.0766
   -2.0129
   -0.9441
    0.6915
    1.5690
   -0.8173
   -2.6565
   -1.4042
   -3.0319
    3.0862
   -2.0143
   -0.9354
    0.6767
    1.5721
   -0.8049
   -2.6619
   -1.3961
   -3.0382
    3.0975
   -2.0132
   -0.9296
    0.6640
    1.5731
   -0.7926
   -2.6674
   -1.3871
   -3.0432
    3.1099
   -2.0093
   -0.9276
    0.6545
    1.5722
   -0.7810
   -2.6725
   -1.3779
   -3.0468
    3.1231
   -2.0024
   -0.9302
    0.6489
    1.5690
   -0.7702
   -2.6767
   -1.3689
   -3.0490
    3.1364
   -1.9924
   -0.9379
    0.6479
    1.5635
   -0.7604
   -2.6798
   -1.3609
   -3.0496
   -3.1337
   -1.9795
   -0.9507
    0.6518
    1.5555
   -0.7515
   -2.6814
   -1.3545
   -3.0487
   -3.1214
   -1.9640
   -0.9685
    0.6607
    1.5453
   -0.7436
   -2.6813
   -1.3500
   -3.0461
   -3.1102
   -1.9465
   -0.9906
    0.6742
    1.5329
   -0.7365
   -2.6793
   -1.3479
   -3.0419
   -3.1001
   -1.9276
   -1.0164
    0.6917
    1.5187
   -0.7302
   -2.6753
   -1.3484
   -3.0359
   -3.0914
   -1.9081
   -1.0446
    0.7125
    1.5031
   -0.7246
   -2.6695
   -1.3517
   -3.0284
   -3.0840
   -1.8889
   -1.0742
    0.7357
    1.4868
   -0.7195
   -2.6619
   -1.3575
   -3.0193
   -3.0780
   -1.8706
   -1.1040
    0.7603
    1.4703
   -0.7149
   -2.6528
   -1.3658
   -3.0088
   -3.0732
   -1.8539
   -1.1329
    0.7855
    1.4540
   -0.7106
   -2.6427
   -1.3763
   -2.9971
   -3.0697
   -1.8392
   -1.1600
    0.8106
    1.4384
   -0.7064
   -2.6318
   -1.3886
   -2.9844
   -3.0673
   -1.8266
   -1.1846
    0.8349
    1.4239
   -0.7021
   -2.6208
   -1.4022
   -2.9711
   -3.0661
   -1.8160
   -1.2061
    0.8582
    1.4106
   -0.6975
   -2.6102
   -1.4168
   -2.9574
   -3.0659
   -1.8071
   -1.2241
    0.8800
    1.3989
   -0.6925
   -2.6004
   -1.4318
   -2.9437
   -3.0666
   -1.7994
   -1.2384
    0.9001
    1.3886
   -0.6868
   -2.5920
   -1.4470
   -2.9303
   -3.0681
   -1.7927
   -1.2488
    0.9184
    1.3799
   -0.6803
   -2.5850
   -1.4619
   -2.9176
   -3.0704
   -1.7864
   -1.2553
    0.9348
    1.3728
   -0.6732
   -2.5796
   -1.4763
   -2.9058
   -3.0730
   -1.7802
   -1.2579
    0.9492
    1.3674
   -0.6658
   -2.5756
   -1.4900
   -2.8953
   -3.0759
   -1.7737
   -1.2570
    0.9616
    1.3637
   -0.6586
   -2.5724
   -1.5030
   -2.8862
   -3.0789
   -1.7668
   -1.2529
    0.9722
    1.3619
   -0.6522
   -2.5695
   -1.5151
   -2.8787
   -3.0817
   -1.7594
   -1.2463
    0.9810
    1.3623
   -0.6475
   -2.5661
   -1.5263
   -2.8729
   -3.0841
   -1.7512
   -1.2379
    0.9881
    1.3653
   -0.6453
   -2.5617
   -1.5368
   -2.8688
   -3.0861
   -1.7423
   -1.2282
    0.9935
    1.3714
   -0.6463
   -2.5556
   -1.5467
   -2.8664
   -3.0875
   -1.7328
   -1.2180
    0.9971
    1.3809
   -0.6509
   -2.5474
   -1.5560
   -2.8656
   -3.0883
   -1.7228
   -1.2078
    0.9987
    1.3943
   -0.6595
   -2.5368
   -1.5650
   -2.8662
