#! FIELDS time ome1 phi1 psi1 ome2 phi2 psi2 ome3 phi3 psi3
#! SET min_ome1 -pi
#! SET max_ome1 pi
#! SET min_phi1 -pi
#! SET max_phi1 pi
#! SET min_psi1 -pi
#! SET max_psi1 pi
#! SET min_ome2 -pi
#! SET max_ome2 pi
#! SET min_phi2 -pi
#! SET max_phi2 pi
#! SET min_psi2 -pi
#! SET max_psi2 pi
#! SET min_ome3 -pi
#! SET max_ome3 pi
#! SET min_phi3 -pi
#! SET max_phi3 pi
#! SET min_psi3 -pi
#! SET max_psi3 pi
 0.000000 2.877103 -2.574326 -0.651909 0.994998 0.808909 -0.361051 -2.848958 -1.306609 3.024022
 0.001000 2.865337 -2.584448 -0.638311 0.987336 0.809006 -0.365964 -2.859059 -1.298335 3.031069
 0.002000 2.855974 -2.591977 -0.624543 0.979392 0.807913 -0.367616 -2.869398 -1.291352 3.039495
 0.003000 2.848743 -2.596705 -0.611408 0.971675 0.805867 -0.366241 -2.879589 -1.285945 3.049196
 0.004000 2.843567 -2.598385 -0.599815 0.964700 0.803342 -0.362222 -2.888999 -1.282523 3.059950
 0.005000 2.840268 -2.596870 -0.590447 0.958831 0.800922 -0.356091 -2.897183 -1.281389 3.071567
 0.006000 2.838665 -2.592110 -0.583795 0.954268 0.799308 -0.348516 -2.903769 -1.282781 3.083900
 0.007000 2.838557 -2.584106 -0.580200 0.951110 0.799201 -0.340227 -2.908509 -1.286844 3.096833
 0.008000 2.839758 -2.572885 -0.579908 0.949401 0.801234 -0.331962 -2.911263 -1.293635 3.110290
 0.009000 2.842074 -2.558480 -0.583112 0.949203 0.805868 -0.324412 -2.911988 -1.303101 3.124210
 0.010000 2.845326 -2.540978 -0.589905 0.950612 0.813357 -0.318196 -2.910721 -1.315070 3.138519
 0.011000 2.849331 -2.520515 -0.600278 0.953742 0.823712 -0.313838 -2.907546 -1.329272 -3.130040
 0.012000 2.853880 -2.497357 -0.614001 0.958643 0.836756 -0.311784 -2.902581 -1.345313 -3.115222
 0.013000 2.858744 -2.471899 -0.630576 0.965211 0.852160 -0.312400 -2.895964 -1.362705 -3.100373
 0.014000 2.863679 -2.444711 -0.649175 0.973082 0.869530 -0.315974 -2.887850 -1.380902 -3.085688
 0.015000 2.868415 -2.416501 -0.668660 0.981599 0.888467 -0.322717 -2.878406 -1.399331 -3.071395
 0.016000 2.872705 -2.388099 -0.687675 0.989862 0.908598 -0.332730 -2.867822 -1.417446 -3.057733
 0.017000 2.876331 -2.360392 -0.704825 0.996869 0.929586 -0.345979 -2.856310 -1.434767 -3.044949
 0.018000 2.879147 -2.334264 -0.718893 1.001713 0.951120 -0.362274 -2.844090 -1.450925 -3.033252
 0.019000 2.881102 -2.310553 -0.729027 1.003780 0.972884 -0.381255 -2.831389 -1.465665 -3.022826
 0.020000 2.882243 -2.290011 -0.734838 1.002876 0.994518 -0.402382 -2.818413 -1.478853 -3.013807
 0.021000 2.882715 -2.273274 -0.736405 0.999233 1.015610 -0.424976 -2.805321 -1.490472 -3.006275
 0.022000 2.882728 -2.260826 -0.734187 0.993430 1.035695 -0.448251 -2.792219 -1.500588 -3.000261
 0.023000 2.882530 -2.252983 -0.728888 0.986246 1.054288 -0.471389 -2.779145 -1.509346 -2.995730
 0.024000 2.882381 -2.249828 -0.721370 0.978507 1.070950 -0.493629 -2.766071 -1.516942 -2.992585
 0.025000 2.882487 -2.251204 -0.712540 0.970965 1.085342 -0.514328 -2.752931 -1.523612 -2.990661
 0.026000 2.882998 -2.256743 -0.703261 0.964223 1.097283 -0.533028 -2.739645 -1.529596 -2.989746
 0.027000 2.884012 -2.266151 -0.693867 0.958397 1.107322 -0.550350 -2.725533 -1.535415 -2.989538
 0.028000 2.885495 -2.278486 -0.685425 0.954069 1.115050 -0.565325 -2.711222 -1.541020 -2.989770
 0.029000 2.887364 -2.293013 -0.678356 0.951348 1.120726 -0.577983 -2.696821 -1.546604 -2.990119
 0.030000 2.889485 -2.308962 -0.672891 0.950213 1.124657 -0.588410 -2.682548 -1.552300 -2.990267
 0.031000 2.891719 -2.325544 -0.669097 0.950562 1.127128 -0.596714 -2.668732 -1.558161 -2.989936
 0.032000 2.893949 -2.341927 -0.666948 0.952226 1.128357 -0.602986 -2.655774 -1.564169 -2.988899
 0.033000 2.896119 -2.357250 -0.666375 0.955000 1.128490 -0.607336 -2.644095 -1.570216 -2.987007
 0.034000 2.898246 -2.370665 -0.667292 0.958655 1.127623 -0.609925 -2.634066 -1.576129 -2.984192
 0.035000 2.900421 -2.381373 -0.669648 0.962939 1.125855 -0.611036 -2.625947 -1.581659 -2.980484
 0.036000 2.902812 -2.388706 -0.673411 0.967596 1.123316 -0.611065 -2.619853 -1.586527 -2.975996
 0.037000 2.905625 -2.392174 -0.678594 0.972378 1.120220 -0.610527 -2.615753 -1.590421 -2.970927
 0.038000 2.909093 -2.391497 -0.685258 0.977057 1.116853 -0.609969 -2.613497 -1.593048 -2.965524
 0.039000 2.913425 -2.386603 -0.693517 0.981442 1.113544 -0.609900 -2.612863 -1.594134 -2.960083
 0.040000 2.918790 -2.377612 -0.703521 0.985393 1.110629 -0.610723 -2.613604 -1.593450 -2.954898
 0.041000 2.925295 -2.364793 -0.715434 0.988806 1.108397 -0.612679 -2.615471 -1.590819 -2.950238
 0.042000 2.932968 -2.348549 -0.729379 0.991613 1.107071 -0.615870 -2.618228 -1.586112 -2.946333
 0.043000 2.941748 -2.329381 -0.745395 0.993767 1.106798 -0.620283 -2.621648 -1.579264 -2.943335
 0.044000 2.951524 -2.307872 -0.763404 0.995230 1.107696 -0.625875 -2.625510 -1.570244 -2.941330
 0.045000 2.962115 -2.284681 -0.783182 0.995975 1.109872 -0.632614 -2.629589 -1.559091 -2.940307
 0.046000 2.973318 -2.260506 -0.804379 0.995976 1.113488 -0.640536 -2.633671 -1.545911 -2.940180
 0.047000 2.984923 -2.236040 -0.826546 0.995221 1.118743 -0.649732 -2.637567 -1.530904 -2.940787
 0.048000 2.996732 -2.211923 -0.849183 0.993700 1.125878 -0.660307 -2.641131 -1.514383 -2.941913
 0.049000 3.008544 -2.188657 -0.871805 0.991419 1.135115 -0.672319 -2.644287 -1.496787 -2.943320
 0.050000 3.020172 -2.166559 -0.894002 0.988376 1.146623 -0.685710 -2.647031 -1.478686 -2.944761
 0.051000 3.031412 -2.145737 -0.915463 0.984570 1.160467 -0.700271 -2.649430 -1.460757 -2.946022
 0.052000 3.041985 -2.126226 -0.935841 0.979978 1.176543 -0.715583 -2.651570 -1.443825 -2.946946
 0.053000 3.051695 -2.107749 -0.955041 0.974515 1.194769 -0.731291 -2.653599 -1.428484 -2.947466
 0.054000 3.060304 -2.090269 -0.972732 0.968009 1.215013 -0.747058 -2.655404 -1.415380 -2.947616
 0.055000 3.067542 -2.073738 -0.988547 0.960289 1.237025 -0.762536 -2.657002 -1.404945 -2.947496
 0.056000 3.073193 -2.058229 -1.002109 0.951162 1.260586 -0.777540 -2.658262 -1.397402 -2.947289
 0.057000 3.077123 -2.043889 -1.013118 0.940495 1.285471 -0.791986 -2.659007 -1.392759 -2.947215
 0.058000 3.079296 -2.030860 -1.021457 0.928245 1.311430 -0.805835 -2.659069 -1.390809 -2.947519
 0.059000 3.079793 -2.019266 -1.027190 0.914482 1.338159 -0.819019 -2.658337 -1.391203 -2.948433
 0.060000 3.078796 -2.009216 -1.030516 0.899388 1.365264 -0.831374 -2.656797 -1.393480 -2.950159
 0.061000 3.076583 -2.000804 -1.031695 0.883222 1.392266 -0.842620 -2.654554 -1.397139 -2.952846
 0.062000 3.073483 -1.994133 -1.030955 0.866273 1.418617 -0.852370 -2.651812 -1.401665 -2.956590
 0.063000 3.069860 -1.989324 -1.028439 0.848825 1.443750 -0.860185 -2.648864 -1.406545 -2.961432
 0.064000 3.066109 -1.986487 -1.024206 0.831117 1.467143 -0.865638 -2.646043 -1.411308 -2.967346
 0.065000 3.062637 -1.985685 -1.018254 0.813325 1.488370 -0.868387 -2.643692 -1.415509 -2.974245
 0.066000 3.059860 -1.986875 -1.010590 0.795546 1.507151 -0.868238 -2.642124 -1.418741 -2.981986
 0.067000 3.058187 -1.989852 -1.001305 0.777809 1.523363 -0.865179 -2.641587 -1.420656 -2.990362
 0.068000 3.057989 -1.994229 -0.990617 0.760111 1.537023 -0.859379 -2.642250 -1.420974 -2.999117
 0.069000 3.059572 -1.999433 -0.978919 0.742464 1.548252 -0.851182 -2.644176 -1.419508 -3.007955
 0.070000 3.063155 -2.004768 -0.966771 0.724961 1.557227 -0.841067 -2.647318 -1.416175 -3.016567
 0.071000 3.068833 -2.009481 -0.954892 0.707839 1.564114 -0.829591 -2.651515 -1.411014 -3.024650
 0.072000 3.076578 -2.012855 -0.944117 0.691529 1.569043 -0.817341 -2.656503 -1.404215 -3.031923
 0.073000 3.086227 -2.014263 -0.935361 0.676662 1.572063 -0.804865 -2.661932 -1.396106 -3.038158
 0.074000 3.097486 -2.013202 -0.929565 0.664035 1.573137 -0.792633 -2.667399 -1.387142 -3.043165
 0.075000 3.109947 -2.009308 -0.927616 0.654518 1.572153 -0.780998 -2.672474 -1.377872 -3.046815
 0.076000 3.123124 -2.002370 -0.930242 0.648926 1.568967 -0.770192 -2.676743 -1.368916 -3.049004
 0.077000 3.136433 -1.992388 -0.937893 0.647922 1.563459 -0.760377 -2.679814 -1.360937 -3.049645
 0.078000 -3.133736 -1.979485 -0.950712 0.651834 1.555546 -0.751521 -2.681397 -1.354475 -3.048692
 0.079000 -3.121432 -1.964005 -0.968478 0.660689 1.545288 -0.743589 -2.681261 -1.350013 -3.046106
 0.080000 -3.110159 -1.946474 -0.990645 0.674185 1.532882 -0.736510 -2.679250 -1.347929 -3.041856
 0.081000 -3.100112 -1.927576 -1.016373 0.691737 1.518679 -0.730202 -2.675309 -1.348450 -3.035944
 0.082000 -3.091391 -1.908103 -1.044611 0.712545 1.503149 -0.724570 -2.669474 -1.351667 -3.028404
 0.083000 -3.084023 -1.888862 -1.074209 0.735704 1.486828 -0.719506 -2.661895 -1.357521 -3.019316
 0.084000 -3.077980 -1.870607 -1.104000 0.760301 1.470263 -0.714884 -2.652833 -1.365832 -3.008818
 0.085000 -3.073222 -1.853932 -1.132909 0.785492 1.453969 -0.710560 -2.642650 -1.376313 -2.997104
 0.086000 -3.069692 -1.839220 -1.160016 0.810561 1.438386 -0.706364 -2.631798 -1.388585 -2.984423
 0.087000 -3.067328 -1.826599 -1.184597 0.834936 1.423862 -0.702101 -2.620789 -1.402221 -2.971070
 0.088000 -3.066073 -1.815973 -1.206100 0.858191 1.410636 -0.697549 -2.610160 -1.416780 -2.957371
 0.089000 -3.065856 -1.807054 -1.224138 0.880005 1.398860 -0.692494 -2.600415 -1.431828 -2.943669
 0.090000 -3.066588 -1.799439 -1.238438 0.900144 1.388614 -0.686768 -2.591956 -1.446976 -2.930296
 0.091000 -3.068143 -1.792690 -1.248841 0.918446 1.379930 -0.680308 -2.585023 -1.461886 -2.917589
 0.092000 -3.070354 -1.786392 -1.255301 0.934808 1.372836 -0.673212 -2.579636 -1.476301 -2.905837
 0.093000 -3.073024 -1.780170 -1.257924 0.949197 1.367375 -0.665792 -2.575572 -1.490032 -2.895307
 0.094000 -3.075935 -1.773731 -1.256981 0.961642 1.363655 -0.658564 -2.572384 -1.502974 -2.886210
 0.095000 -3.078876 -1.766843 -1.252920 0.972219 1.361860 -0.652216 -2.569463 -1.515075 -2.878707
 0.096000 -3.081657 -1.759357 -1.246322 0.981015 1.362282 -0.647539 -2.566123 -1.526343 -2.872890
 0.097000 -3.084114 -1.751190 -1.237858 0.988100 1.365299 -0.645325 -2.561699 -1.536832 -2.868797
 0.098000 -3.086114 -1.742329 -1.228218 0.993479 1.371357 -0.646272 -2.555607 -1.546656 -2.866387
 0.099000 -3.087549 -1.732828 -1.218024 0.997071 1.380897 -0.650894 -2.547401 -1.555980 -2.865568
 0.100000 -3.088343 -1.722806 -1.207771 0.998709 1.394297 -0.659467 -2.536796 -1.565014 -2.866189
