Mean 0 Mean 1 Mean 2 
-2.48004 1.00275 0.750897 
-2.49905 0.986868 0.755296 
-2.50749 0.995168 0.749551 
-2.50228 1.0216 0.84243 
-2.51017 1.04306 0.876415 
-2.55624 1.0681 0.90274 
-2.57098 1.07298 0.956349 
-2.57497 1.03133 0.990167 
-2.58921 0.989147 1.02781 
-2.55241 1.01782 1.05815 
-2.538 1.05177 1.0555 
-2.57562 1.01912 1.09622 
-2.59577 0.981692 1.13425 
-2.48329 1.02759 1.17824 
-2.40605 1.03173 1.22617 
-2.42915 1.00212 1.24067 
-2.46574 0.944382 1.23459 
-2.53273 0.966868 1.21969 
-2.50095 0.978823 1.23767 
-2.49633 0.999442 1.32484 
-2.43454 1.10463 1.24801 
-2.4565 1.08359 1.28623 
-2.48165 1.05847 1.32359 
-2.32376 1.24129 1.08004 
-2.25689 1.16441 0.946748 
-2.25018 1.18136 0.897727 
-2.26483 1.22784 0.940271 
-2.22207 1.18044 1.00204 
-2.10487 0.947744 1.09192 
-2.07846 0.8682 1.22675 
-1.99013 0.865023 1.27638 
-1.90603 0.679624 1.35596 
-1.82384 0.68576 1.38466 
-1.75175 0.718681 1.36217 
-1.70367 0.543799 1.43143 
-1.93489 0.142455 1.41405 
-2.16562 -0.220146 1.41268 
-2.15198 -0.699282 1.42667 
-2.13927 -1.13656 1.45002 
-2.1196 -1.55513 1.48807 
-2.03874 -2.06216 1.60528 
-1.9714 -2.35482 1.6133 
-1.93903 -2.7075 1.54869 
-1.88486 -3.1126 1.63089 
-1.86558 -3.4311 1.62275 
-1.85597 -3.74649 1.56062 
-1.8532 -4.07998 1.43322 
-1.85484 -4.38581 1.312 
-1.85907 -4.66774 1.19706 
-1.85926 -4.92341 1.08785 
