Mean 0 Mean 1 Mean 2 
0.867406 -2.96987 1.26928 
0.859352 -2.9586 1.29849 
0.851219 -2.94842 1.26254 
0.843357 -2.96562 1.27414 
0.830835 -2.98054 1.27793 
0.820808 -2.98 1.28897 
0.810487 -2.93042 1.31074 
0.791788 -2.92755 1.31374 
0.783557 -2.94815 1.31259 
0.828486 -2.91223 1.3278 
0.803462 -2.91352 1.33942 
0.8308 -2.89951 1.30563 
0.94604 -2.78223 1.12089 
1.05129 -2.6714 0.95982 
1.16984 -2.82162 1.0407 
1.23739 -2.80322 1.16197 
1.23135 -2.71938 1.18316 
1.18631 -2.78957 1.24775 
1.29028 -2.82076 1.25088 
1.25161 -2.8367 1.40263 
1.20608 -2.89232 1.47351 
1.15518 -2.90631 1.5277 
1.15299 -2.93879 1.65924 
1.19869 -2.90799 1.86612 
1.20429 -2.94735 1.97433 
1.22432 -2.97103 2.0447 
1.29575 -2.83017 1.85765 
1.31337 -2.89745 1.96798 
1.34118 -2.75586 1.9688 
1.36828 -2.62788 1.96548 
1.4079 -2.51679 1.98181 
1.42472 -2.41568 1.95139 
1.42466 -2.57083 2.00526 
1.63099 -2.67299 1.84528 
1.81899 -2.76087 1.70164 
1.98528 -2.83476 1.57172 
1.93464 -2.95682 1.66636 
1.88219 -2.86749 1.51785 
1.66753 -2.90259 1.39688 
1.16443 -2.91995 1.29068 
0.565993 -3.04785 1.23223 
-0.0417989 -3.23101 1.36828 
-0.419967 -3.25775 1.28549 
-0.84619 -3.26039 1.34729 
-1.23771 -3.26603 1.40484 
-1.59476 -3.34562 1.32651 
-1.71257 -3.33569 1.28083 
-2.03771 -3.34917 1.39671 
-2.31194 -3.28794 1.45615 
-2.48953 -3.26608 1.47408 
