Mean 0 Mean 1 Mean 2 
2.33348 0.368776 -1.62791 
2.33507 0.372557 -1.64133 
2.32958 0.417949 -1.61725 
2.32413 0.437448 -1.64287 
2.3291 0.455352 -1.65785 
2.27735 0.438028 -1.6535 
2.288 0.422783 -1.653 
2.31761 0.44679 -1.62043 
2.3134 0.443546 -1.65575 
2.44206 0.371769 -1.65951 
2.56182 0.298479 -1.6429 
2.62941 0.301612 -1.65542 
2.69323 0.303269 -1.66077 
2.76521 0.300274 -1.6616 
2.83496 0.298438 -1.66534 
2.90427 0.301008 -1.66453 
2.96762 0.303592 -1.66171 
3.0328 0.301183 -1.65625 
3.02787 0.216084 -1.63884 
3.07862 0.11863 -1.60657 
3.12252 -0.0202131 -1.56929 
3.17072 -0.152074 -1.53815 
3.22009 -0.271222 -1.50719 
3.26252 -0.315069 -1.48899 
3.26497 -0.29419 -1.46318 
3.20544 -0.259462 -1.55642 
3.2965 -0.128462 -1.65205 
3.35922 -0.104092 -1.65092 
3.41556 -0.0844312 -1.64052 
3.46824 -0.0685037 -1.62131 
3.59243 0.14341 -1.83742 
3.3889 0.275337 -1.82897 
3.37868 0.419749 -1.80376 
3.36864 0.546285 -1.78751 
3.36272 0.649472 -1.78154 
3.37724 0.509685 -1.69122 
3.3849 0.391874 -1.61699 
3.44132 0.331462 -1.58058 
3.59152 0.437976 -1.25013 
3.72938 0.530343 -0.962775 
3.85395 0.606674 -0.717466 
3.88251 0.55319 -0.611763 
3.8765 0.483414 -0.69434 
3.86945 0.420131 -0.776064 
3.86491 0.362105 -0.853547 
3.86543 0.367372 -0.934141 
3.91023 0.308654 -1.0173 
3.94236 0.253079 -1.07243 
4.02304 0.195694 -1.14021 
4.13513 0.0891234 -1.1642 
