Mean 0 Mean 1 Mean 2 
0.0511369 2.50394 -0.638336 
0.0359185 2.51676 -0.619292 
0.0212177 2.51729 -0.577661 
0.013613 2.51848 -0.554434 
0.00263854 2.50493 -0.569708 
-0.017123 2.46114 -0.577927 
-0.000795424 2.36406 -0.597819 
0.00530207 2.36476 -0.702898 
0.0131076 2.30696 -0.714947 
-0.00591853 2.33097 -0.653136 
0.0119836 2.3535 -0.741173 
0.0713284 2.36851 -0.826327 
0.065759 2.37886 -0.879255 
0.0737712 2.3866 -0.923811 
0.0137848 2.33117 -0.812694 
0.0486307 2.33967 -0.860943 
0.0758721 2.33705 -0.905068 
0.06795 2.42576 -0.802391 
0.073249 2.51822 -0.706283 
0.087255 2.46144 -0.722143 
0.123872 2.46613 -0.670763 
0.14288 2.55596 -0.578635 
0.0696854 2.62228 -0.658255 
0.0373236 2.55324 -0.599086 
-0.0249061 2.60718 -0.696148 
0.0387571 2.68283 -0.819213 
0.168551 2.81815 -0.975159 
0.318987 2.73663 -1.03213 
0.477892 2.6523 -1.08062 
0.606717 2.80567 -1.25124 
0.724413 2.93448 -1.41268 
0.698152 3.00612 -1.42244 
0.825099 3.10245 -1.57865 
0.94496 3.18857 -1.72517 
0.950983 3.24611 -1.70954 
0.839826 3.22208 -1.68378 
0.822986 3.18745 -1.76759 
0.71806 3.19598 -1.68404 
0.680559 3.00528 -1.51753 
0.79021 2.94756 -1.5205 
0.913502 2.99508 -1.75948 
0.980788 2.94797 -1.72223 
1.28754 3.11703 -1.55522 
1.66306 3.16298 -1.5194 
1.96892 3.29931 -1.38546 
2.32854 3.25872 -1.27197 
2.72755 3.26508 -1.27227 
3.09344 3.26058 -1.28129 
3.43237 3.17679 -1.44674 
3.73849 3.09871 -1.60621 
