Mean 0 Mean 1 Mean 2 
1.29624 -2.55163 -2.83582 
1.27613 -2.55404 -2.95148 
1.25517 -2.55709 -2.98879 
1.31185 -2.58133 -3.05629 
1.29496 -2.57928 -3.06266 
1.30304 -2.61639 -3.09941 
1.34528 -2.63967 -3.07567 
1.37522 -2.55245 -3.04728 
1.39796 -2.56075 -3.1121 
1.42236 -2.55665 -3.20411 
1.53294 -2.61494 -3.16086 
1.52155 -2.69478 -3.15199 
1.64958 -2.78784 -3.1011 
1.61968 -2.82898 -3.10431 
1.67569 -2.79579 -3.00987 
1.76604 -2.88501 -2.974 
1.75839 -2.76092 -2.97572 
1.76316 -2.64484 -2.99614 
1.76064 -2.59779 -2.99919 
1.82064 -2.63742 -3.10838 
1.79005 -2.60722 -2.97774 
1.77105 -2.51718 -2.94512 
1.77174 -2.43545 -2.92073 
1.75871 -2.38525 -3.10204 
1.76266 -2.49603 -3.00259 
1.76734 -2.57166 -2.87784 
1.78599 -2.62652 -2.73365 
1.81156 -2.68823 -2.61331 
1.83703 -2.74873 -2.50512 
1.90546 -2.57465 -2.66318 
1.89269 -2.51603 -2.71095 
1.88739 -2.39439 -2.73516 
1.87102 -2.34752 -2.81861 
1.88098 -2.24709 -2.84065 
1.89247 -2.16904 -2.85459 
1.89103 -2.13268 -2.96363 
1.94184 -2.17135 -2.90405 
1.98235 -2.19445 -2.85296 
1.99922 -2.15535 -2.95673 
1.97474 -2.12067 -2.98779 
1.93293 -2.16682 -2.9523 
1.94788 -2.13312 -3.04326 
1.94009 -2.18 -3.05791 
1.93984 -2.28545 -3.01126 
1.94159 -2.38852 -2.93004 
1.83927 -2.46306 -2.87108 
1.89661 -2.36424 -2.88092 
1.8574 -2.38994 -2.88897 
1.89198 -2.28823 -2.92328 
1.87469 -2.27539 -2.92934 
