Mean 0 Mean 1 Mean 2 
-3.07367 1.56279 2.40813 
-3.04211 1.52413 2.37896 
-3.06266 1.53353 2.43642 
-3.06595 1.51189 2.32543 
-3.08562 1.52388 2.27854 
-3.09192 1.54177 2.25783 
-3.05155 1.52944 2.22514 
-3.02078 1.52254 2.18032 
-3.02986 1.5259 2.14647 
-3.05625 1.536 2.10359 
-3.06784 1.52914 2.05094 
-3.07614 1.53055 2.00596 
-3.08239 1.53405 2.01273 
-3.04052 1.50753 1.95216 
-3.00953 1.48433 1.90834 
-3.00347 1.46777 1.88297 
-3.1973 1.49849 1.92232 
-3.21024 1.50518 1.92392 
-3.15928 1.54738 1.95258 
-3.064 1.40481 2.02652 
-3.03071 1.36287 2.10887 
-2.90018 1.20393 2.16409 
-2.77734 1.05718 2.21213 
-2.65948 0.917245 2.2608 
-2.5572 0.943059 2.16226 
-2.45057 0.961314 2.07067 
-2.36718 0.903988 2.05456 
-2.29121 0.88767 1.99575 
-2.22974 0.760986 2.09737 
-2.09971 0.341209 1.88332 
-2.05949 0.262847 1.99892 
-2.01966 0.191105 2.10657 
-1.98556 0.129772 2.20347 
-1.96149 0.0769067 2.28976 
-1.94994 0.0306771 2.36396 
-1.94261 -0.00726118 2.42416 
-1.95259 -0.0471041 2.4717 
-2.20798 -0.310563 2.47746 
-2.43837 -0.526073 2.49406 
-2.41942 -0.538355 2.5838 
-2.38247 -0.476505 2.59176 
-2.31509 -0.461691 2.68721 
-2.25106 -0.452645 2.77072 
-2.19122 -0.450017 2.84842 
-2.13803 -0.450759 2.91986 
-2.1114 -0.432221 2.96201 
-2.20134 -0.237639 2.86622 
-2.27714 -0.072457 2.78557 
-2.23456 -0.016044 2.71499 
-2.1892 -0.0323276 2.74338 
