Mean 0 Mean 1 Mean 2 
-0.865519 -1.88798 1.5295 
-0.879406 -1.9261 1.58668 
-0.878625 -1.92923 1.58038 
-0.872879 -1.94541 1.56049 
-0.860074 -1.925 1.49499 
-0.854775 -2.00508 1.51334 
-0.849683 -2.0179 1.50345 
-0.822349 -1.99884 1.51078 
-0.776584 -2.02012 1.51109 
-0.792399 -2.03073 1.56091 
-0.827247 -1.97948 1.63465 
-0.785429 -2.00597 1.62179 
-0.783344 -1.96015 1.65221 
-0.777686 -1.91123 1.67293 
-0.853815 -1.91974 1.65366 
-0.933837 -1.87408 1.57147 
-0.94683 -1.84674 1.55842 
-0.912606 -1.80053 1.54298 
-0.872161 -1.86667 1.5274 
-0.781805 -1.88602 1.45299 
-0.707376 -1.9253 1.41529 
-0.634355 -1.90968 1.53077 
-0.568123 -1.78725 1.45288 
-0.662914 -1.73854 1.38474 
-0.682765 -1.76083 1.43648 
-0.65384 -1.7824 1.52501 
-0.700228 -1.76538 1.47779 
-0.619821 -1.64964 1.37827 
-0.222754 -1.64073 1.2455 
0.124135 -1.62244 1.11929 
0.696073 -1.70551 0.979459 
0.927504 -1.66982 0.866719 
1.15156 -1.64687 0.767113 
1.41666 -1.55728 0.778897 
1.92557 -1.7724 0.956727 
2.32123 -1.71636 0.964676 
2.75903 -1.86396 1.17645 
3.16744 -1.77498 1.13426 
3.53509 -1.92111 1.33323 
3.95124 -1.92357 1.3469 
4.25323 -2.06078 1.53183 
4.52893 -2.18271 1.69975 
4.78167 -2.29187 1.84975 
5.01212 -2.39091 1.98858 
5.22575 -2.48707 2.11396 
5.40745 -2.56697 2.2275 
5.44926 -2.56558 2.28504 
5.36275 -2.47312 2.28318 
5.28361 -2.38127 2.27105 
5.21359 -2.28815 2.2534 
