Mean 0 Mean 1 Mean 2 
-0.904121 1.31536 -2.55938 
-0.89301 1.31571 -2.567 
-0.950819 1.33161 -2.59423 
-0.981123 1.37569 -2.62334 
-1.00223 1.38944 -2.64434 
-1.04662 1.40786 -2.61698 
-1.091 1.42716 -2.6771 
-1.14173 1.45741 -2.69217 
-1.05305 1.51218 -2.82751 
-0.96962 1.57808 -2.94505 
-0.938026 1.48229 -2.83396 
-0.998424 1.41297 -2.71539 
-1.0768 1.43309 -2.66866 
-1.14418 1.45944 -2.72428 
-1.17675 1.38518 -2.63946 
-1.23226 1.42986 -2.70716 
-1.24349 1.37191 -2.62941 
-1.2862 1.41924 -2.70999 
-1.30108 1.41558 -2.71426 
-1.29893 1.36717 -2.64269 
-1.2974 1.32885 -2.5834 
-1.33489 1.40623 -2.64972 
-1.36712 1.47437 -2.72295 
-1.35598 1.5029 -2.80417 
-1.34173 1.53118 -2.87424 
-1.36447 1.52154 -2.87564 
-1.37765 1.48342 -2.83273 
-1.32841 1.41715 -2.72047 
-1.12794 1.3683 -2.77468 
-1.11069 1.29938 -2.66353 
-1.04684 1.22803 -2.54668 
-0.98786 1.15822 -2.44848 
-0.932004 1.08783 -2.36608 
-0.90868 1.0822 -2.36075 
-0.857201 1.01051 -2.28455 
-0.798732 1.12107 -2.38719 
-0.743216 1.2188 -2.48866 
-0.838755 1.19093 -2.41608 
-0.734743 1.2117 -2.51196 
-0.740331 1.28269 -2.61026 
-0.83068 1.29045 -2.75868 
-0.86109 1.18306 -2.7824 
-0.929231 1.20888 -2.91319 
-0.983556 1.23343 -3.0352 
-1.02534 1.25595 -3.15341 
-0.955587 1.1455 -2.97467 
-1.0062 1.18876 -2.9697 
-1.04684 1.22021 -2.96215 
-1.0751 1.22656 -2.95582 
-1.04119 1.34328 -2.96829 
