Mean 0 Mean 1 Mean 2 
-0.474172 -2.02921 -2.68547 
-0.450375 -2.03412 -2.71504 
-0.410509 -2.04887 -2.74373 
-0.434334 -2.07192 -2.74312 
-0.400492 -2.08368 -2.75769 
-0.430916 -2.08065 -2.74428 
-0.430145 -2.05295 -2.78303 
-0.419745 -2.05434 -2.8062 
-0.383033 -2.09901 -2.85572 
-0.328452 -2.0516 -2.77887 
-0.489558 -2.00192 -2.79448 
-0.639427 -1.95721 -2.80723 
-0.778089 -1.91587 -2.81769 
-0.709701 -1.95172 -2.90152 
-0.629444 -1.98979 -2.97888 
-0.686367 -1.95148 -3.01888 
-0.566125 -1.95997 -3.00713 
-0.424773 -1.98295 -2.97564 
-0.448343 -1.98318 -2.93979 
-0.517294 -1.9055 -2.95278 
-0.410514 -2.08349 -2.89673 
-0.275469 -2.104 -2.89642 
-0.157105 -2.12371 -2.90255 
-0.0334069 -1.92408 -3.11243 
-0.00433142 -1.97358 -3.04495 
-0.030277 -2.05455 -2.91567 
-0.0556896 -2.12676 -2.80309 
-0.0784905 -2.19671 -2.69967 
-0.379173 -2.13554 -2.86499 
-0.460576 -2.09593 -2.96603 
-0.425423 -2.19203 -2.85756 
-0.337531 -2.26107 -2.74525 
-0.462635 -2.12644 -2.78852 
-0.562681 -2.02884 -2.7923 
-0.68252 -1.88582 -2.80591 
-0.809951 -1.76618 -2.82461 
-1.07134 -1.84546 -2.88558 
-1.20436 -1.68117 -2.84735 
-1.08779 -1.64301 -2.94936 
-0.990831 -1.59635 -3.00529 
-1.15798 -1.43952 -2.93434 
-1.38443 -1.50084 -3.03293 
-1.6186 -1.57344 -3.1039 
-2.08295 -1.68534 -3.03964 
-2.78734 -1.5145 -2.90968 
-3.43659 -1.32897 -2.77944 
-4.04577 -1.42682 -2.81634 
-4.60215 -1.53291 -2.85416 
-5.10311 -1.6346 -2.88165 
-5.53808 -1.79367 -2.8733 
