Mean 0 Mean 1 Mean 2 
1.41719 -0.0151897 -1.7125 
1.36992 0.0215246 -1.71699 
1.36295 0.0734249 -1.68389 
1.3698 0.0545874 -1.65007 
1.392 0.0867003 -1.63842 
1.40663 0.0506343 -1.64253 
1.40863 -0.026855 -1.67646 
1.43948 -0.00415108 -1.67797 
1.47646 0.00317147 -1.67593 
1.43427 0.00326658 -1.67239 
1.43166 -0.0673176 -1.67945 
1.43052 -0.124375 -1.67362 
1.48176 -0.0953038 -1.78325 
1.52479 -0.072374 -1.8811 
1.56194 -0.059058 -1.96855 
1.52352 -0.113813 -1.89561 
1.56446 -0.0880756 -1.81732 
1.58656 -0.0797625 -1.91362 
1.65677 -0.110395 -1.97705 
1.6654 -0.0740463 -2.05855 
1.74503 -0.102349 -2.10296 
1.7884 -0.129559 -2.13565 
1.75547 -0.0877921 -2.11137 
1.73074 -0.040178 -2.0911 
1.71272 0.00920256 -2.0753 
1.50336 -0.0003108 -2.14948 
1.33487 -0.00370435 -2.21379 
1.30621 0.0173099 -2.27869 
1.28143 0.0253888 -2.33804 
1.33031 -0.0511368 -2.20132 
1.34354 -0.121834 -2.09116 
1.36295 -0.188036 -1.99329 
1.4 -0.266344 -1.90933 
1.39688 -0.243665 -1.98147 
1.4457 -0.320887 -1.90949 
1.47736 -0.389038 -1.85461 
1.31 -0.332978 -2.00749 
1.34588 -0.373976 -1.99945 
1.3645 -0.403312 -1.95604 
1.46695 -0.359784 -2.00582 
1.55529 -0.407609 -1.96058 
1.58962 -0.41174 -1.98291 
1.52931 -0.373089 -2.07847 
1.50205 -0.429833 -2.10772 
1.48081 -0.475781 -2.14249 
1.54094 -0.463523 -2.16634 
1.5148 -0.51187 -2.21233 
1.50071 -0.486401 -2.31538 
1.48974 -0.456759 -2.35943 
1.49974 -0.545122 -2.48569 
