Mean 0 Mean 1 Mean 2 
0.278698 -2.4777 1.15726 
0.272511 -2.48228 1.16064 
0.264733 -2.4792 1.15843 
0.258848 -2.47835 1.1533 
0.259158 -2.47592 1.14245 
0.265532 -2.46914 1.12244 
0.270518 -2.46546 1.10778 
0.276173 -2.46234 1.08786 
0.280462 -2.46142 1.07101 
0.276961 -2.45591 1.05249 
0.28116 -2.44698 1.03089 
0.287057 -2.43529 1.00502 
0.293662 -2.42228 0.971096 
0.306911 -2.40769 0.941417 
0.325478 -2.39031 0.913476 
0.352407 -2.36914 0.89291 
0.387293 -2.34035 0.873574 
0.42024 -2.30709 0.853904 
0.444065 -2.2782 0.838686 
0.465095 -2.25497 0.834423 
0.482452 -2.24128 0.824672 
0.509702 -2.2259 0.812793 
0.536253 -2.22231 0.804404 
0.565134 -2.22307 0.790314 
0.635355 -2.23691 0.774339 
0.697401 -2.24303 0.749312 
0.751021 -2.2579 0.729073 
0.806028 -2.26804 0.701097 
0.856259 -2.27318 0.664558 
0.909407 -2.27601 0.626248 
0.958861 -2.29383 0.595265 
0.994515 -2.31808 0.573965 
1.01329 -2.3147 0.558894 
1.02778 -2.30525 0.545045 
1.04865 -2.29828 0.53493 
1.06824 -2.29689 0.537452 
1.09153 -2.29078 0.566688 
1.11301 -2.26113 0.596661 
1.11584 -2.23457 0.612936 
1.11523 -2.21533 0.612022 
1.10298 -2.19609 0.61398 
1.06672 -2.17397 0.613437 
1.01403 -2.15972 0.620478 
0.966173 -2.14889 0.634703 
0.911727 -2.14419 0.643531 
0.867387 -2.13243 0.644053 
0.824282 -2.12004 0.648768 
0.805073 -2.08289 0.665 
0.827702 -2.05584 0.679429 
0.919212 -2.03761 0.692878 
