Mean 0 Mean 1 Mean 2 
-3.08871 1.95538 -0.380827 
-3.08675 1.93608 -0.369336 
-3.06416 1.94652 -0.418466 
-3.0498 1.89698 -0.418369 
-3.03956 1.94251 -0.499737 
-3.01783 1.97898 -0.582513 
-2.9907 2.00892 -0.661196 
-2.98098 2.02817 -0.703495 
-3.0715 2.05822 -0.621685 
-3.10082 2.06117 -0.672454 
-3.11615 2.0574 -0.717732 
-3.10411 2.04852 -0.787418 
-3.11774 2.09512 -0.659858 
-3.13149 2.12735 -0.548379 
-3.1403 2.04912 -0.503071 
-3.17546 1.98211 -0.442469 
-3.1788 1.9204 -0.403059 
-3.19376 1.87532 -0.356314 
-3.20035 1.83503 -0.315814 
-3.15323 1.89386 -0.410404 
-3.12054 2.0044 -0.333002 
-3.13774 1.96301 -0.300062 
-3.15124 2.00022 -0.412138 
-3.13592 2.06289 -0.44231 
-3.13792 2.09258 -0.53516 
-3.16204 2.03504 -0.473462 
-3.14759 2.08806 -0.492963 
-2.97793 2.03915 -0.57395 
-2.90182 2.01023 -0.551752 
-2.90729 1.94688 -0.570385 
-2.92929 2.00633 -0.601999 
-2.96778 1.95913 -0.597802 
-2.91053 1.8637 -0.472734 
-2.85389 1.98776 -0.562943 
-3.00356 2.05207 -0.625487 
-3.0333 2.0759 -0.687571 
-3.17463 2.04642 -0.755982 
-3.20863 2.00487 -0.636968 
-3.16452 2.01633 -0.55626 
-3.00355 2.04866 -0.228613 
-3.00363 2.08233 0.293515 
-2.86933 2.09163 0.509724 
-2.80475 2.07418 0.741583 
-2.84941 2.05428 1.05955 
-2.88751 2.04487 1.41931 
-2.92469 2.02067 1.73384 
-2.94097 2.049 2.05293 
-2.9586 2.07072 2.32849 
-3.03792 2.10939 2.7424 
-3.10401 2.15485 3.10986 
