Mean 0 Mean 1 Mean 2 
-3.0275 -2.7484 1.20218 
-2.99701 -2.74212 1.18171 
-3.00845 -2.7412 1.20043 
-2.99861 -2.72979 1.27245 
-3.01133 -2.71964 1.33348 
-3.02783 -2.71049 1.37968 
-3.00454 -2.66616 1.37481 
-3.01159 -2.64274 1.38424 
-3.0188 -2.64381 1.41539 
-3.03864 -2.64112 1.41605 
-3.03246 -2.59542 1.4227 
-3.04081 -2.56139 1.43702 
-3.04676 -2.51541 1.44 
-3.06404 -2.47153 1.43762 
-3.07026 -2.57876 1.45208 
-3.08541 -2.62655 1.46116 
-3.09356 -2.69983 1.48688 
-3.10307 -2.75968 1.51707 
-3.07946 -2.65617 1.5736 
-3.05392 -2.63663 1.58141 
-2.95966 -2.62291 1.65656 
-2.93382 -2.56515 1.58873 
-2.9147 -2.51292 1.50839 
-2.92243 -2.48702 1.47236 
-2.92734 -2.45486 1.44172 
-2.8781 -2.53266 1.31162 
-2.84526 -2.59866 1.1934 
-2.82416 -2.66145 1.07144 
-2.82434 -2.64041 1.04872 
-2.8229 -2.67735 0.954269 
-2.84165 -2.72504 0.829963 
-2.87135 -2.76838 0.715001 
-2.70115 -2.60144 0.571074 
-2.54519 -2.45274 0.435432 
-2.63278 -2.51313 0.361525 
-2.7161 -2.55909 0.301393 
-2.77625 -2.57513 0.266526 
-2.85223 -2.59543 0.23399 
-2.91529 -2.61837 0.199601 
-2.97289 -2.63754 0.164585 
-2.9229 -2.59044 0.2733 
-2.90177 -2.61657 0.384761 
-2.89783 -2.69393 0.508573 
-2.90039 -2.74772 0.610079 
-2.90798 -2.77936 0.694314 
-2.90759 -2.89072 0.675547 
-3.04131 -3.14017 0.829649 
-3.09291 -3.06326 0.912981 
-3.17513 -2.90627 1.02341 
-3.12867 -2.90632 1.0908 
