Mean 0 Mean 1 Mean 2 
-0.338412 -0.120107 1.83312 
-0.354253 -0.112517 1.83215 
-0.370257 -0.10372 1.83565 
-0.350278 -0.0899333 1.85325 
-0.319199 -0.0916226 1.83318 
-0.300587 -0.0827786 1.80294 
-0.332751 -0.0843199 1.80004 
-0.401818 -0.0799952 1.7806 
-0.341315 -0.13954 1.81303 
-0.286537 -0.191246 1.8377 
-0.243969 -0.232222 1.85791 
-0.212585 -0.261903 1.87344 
-0.189065 -0.289365 1.88544 
-0.186555 -0.272076 1.82003 
-0.103721 -0.240741 1.92201 
-0.0287281 -0.214613 2.02777 
-0.0437364 -0.204638 2.03516 
0.0450013 -0.0336083 1.86177 
0.0358162 -0.0640373 1.89777 
0.073862 -0.104422 1.86543 
0.127673 -0.0961483 1.96965 
0.177007 -0.090172 2.0575 
0.0705085 -0.0310201 1.96251 
0.0126652 -0.0834952 2.00845 
0.142765 0.0662937 1.79978 
0.143311 0.044598 1.82807 
0.166999 -0.0341358 1.69608 
0.219319 -0.0533575 1.79408 
0.273056 -0.0767629 1.87492 
0.374752 0.0500134 1.68902 
0.375276 0.0227986 1.70829 
0.348405 -0.0808695 1.82845 
0.32377 -0.179432 1.93665 
0.169307 -0.0568894 1.94647 
-0.0059537 0.117768 1.94573 
-0.170616 0.283478 1.95631 
-0.0866428 0.258997 2.00983 
-0.197909 0.199438 1.93144 
-0.12079 0.202083 1.98563 
0.0717447 0.158845 1.8972 
0.502043 0.0678261 1.85916 
0.642178 0.092272 1.51545 
0.707342 0.0901823 1.50223 
1.07626 -0.0314738 1.52028 
1.67365 -0.0739643 1.58054 
2.30241 -0.0621304 1.85737 
2.8125 -0.0890949 1.95022 
3.57265 -0.137334 1.9059 
4.40224 -0.259325 1.84742 
5.33859 -0.236773 2.04482 
