Mean 0 Mean 1 Mean 2 
-2.70435 -2.11221 -1.49847 
-2.69936 -2.10541 -1.48702 
-2.68841 -2.08677 -1.57011 
-2.69991 -2.06722 -1.62685 
-2.70449 -2.06374 -1.67005 
-2.66896 -2.05187 -1.69729 
-2.741 -2.03712 -1.74213 
-2.79811 -2.01438 -1.74518 
-2.85041 -2.00271 -1.72237 
-2.86254 -2.00204 -1.78876 
-2.85781 -2.01033 -1.84832 
-2.8501 -2.01772 -1.89507 
-2.80883 -2.00511 -1.86099 
-2.66017 -2.11712 -1.78731 
-2.62034 -2.09646 -1.77078 
-2.67594 -2.01659 -1.74988 
-2.73319 -1.95047 -1.74199 
-2.7028 -1.94693 -1.7587 
-2.90966 -1.94519 -1.76462 
-2.86032 -1.94786 -1.82286 
-2.73966 -1.99463 -1.90255 
-2.62953 -2.03993 -1.95537 
-2.52255 -2.21855 -1.88081 
-2.44055 -2.36419 -1.82006 
-2.31094 -2.16125 -2.02321 
-2.33227 -2.20766 -1.887 
-2.36434 -2.23838 -1.89056 
-2.48326 -2.18233 -1.89566 
-2.40565 -2.18009 -1.79596 
-2.41315 -2.1718 -1.74121 
-2.42241 -2.21855 -1.66166 
-2.56803 -2.15208 -1.74173 
-2.52091 -2.23325 -1.77997 
-2.44542 -2.27048 -1.822 
-2.51145 -2.22287 -1.89486 
-2.44931 -2.3644 -1.90444 
-2.65653 -2.77515 -1.85925 
-2.5941 -2.87538 -1.87826 
-2.55738 -2.94689 -1.88969 
-2.73402 -2.90566 -1.93939 
-2.96419 -2.82648 -2.02062 
-3.00801 -2.79075 -1.89976 
-3.03775 -2.66465 -1.91552 
-2.79737 -2.54951 -1.63125 
-2.65318 -2.48376 -1.67443 
-2.54787 -2.52506 -1.70888 
-2.24978 -2.53049 -1.74946 
-2.18597 -2.54029 -1.76878 
-2.20155 -2.65918 -1.87267 
-2.21253 -2.76298 -1.9721 
