Mean 0 Mean 1 Mean 2 
-2.8796 1.7575 2.5721 
-2.89017 1.79766 2.54098 
-2.87708 1.74107 2.5463 
-2.93 1.70091 2.59322 
-2.97595 1.67845 2.62243 
-2.99702 1.66942 2.62264 
-2.97395 1.66691 2.55503 
-2.99564 1.6588 2.57209 
-3.01631 1.62848 2.6594 
-3.03473 1.62535 2.67097 
-2.94391 1.73897 2.51318 
-2.95273 1.74063 2.4486 
-2.96692 1.79702 2.5003 
-2.99093 1.84977 2.53641 
-3.02106 1.90157 2.55449 
-3.05278 1.94767 2.55777 
-3.05178 1.86188 2.60171 
-3.22706 1.86821 2.58908 
-3.0739 2.02252 2.42738 
-3.26048 2.00222 2.41714 
-3.26604 1.93656 2.48308 
-3.24164 1.87322 2.57131 
-3.09291 1.82858 2.49695 
-2.96656 1.79292 2.43205 
-2.94583 1.73933 2.54036 
-2.81931 1.67487 2.47944 
-2.82684 1.74908 2.47893 
-2.8306 1.81797 2.48338 
-2.77565 1.72761 2.54227 
-2.78334 1.79396 2.55743 
-2.78882 1.85641 2.57447 
-2.73282 1.97392 2.4868 
-2.76378 1.87961 2.57349 
-2.81369 1.86043 2.52223 
-2.82679 1.76518 2.59715 
-2.84376 1.86434 2.5858 
-2.8368 1.81927 2.60258 
-2.82449 1.89245 2.51934 
-2.81751 1.94661 2.43499 
-2.82345 1.9855 2.43359 
-2.82119 1.9214 2.47282 
-2.81733 1.87713 2.49864 
-2.75421 1.89646 2.49941 
-2.77367 1.89344 2.50072 
-2.67525 1.88036 2.27276 
-2.59609 1.88966 2.27994 
-2.63077 1.91962 2.25737 
-2.62015 1.91216 2.14222 
-2.64758 1.94492 2.18038 
-2.66033 1.88968 2.24988 
