Mean 0 Mean 1 Mean 2 
-0.359091 -1.14382 -3.02945 
-0.347723 -1.12887 -3.03413 
-0.350734 -1.1794 -3.08961 
-0.299491 -1.18435 -3.09607 
-0.270016 -1.19219 -3.09499 
-0.248893 -1.19586 -3.10593 
-0.241244 -1.22883 -3.11818 
-0.215711 -1.2471 -3.12932 
-0.234137 -1.22124 -3.18669 
-0.1952 -1.25432 -3.15539 
-0.164489 -1.28189 -3.12957 
-0.184534 -1.2848 -3.22813 
-0.178039 -1.28369 -3.30463 
-0.163129 -1.2918 -3.36856 
-0.137849 -1.3288 -3.33537 
-0.106417 -1.32405 -3.40966 
-0.0818404 -1.32244 -3.47539 
-0.0679921 -1.35712 -3.44962 
-0.0709154 -1.33701 -3.45271 
-0.110517 -1.36121 -3.37034 
-0.113255 -1.32976 -3.36591 
-0.130932 -1.36338 -3.27329 
-0.162191 -1.37948 -3.24181 
-0.198874 -1.38708 -3.25536 
-0.232304 -1.4145 -3.17539 
-0.263617 -1.44098 -3.10118 
-0.134939 -1.32335 -3.21582 
-0.165252 -1.37514 -3.15443 
0.0139781 -1.41642 -3.23157 
-0.0556967 -1.40516 -3.33771 
-0.0804595 -1.46899 -3.24853 
-0.154321 -1.41795 -3.35722 
-0.280086 -1.26184 -3.3585 
-0.370048 -1.1562 -3.37342 
-0.304803 -1.31175 -3.37929 
-0.248264 -1.46087 -3.37343 
-0.373758 -1.47004 -3.42896 
-0.25081 -1.49383 -3.47263 
-0.377269 -1.52771 -3.51227 
-0.420695 -1.52007 -3.63744 
-0.468947 -1.54689 -3.50301 
-0.516209 -1.55994 -3.41332 
-0.482303 -1.55548 -3.37779 
-0.388571 -1.58619 -3.34304 
-0.381088 -1.54866 -3.32612 
-0.379711 -1.50531 -3.31208 
-0.380355 -1.4616 -3.29579 
-0.339497 -1.48229 -3.39501 
-0.344286 -1.43225 -3.3674 
-0.346171 -1.38042 -3.33981 
