Mean 0 Mean 1 Mean 2 
0.303196 0.755581 1.20388 
0.2687 0.740651 1.19052 
0.264602 0.732459 1.19139 
0.233447 0.780578 1.21801 
0.26687 0.781036 1.21585 
0.255674 0.790635 1.18361 
0.239119 0.80549 1.24422 
0.292583 0.799723 1.17494 
0.337665 0.79258 1.09926 
0.353887 0.810568 1.15853 
0.348115 0.782928 1.06164 
0.345123 0.779067 1.00092 
0.353602 0.77708 0.955259 
0.328079 0.805239 1.03048 
0.317206 0.848331 1.10425 
0.284414 0.902923 1.11929 
0.293447 0.96528 1.19916 
0.323003 0.938467 1.14447 
0.342217 0.923574 1.1045 
0.335571 0.977841 1.16463 
0.344768 0.974612 1.14169 
0.391771 0.962368 1.12357 
0.384811 0.979271 1.10174 
0.465519 1.08377 1.00742 
0.500218 1.17201 1.1058 
0.537358 1.25819 1.18221 
0.577639 1.33705 1.23864 
0.61876 1.39055 1.27025 
0.651888 1.45497 1.29592 
0.413575 1.44559 1.13613 
0.487183 1.37653 1.15419 
0.555474 1.31743 1.18356 
0.585399 1.32765 1.18267 
0.625814 1.16631 1.17915 
0.675165 1.11948 1.18077 
0.444641 1.15317 1.03739 
0.473362 1.00889 1.05475 
0.288002 0.576478 1.11057 
0.35964 0.0439416 1.06027 
0.461836 -0.458407 1.02915 
0.554651 -0.91847 1.00513 
0.545843 -1.41838 1.09976 
0.631444 -1.80001 1.07669 
0.70068 -2.2631 1.16813 
0.498692 -2.69174 1.21951 
0.456733 -2.95743 1.24927 
0.384954 -3.15822 1.25452 
0.413866 -3.40898 1.2662 
0.532659 -3.61841 1.27448 
0.644527 -3.81002 1.29374 
