Mean 0 Mean 1 Mean 2 
-0.305471 1.76054 1.78499 
-0.277183 1.68599 1.76965 
-0.267264 1.66899 1.75025 
-0.269112 1.68901 1.6885 
-0.298154 1.73838 1.78802 
-0.27984 1.72372 1.75683 
-0.256828 1.72588 1.74573 
-0.213542 1.78602 1.74353 
-0.163741 1.83859 1.76112 
-0.14181 1.82441 1.78671 
-0.163517 1.83481 1.8291 
-0.171792 1.85354 1.85708 
-0.174587 1.88046 1.87136 
-0.210565 1.89971 1.88165 
-0.232724 1.93678 1.90015 
-0.226251 1.95603 1.93395 
-0.187199 2.02301 1.91639 
-0.202506 2.00336 2.01996 
-0.185081 1.97372 2.04554 
-0.185712 1.94451 2.0746 
-0.205295 1.91573 2.11124 
-0.111817 1.91692 2.1726 
-0.0687026 1.92806 2.176 
-0.0694003 1.88291 2.21032 
-0.0762192 1.92729 2.15696 
-0.045333 1.86873 2.26883 
-0.046293 1.91691 2.23277 
-0.0437104 1.97478 2.19757 
-0.0409035 2.02578 2.1774 
0.0448696 1.99314 2.20226 
-0.0815703 2.09042 2.16088 
-0.516615 2.01071 2.07868 
-1.03531 1.99411 2.11488 
-1.54632 2.08739 2.09408 
-2.00732 2.16254 2.06763 
-2.425 2.22028 2.03454 
-2.96716 2.17964 1.98142 
-3.34571 2.20371 1.9501 
-3.68277 2.22888 1.93297 
-3.9799 2.25285 1.93031 
-4.34224 2.19563 2.04428 
-4.38172 2.19251 2.02108 
-4.65917 2.21029 2.0047 
-4.82038 2.1397 2.06051 
-4.96097 2.08667 2.11501 
-5.08696 2.06299 2.14285 
-5.15215 2.05115 2.09978 
-5.20742 2.05295 2.06437 
-5.37266 2.0505 2.05029 
-5.42008 2.12146 2.07269 
