
  -11.6693    19.6563    2.43774 
  -16.8828    29.3585   -7.72905 
-0.829414 224.678
 -0.444517    2.02451    2.41014 
  -18.5479    17.6788    1.48547 
  -17.5158    22.8594   -2.78395 
-0.342345 46.1323
 -0.452765    2.11392    2.37181 
  -13.7336    24.5782    7.58136 
  -21.6975    24.8384    7.31334 
-0.365545 63.5632
 -0.500278    2.13771    2.31718 
  -17.0682    25.3576    5.36617 
  -28.1838     22.599    11.7851 
-0.570525 172.368
 -0.540861    2.15278    2.28231 
  -23.4218    20.7685    4.82962 
   -25.393     20.012    12.0213 
-0.319806 56.1776
 -0.619147    2.17807     2.2611 
  -28.5878     24.929    5.10685 
  -30.7411    19.2824    19.6483 
-0.570908 247.974
 -0.681769    2.18178    2.29854 
  -24.8466    23.4023    10.8295 
  -40.6785     39.194    13.3128 
-0.864079 506.191
 -0.780332     2.1784     2.2868 
  -36.9646    17.8602    7.97449 
   -21.635    24.9244    3.66165 
-0.58479 303.501
 -0.918859    2.19783    2.27771 
  -38.5476    19.4154    7.01533 
   -14.307   0.651937   -3.93584 
-1.05109 1059.6
   -1.1276    2.19012    2.28803 
  -41.7949     12.128    3.52688 
  -25.3176    7.09909   -1.31197 
-0.57691 320.204
  -1.25779     2.1825    2.30924 
  -42.3087    7.98201     13.018 
  -29.4003    24.2429    7.31413 
-0.67833 463.578
  -1.37204    2.19595    2.31934 
  -22.1028    14.2255    7.79635 
  -54.4293     8.5705    19.4592 
-1.68344 1213
  -1.46564    2.21205    2.33075 
   -16.421    17.5811    4.21574 
  -35.7672    28.2225    18.3552 
-1.39171 687.44
   -1.5462    2.18513    2.38084 
  -10.9011    11.2379    5.72965 
  -19.5707    32.6642    11.0123 
-1.74554 562.154
  -1.64566    2.15326    2.36427 
   1.95453    13.1004    10.8033 
  -3.96145    29.0612     16.023 
-1.24679 316.992
  -1.77395    2.07286    2.38203 
    13.132    3.98094    8.71908 
 -0.966607    16.8649    6.36443 
-1.42636 370.312
  -1.87915    2.04877    2.42638 
    20.556    11.4009    7.98665 
   22.8455     14.469    4.37055 
-0.277079 27.7316
  -2.02961    1.99706    2.44754 
   24.9779     17.433    16.0288 
   32.0318    15.6213   0.658223 
-0.67597 289.293
  -2.12565     1.9515    2.39064 
   27.7885    14.3125    4.81085 
   41.0808    18.8185    14.8102 
-0.736206 296.975
  -2.16957    1.90678    2.28032 
   30.3232    2.89384   0.423737 
   29.7478    1.48482    3.51865 
-0.14945 11.8949
  -2.20084    1.86367    2.15391 
   39.2293    3.76116    10.2221 
   25.8513   -0.68977  -0.639623 
-0.609795 316.757
  -2.29398    1.79451    2.10848 
   36.8593     13.634     19.199 
   39.4763    12.2605   -6.04978 
-0.82066 646.237
  -2.37088    1.73054     1.9829 
    31.149    3.65351    11.7812 
   39.7368    13.4319    -9.8878 
-1.02372 638.913
  -2.46539    1.71568    1.81244 
   38.5727    2.62412   -10.0427 
    39.737    10.2701   -12.1494 
-0.278656 64.2554
  -2.54344    1.72396    1.67593 
   31.0662   0.819216   -25.7941 
   32.5168    11.9271   -16.3947 
-0.502734 213.839
  -2.62028    1.79567    1.53281 
    33.675    11.0829    -30.522 
   22.7171    13.7958   -21.5095 
-0.43978 208.662
  -2.70225     1.9124    1.38376 
   23.9631     21.043   -38.2639 
   17.6194    21.2634   -38.1195 
-0.182986 40.3115
    -2.785    2.05141    1.26768 
    20.456    19.2697   -52.8799 
   12.7465    25.5403   -58.7156 
-0.282655 132.812
  -2.86232     2.1784    1.14825 
   5.19647    28.2875   -58.1092 
   6.42962    35.4345    -51.686 
-0.221588 93.8584
  -2.97279    2.27883    1.08628 
 -0.627844    16.2281   -69.3227 
  -3.60215    21.7642   -55.7514 
-0.314347 223.676
  -3.11078    2.32839    1.04899 
  -11.6412    34.4924   -66.6937 
  -15.9288    33.7159   -55.1583 
-0.245263 152.054
  -3.23244    2.39146   0.975746 
  -1.21889    15.2572   -74.8369 
  -15.4973   -7.90948   -73.7865 
-0.538195 741.674
    -3.343    2.38984   0.959304 
  -11.7571    19.1872   -83.4142 
   -15.015     13.871    -75.381 
-0.180572 103.408
  -3.44932    2.37498   0.961326 
  -15.0483     17.987   -75.7505 
  -14.1388    22.7688   -69.4788 
-0.152066 63.0282
  -3.59412    2.32145   0.935785 
  -21.9919    25.4412   -74.3634 
   -18.753    33.9032   -63.3651 
-0.266097 203.061
  -3.70881    2.27619   0.921957 
  -19.5878    25.0526   -74.6591 
  -20.8671    31.8259   -65.4779 
-0.215469 131.808
  -3.79072    2.21277   0.925877 
  -28.6633    35.5553   -63.8274 
  -25.0099    28.5502   -62.8451 
-0.15389 63.3839
  -3.89729    2.13705    0.99136 
  -28.5203     24.199   -72.3203 
  -22.3834    30.7407   -71.4759 
-0.168592 81.1701
  -4.00422    2.06553    1.10748 
  -36.6407    22.1587   -59.9403 
  -21.6868    43.8957   -44.3651 
-0.626274 938.702
  -4.12564    1.94526    1.26745 
  -41.3506    21.8249   -41.7731 
  -29.1817    13.2877   -49.4545 
-0.394154 279.968
  -4.26591     1.8403    1.46358 
  -36.2741    11.4584   -25.0801 
  -37.1538    1.42606   -19.0058 
-0.366381 138.319
   -4.3858    1.79149    1.64414 
  -25.7763     3.3415   -12.0671 
   -34.056   0.389474    -14.619 
-0.422921 83.7802
  -4.49556    1.73319    1.79115 
  -24.2245   -7.26004   -2.37065 
  -17.7417    6.27548   -5.62964 
-0.782494 235.858
   -4.5643    1.68698    1.96247 
   4.02433   -2.15516    3.35188 
  -8.16642    3.21372   -17.9934 
-3.15346 633.058
  -4.61112    1.59302    2.12818 
   8.06864    1.48415    2.82302 
   -5.5611   -8.34828    9.27613 
-1.90255 324.089
  -4.66838    1.54014    2.26166 
   3.83522   -6.06114    5.21789 
   5.72449   -4.28667    13.3699 
-1.00212 73.1735
  -4.72168    1.50192    2.37903 
   2.74355   -12.4367    11.5022 
    24.245    10.3497    -3.8473 
-2.44753 1217.14
  -4.79542    1.44172    2.48947 
   38.3894    -1.8405    1.04097 
   30.0263    8.11396   -4.41789 
-0.50254 198.831
  -4.87213    1.38046    2.56011 
   37.2381   -1.45092    1.12989 
   28.4227    10.9171    8.00937 
-0.609592 278.005
  -4.90936    1.33164    2.61879 
   43.9801   -3.64185   -3.95266 
   25.0917   -1.88068    2.17266 
-0.633386 397.393
  -4.96481      1.314    2.64633 