   -0.4294     2.0113     2.4455   -11.6693    19.6563    2.43774 
 -0.444517    2.02451    2.41014   -18.5479    17.6788    1.48547 
 -0.452765    2.11392    2.37181   -13.7336    24.5782    7.58136 
 -0.500278    2.13771    2.31718   -17.0682    25.3576    5.36617 
 -0.540861    2.15278    2.28231   -23.4218    20.7685    4.82962 
 -0.619147    2.17807     2.2611   -28.5878     24.929    5.10685 
 -0.681769    2.18178    2.29854   -24.8466    23.4023    10.8295 
 -0.780332     2.1784     2.2868   -36.9646    17.8602    7.97449 
 -0.918859    2.19783    2.27771   -38.5476    19.4154    7.01533 
   -1.1276    2.19012    2.28803   -41.7949     12.128    3.52688 
  -1.25779     2.1825    2.30924   -42.3087    7.98201     13.018 
  -1.37204    2.19595    2.31934   -22.1028    14.2255    7.79635 
  -1.46564    2.21205    2.33075    -16.421    17.5811    4.21574 
   -1.5462    2.18513    2.38084   -10.9011    11.2379    5.72965 
  -1.64566    2.15326    2.36427    1.95453    13.1004    10.8033 
  -1.77395    2.07286    2.38203     13.132    3.98094    8.71908 
  -1.87915    2.04877    2.42638     20.556    11.4009    7.98665 
  -2.02961    1.99706    2.44754    24.9779     17.433    16.0288 
  -2.12565     1.9515    2.39064    27.7885    14.3125    4.81085 
  -2.16957    1.90678    2.28032    30.3232    2.89384   0.423737 
  -2.20084    1.86367    2.15391    39.2293    3.76116    10.2221 
  -2.29398    1.79451    2.10848    36.8593     13.634     19.199 
  -2.37088    1.73054     1.9829     31.149    3.65351    11.7812 
  -2.46539    1.71568    1.81244    38.5727    2.62412   -10.0427 
  -2.54344    1.72396    1.67593    31.0662   0.819216   -25.7941 
  -2.62028    1.79567    1.53281     33.675    11.0829    -30.522 
  -2.70225     1.9124    1.38376    23.9631     21.043   -38.2639 
    -2.785    2.05141    1.26768     20.456    19.2697   -52.8799 
  -2.86232     2.1784    1.14825    5.19647    28.2875   -58.1092 
  -2.97279    2.27883    1.08628  -0.627844    16.2281   -69.3227 
  -3.11078    2.32839    1.04899   -11.6412    34.4924   -66.6937 
  -3.23244    2.39146   0.975746   -1.21889    15.2572   -74.8369 
    -3.343    2.38984   0.959304   -11.7571    19.1872   -83.4142 
  -3.44932    2.37498   0.961326   -15.0483     17.987   -75.7505 
  -3.59412    2.32145   0.935785   -21.9919    25.4412   -74.3634 
  -3.70881    2.27619   0.921957   -19.5878    25.0526   -74.6591 
  -3.79072    2.21277   0.925877   -28.6633    35.5553   -63.8274 
  -3.89729    2.13705    0.99136   -28.5203     24.199   -72.3203 
  -4.00422    2.06553    1.10748   -36.6407    22.1587   -59.9403 
  -4.12564    1.94526    1.26745   -41.3506    21.8249   -41.7731 
  -4.26591     1.8403    1.46358   -36.2741    11.4584   -25.0801 
   -4.3858    1.79149    1.64414   -25.7763     3.3415   -12.0671 
  -4.49556    1.73319    1.79115   -24.2245   -7.26004   -2.37065 
   -4.5643    1.68698    1.96247    4.02433   -2.15516    3.35188 
  -4.61112    1.59302    2.12818    8.06864    1.48415    2.82302 
  -4.66838    1.54014    2.26166    3.83522   -6.06114    5.21789 
  -4.72168    1.50192    2.37903    2.74355   -12.4367    11.5022 
  -4.79542    1.44172    2.48947    38.3894    -1.8405    1.04097 
  -4.87213    1.38046    2.56011    37.2381   -1.45092    1.12989 
  -4.90936    1.33164    2.61879    43.9801   -3.64185   -3.95266 
