
  -5.85698  -0.265775   -6.47204 
    1.9153   -4.31512   -12.9794 
-1.21477 119.151
-0.00277337     1.5706    2.57736 
   1.60008  -0.761959   -9.25274 
   5.62155   0.376296   -11.7798 
-0.483072 23.8538
-0.0316517    1.58282    2.55349 
   -2.9493   -1.58975  -0.417802 
   2.87447  -0.559009   -20.7921 
-2.65898 450.092
-0.0255659    1.60742    2.55349 
  -1.00535   -1.22099   -7.02013 
   4.66338    2.64575   -21.3632 
-1.783 252.81
-0.0172851    1.61841    2.57509 
   1.65989   0.411229     -10.18 
   7.79435    5.43587   -11.5752 
-0.756963 64.8251
 0.0415066    1.63487     2.6227 
   7.66457     8.1471   -14.0922 
   11.4817    11.1255   -10.3255 
-0.423748 37.6297
   0.11069    1.63586    2.64637 
   6.69061    5.37774   -2.40867 
   15.0061    15.4778   -12.4674 
-1.85504 272.335
  0.187548    1.61397    2.66216 
   9.84991    12.9258  -0.629802 
    21.074    22.0629   -11.9012 
-1.32855 336.51
  0.263108    1.55978     2.6748 
   16.8128     18.207    5.76165 
   23.4864    19.5943   -14.8409 
-1.11811 470.925
  0.359583     1.5467    2.65236 
   18.2932    10.9194    5.80257 
   16.0506    20.0356    -6.0664 
-0.879653 229.007
   0.47362    1.50896    2.65728 
   33.9142     10.153   -2.91749 
   25.7609     13.041    5.71753 
-0.470043 149.381
  0.595894    1.47998    2.63354 
   30.5527     10.974    6.04518 
   25.6248    9.99223    -13.368 
-0.826017 402.119
  0.688172    1.47673    2.60658 
   38.5766    9.34619   -5.02783 
   24.1526    15.0911   -6.15078 
-0.543028 242.317
  0.775571    1.50684    2.58291 
   34.1468    16.2281    8.50056 
   27.1712    12.8295   -7.74597 
-0.645752 324.16
  0.837223    1.52626    2.55702 
   38.5349    10.4445  -0.138803 
   28.8338    8.52104   -20.3984 
-0.782595 508.263
  0.909232    1.57493    2.58732 
   37.3386    13.6334    8.49784 
   48.4501    2.56119   -4.00374 
-0.690177 402.349
  0.933811    1.59463    2.60263 
   37.5547    19.8399    15.5257 
   50.5916    5.12076   -2.86999 
-0.844351 725.016
   1.01615     1.5846    2.62115 
    42.127    11.5674    0.89772 
   71.9181    -0.6209    7.21149 
-1.05403 1075.93
   1.09292     1.5689     2.5871 
   41.5849    12.5903    2.75378 
   57.7803    4.42667    3.35864 
-0.585855 329.3
   1.16689    1.56236    2.58732 
   34.7211    8.74964    8.18334 
   46.7989     7.0625   -7.36671 
-0.742463 390.523
   1.19958     1.5314    2.54816 
   40.4547    9.10901     14.496 
   54.5705    4.82104   -12.0616 
-0.977062 922.948
   1.23248    1.52076    2.48227 
   39.3414     5.1675    3.87073 
   60.7633    1.18938   -7.52992 
-0.858135 604.697
   1.23118    1.52033     2.4273 
   40.4396   -4.45854   0.237759 
   33.4131    1.64901   -4.52172 
-0.356678 109.326
   1.20822    1.51739    2.42367 
   35.1684    5.51586     4.2946 
   46.4053    3.17905   -10.1577 
-0.706424 340.597
   1.23241    1.53615      2.417 
   41.5837    1.75019   0.209949 
   19.5269   -12.6465    1.96429 
-0.879531 696.849
   1.26513    1.55878    2.46912 
   39.1156    8.57137    11.0866 
   49.9037   -2.64163    5.79201 
-0.554845 270.147
   1.26249    1.61842    2.52358 
   34.2442    12.1376    15.9058 
   39.6319    13.1637    4.15765 
-0.455739 168.099
   1.25517    1.64438    2.58051 
   39.5716    7.77157   -3.76457 
   53.5813    26.0731   -13.0988 
-0.855823 618.348
   1.23702    1.65989    2.67727 
   30.0782    8.09585    1.72524 
   34.5506    15.2892   -1.98127 
-0.396147 85.484
   1.24947    1.67276    2.76511 
   35.4979   -1.02976   -4.33141 
   33.3467    8.06477   -2.11384 
-0.365478 92.2558
   1.18736    1.70837    2.88063 
   45.3807    24.4499    2.60467 
   53.5552    5.68485    -6.5208 
-0.62425 502.225
   1.10847    1.77363     2.9403 
    40.415    25.0692  -0.246845 
   54.9077    11.5245   -1.42181 
-0.59348 394.876
   1.10465    1.80325    3.05438 
   38.5244     17.035    4.76088 
   49.2171    18.4651    8.30322 
-0.37647 128.928
   1.10169    1.79954     3.1593 
   30.2395    22.0036    8.70094 
   32.0042    18.4922    17.0808 
-0.334616 85.665
   1.05719    1.88233    3.23378 
   31.2977    17.9228     10.002 
   38.5524    12.6221    5.14623 
-0.37751 104.307
   1.00073    1.97995    3.26435 
   29.8081    18.6163    11.9312 
   27.6546    16.5742   -2.66948 
-0.554757 221.988
  0.949589    2.08624    3.23168 
    39.947     23.641    17.3506 
   24.6343    22.8903    8.43792 
-0.513402 314.478
  0.910213    2.20195    3.20642 
   31.8529    24.0369      10.29 
   41.3594    25.2397    9.03723 
-0.328565 93.3885
  0.854411    2.27727    3.21628 
   38.8205    8.28539    4.75298 
   49.5657    19.0278   -3.04802 
-0.595828 291.715
  0.824987    2.40006    3.17511 
   33.3945      19.79    10.7369 
   70.5727     25.983   -29.7261 
-1.91796 3057.83
  0.779232    2.55108    3.10648 
   32.3645    20.5878    6.80981 
   16.0226    25.2929   -15.4213 
-0.999254 783.419
  0.786979    2.68671    3.01328 
   33.5017    30.7457    6.63725 
   15.5833    20.6663    -9.9757 
-0.81734 698.65
  0.792443    2.81598     2.8966 
   33.9231    35.1996    2.46351 
   11.1802     30.179  0.0188084 
-0.682982 548.425
  0.776581    2.91856    2.81863 
   35.3661    34.5097    1.41192 
   37.1363    44.6843    5.46551 
-0.32057 123.088
  0.751146    3.00782    2.75761 
   35.0714    35.4903    2.58143 
   38.0954    28.6625     9.0123 
-0.28237 97.1192
   0.71923    3.05016     2.6651 
   35.2571    32.7829   -3.32615 
   33.4404     53.641   -11.5917 
-0.665212 506.682
  0.739339    3.10162    2.54522 
   32.4809     40.673    4.07979 
   40.4515    34.6787      8.172 
-0.297762 116.206
  0.789941    3.16452    2.47662 
     28.38    53.8787     12.267 
   44.0446    28.1935    12.8176 
-0.71463 905.416
  0.838276    3.19955    2.39143 
   35.8485    18.3996     13.694 
   30.2064    16.0472    32.4926 
-0.653531 390.751
  0.839677    3.19425    2.29066 
   37.4529    19.0243    28.0862 
   34.5625    10.8353    27.7623 
-0.24733 75.5185
  0.893401    3.15936    2.25742 