   -0.0436     1.5589     2.5799   -5.85698  -0.265775   -6.47204 
-0.00277337     1.5706    2.57736    1.60008  -0.761959   -9.25274 
-0.0316517    1.58282    2.55349    -2.9493   -1.58975  -0.417802 
-0.0255659    1.60742    2.55349   -1.00535   -1.22099   -7.02013 
-0.0172851    1.61841    2.57509    1.65989   0.411229     -10.18 
 0.0415066    1.63487     2.6227    7.66457     8.1471   -14.0922 
   0.11069    1.63586    2.64637    6.69061    5.37774   -2.40867 
  0.187548    1.61397    2.66216    9.84991    12.9258  -0.629802 
  0.263108    1.55978     2.6748    16.8128     18.207    5.76165 
  0.359583     1.5467    2.65236    18.2932    10.9194    5.80257 
   0.47362    1.50896    2.65728    33.9142     10.153   -2.91749 
  0.595894    1.47998    2.63354    30.5527     10.974    6.04518 
  0.688172    1.47673    2.60658    38.5766    9.34619   -5.02783 
  0.775571    1.50684    2.58291    34.1468    16.2281    8.50056 
  0.837223    1.52626    2.55702    38.5349    10.4445  -0.138803 
  0.909232    1.57493    2.58732    37.3386    13.6334    8.49784 
  0.933811    1.59463    2.60263    37.5547    19.8399    15.5257 
   1.01615     1.5846    2.62115     42.127    11.5674    0.89772 
   1.09292     1.5689     2.5871    41.5849    12.5903    2.75378 
   1.16689    1.56236    2.58732    34.7211    8.74964    8.18334 
   1.19958     1.5314    2.54816    40.4547    9.10901     14.496 
   1.23248    1.52076    2.48227    39.3414     5.1675    3.87073 
   1.23118    1.52033     2.4273    40.4396   -4.45854   0.237759 
   1.20822    1.51739    2.42367    35.1684    5.51586     4.2946 
   1.23241    1.53615      2.417    41.5837    1.75019   0.209949 
   1.26513    1.55878    2.46912    39.1156    8.57137    11.0866 
   1.26249    1.61842    2.52358    34.2442    12.1376    15.9058 
   1.25517    1.64438    2.58051    39.5716    7.77157   -3.76457 
   1.23702    1.65989    2.67727    30.0782    8.09585    1.72524 
   1.24947    1.67276    2.76511    35.4979   -1.02976   -4.33141 
   1.18736    1.70837    2.88063    45.3807    24.4499    2.60467 
   1.10847    1.77363     2.9403     40.415    25.0692  -0.246845 
   1.10465    1.80325    3.05438    38.5244     17.035    4.76088 
   1.10169    1.79954     3.1593    30.2395    22.0036    8.70094 
   1.05719    1.88233    3.23378    31.2977    17.9228     10.002 
   1.00073    1.97995    3.26435    29.8081    18.6163    11.9312 
  0.949589    2.08624    3.23168     39.947     23.641    17.3506 
  0.910213    2.20195    3.20642    31.8529    24.0369      10.29 
  0.854411    2.27727    3.21628    38.8205    8.28539    4.75298 
  0.824987    2.40006    3.17511    33.3945      19.79    10.7369 
  0.779232    2.55108    3.10648    32.3645    20.5878    6.80981 
  0.786979    2.68671    3.01328    33.5017    30.7457    6.63725 
  0.792443    2.81598     2.8966    33.9231    35.1996    2.46351 
  0.776581    2.91856    2.81863    35.3661    34.5097    1.41192 
  0.751146    3.00782    2.75761    35.0714    35.4903    2.58143 
   0.71923    3.05016     2.6651    35.2571    32.7829   -3.32615 
  0.739339    3.10162    2.54522    32.4809     40.673    4.07979 
  0.789941    3.16452    2.47662      28.38    53.8787     12.267 
  0.838276    3.19955    2.39143    35.8485    18.3996     13.694 
  0.839677    3.19425    2.29066    37.4529    19.0243    28.0862 
