
   -5.8573    14.6564   -10.7645 
   10.0209    25.4706   -4.26438 
-1.33215 411.313
 -0.211221    1.89845    2.51175 
  -4.72337    14.4065   -3.82055 
   12.6806    21.9119   -2.81074 
-1.44241 360.25
 -0.224556    1.90979    2.53078 
  -1.45598    14.6779    -4.2274 
   11.8578    20.2035   -1.29941 
-1.10388 216.36
 -0.204701    1.94449    2.53433 
 -0.103356    22.0929   -8.42974 
   14.2793    14.0565  -0.292572 
-0.989165 337.657
 -0.136062    2.03832    2.53686 
   3.88157    23.4432   -6.85507 
   9.15729    31.5801   -3.19832 
-0.543338 107.413
-0.0510781    2.10426    2.56835 
   4.83696    22.2388    2.91805 
   6.35029     27.069    4.87716 
-0.301028 29.4592
0.00187585    2.18176    2.63115 
   9.39204    24.0677    3.43641 
   4.08615    21.4348    2.62556 
-0.299299 35.742
 0.0802025     2.2276    2.70085 
   4.17773    17.0219    3.15491 
   5.20776    14.6641    1.92654 
-0.193004 8.12927
  0.187398    2.25303    2.80891 
   10.3645    13.9121   -5.65694 
   12.0486    15.7104   -1.37821 
-0.33706 24.3778
  0.268899    2.27792    2.97667 
   19.2748    19.8554    10.2568 
   16.7299    47.5058   -1.85423 
-1.37462 917.693
  0.350925    2.23114    3.09636 
   15.8297    14.0153     7.3703 
   13.9485    28.2132    24.6236 
-1.28809 502.797
  0.428121     2.1925    3.18273 
   19.1294    18.2604    10.8332 
   17.9306    26.5956    25.3557 
-0.783068 281.814
  0.514409    2.10688    3.26164 
    25.549    13.8214    6.49968 
   14.4572    28.2353    25.4871 
-1.18432 691.308
  0.585971    2.00649    3.33637 
   32.9105    3.28251    11.1423 
   29.0548    22.5725    12.6061 
-0.770749 389.111
   0.64099    1.92797    3.43905 
   33.8982    9.16682    14.2877 
   29.9834    27.2812    18.8434 
-0.697609 364.208
  0.690918    1.90532    3.54669 
   34.3328    22.1861    23.5525 
   27.9925   -1.04583   -10.8672 
-1.26953 1764.64
  0.712899    1.91066    3.60737 
   30.2246    17.4875    6.93395 
   36.5201    24.0531    12.0192 
-0.402256 108.599
  0.725157    1.89318    3.62564 
   25.6658    19.8987    12.8351 
    37.416    24.5571    11.7902 
-0.497812 160.861
   0.71815    1.89243    3.62119 
   31.0287    24.2693    13.4871 
    37.419    25.4142    12.4287 
-0.221645 43.2673
  0.751096    1.88942    3.59398 
   33.8122    18.1997    14.0144 
   37.0372    25.7534    12.0081 
-0.2895 71.4848
  0.780712    1.92223    3.55845 
   29.7059    14.1275    16.2111 
   36.8222    25.6137    9.80612 
-0.562573 223.598
  0.804546    1.91583    3.52725 
   32.8824    9.67185     12.788 
   24.7698    26.9498    21.0374 
-0.783963 432.392
   0.80527    1.90307    3.48403 
   33.0161    19.4611    16.5256 
   24.3712    8.81291    4.51817 
-0.612983 332.297
   0.78029    1.84818    3.43619 
   32.6126    26.9561    16.4754 
    32.659    23.5445    7.64087 
-0.29593 89.6904
  0.795399    1.83177     3.4214 
   33.7273    24.1411    23.3798 
    30.353    23.5207    15.1156 
-0.268263 80.0675
  0.815039    1.81966    3.42358 
   28.8259    25.7954    15.6897 
   38.7608    24.4119    9.86596 
-0.389971 134.532
  0.845763    1.79613    3.41395 
   34.8989    22.0654    15.7615 
     59.83    27.5201    9.11067 
-0.843728 695.548
  0.906205    1.77352    3.40606 
   29.5512    17.7248    11.0461 
   21.3333    20.0927    35.2023 
-0.975279 656.663
  0.982492    1.72257    3.34591 
   38.0402    13.5911    9.01332 
   43.6608    12.2547    14.5828 
-0.271815 64.3964
   1.02458    1.67883    3.24972 
   34.5499    17.9892    14.7335 
   55.7849    3.46844    12.1986 
-0.870873 668.201
   1.06543     1.6152    3.20818 
   30.7051    14.1606    8.13985 
   52.8225    4.60583    17.0698 
-1.01206 660.217
   1.12459    1.57033     3.1651 
   29.4221    14.6694    8.86852 
   69.5234    3.36019    10.9845 
-1.67353 1740.49
   1.14588    1.52635    3.12191 
   42.0264    12.1681    2.66505 
   65.8562    9.67726      17.35 
-0.901841 789.711
   1.18453    1.53116    3.07509 
   34.3784    14.0045    5.44337 
   65.4977    14.7956    18.3136 
-1.24249 1134.68
   1.21932    1.48291    3.07263 
    42.873    5.25527    1.29766 
   50.9693    10.5162     7.8036 
-0.377787 135.553
   1.21133    1.45978     3.0731 
   34.9677    12.7249    6.23244 
   53.4883    3.55558    8.18847 
-0.761981 430.918
   1.15781    1.44976    3.09554 
   38.8987    10.2313    8.09463 
   59.9098    3.84056    13.9707 
-0.775926 516.836
   1.10959    1.46515    3.07223 
   39.4527    10.6341   -1.01649 
   56.9216    3.28416    9.34982 
-0.735153 466.647
   1.07557    1.46499    3.01809 
   34.1012    12.6876    3.02308 
   61.4403    4.20768    5.63116 
-1.07996 826.133
   1.05884    1.48255    2.98113 
   42.1051    12.1782    3.99075 
   63.3276    7.44074    4.45949 
-0.696923 473.059
  0.991675    1.50858      2.938 
   33.6742    15.8078   -1.17537 
   52.1769    15.2537     2.0308 
-0.692702 352.939
  0.973005    1.55748    2.94172 
   35.4894    8.30775    4.81062 
   45.6992    16.3682   -1.51854 
-0.542735 209.27
  0.944715    1.59434    2.90047 
   38.8287     6.2019   -1.11292 
   54.7209    11.3991   -7.24908 
-0.626381 317.224
   0.91774    1.59805    2.82281 
    43.626    19.0977    8.37067 
   47.7518    15.9873    2.21634 
-0.237686 64.5728
  0.922647    1.59646    2.77343 
   35.4939    10.8948    -1.2531 
    45.745    14.4519   0.855144 
-0.408239 122.183
  0.973994    1.57714    2.65996 
   37.3801    12.8533   0.968318 
    68.708    6.23618    7.86635 
-1.14674 1072.81
   1.04809    1.57134    2.57986 
   39.7908    5.85085    2.79908 
   56.4579    3.42225   -2.64249 
-0.610596 313.303
       1.1    1.60995    2.50994 
   40.0085    10.0491   -2.16474 
   62.2303    4.04629   -8.20061 
-0.80326 566.273
   1.04803    1.65534    2.46748 
   38.8539    14.3386  -0.852587 
   60.5889    10.6097   -5.76937 
-0.760083 510.492
   1.00332    1.63938    2.42062 
   32.6634    11.7291    10.6665 
   66.8301    7.91179   -11.7021 
-1.55651 1682.3
  0.947873    1.65736    2.37017 