   -0.2339     1.8901     2.5266    -5.8573    14.6564   -10.7645 
 -0.211221    1.89845    2.51175   -4.72337    14.4065   -3.82055 
 -0.224556    1.90979    2.53078   -1.45598    14.6779    -4.2274 
 -0.204701    1.94449    2.53433  -0.103356    22.0929   -8.42974 
 -0.136062    2.03832    2.53686    3.88157    23.4432   -6.85507 
-0.0510781    2.10426    2.56835    4.83696    22.2388    2.91805 
0.00187585    2.18176    2.63115    9.39204    24.0677    3.43641 
 0.0802025     2.2276    2.70085    4.17773    17.0219    3.15491 
  0.187398    2.25303    2.80891    10.3645    13.9121   -5.65694 
  0.268899    2.27792    2.97667    19.2748    19.8554    10.2568 
  0.350925    2.23114    3.09636    15.8297    14.0153     7.3703 
  0.428121     2.1925    3.18273    19.1294    18.2604    10.8332 
  0.514409    2.10688    3.26164     25.549    13.8214    6.49968 
  0.585971    2.00649    3.33637    32.9105    3.28251    11.1423 
   0.64099    1.92797    3.43905    33.8982    9.16682    14.2877 
  0.690918    1.90532    3.54669    34.3328    22.1861    23.5525 
  0.712899    1.91066    3.60737    30.2246    17.4875    6.93395 
  0.725157    1.89318    3.62564    25.6658    19.8987    12.8351 
   0.71815    1.89243    3.62119    31.0287    24.2693    13.4871 
  0.751096    1.88942    3.59398    33.8122    18.1997    14.0144 
  0.780712    1.92223    3.55845    29.7059    14.1275    16.2111 
  0.804546    1.91583    3.52725    32.8824    9.67185     12.788 
   0.80527    1.90307    3.48403    33.0161    19.4611    16.5256 
   0.78029    1.84818    3.43619    32.6126    26.9561    16.4754 
  0.795399    1.83177     3.4214    33.7273    24.1411    23.3798 
  0.815039    1.81966    3.42358    28.8259    25.7954    15.6897 
  0.845763    1.79613    3.41395    34.8989    22.0654    15.7615 
  0.906205    1.77352    3.40606    29.5512    17.7248    11.0461 
  0.982492    1.72257    3.34591    38.0402    13.5911    9.01332 
   1.02458    1.67883    3.24972    34.5499    17.9892    14.7335 
   1.06543     1.6152    3.20818    30.7051    14.1606    8.13985 
   1.12459    1.57033     3.1651    29.4221    14.6694    8.86852 
   1.14588    1.52635    3.12191    42.0264    12.1681    2.66505 
   1.18453    1.53116    3.07509    34.3784    14.0045    5.44337 
   1.21932    1.48291    3.07263     42.873    5.25527    1.29766 
   1.21133    1.45978     3.0731    34.9677    12.7249    6.23244 
   1.15781    1.44976    3.09554    38.8987    10.2313    8.09463 
   1.10959    1.46515    3.07223    39.4527    10.6341   -1.01649 
   1.07557    1.46499    3.01809    34.1012    12.6876    3.02308 
   1.05884    1.48255    2.98113    42.1051    12.1782    3.99075 
  0.991675    1.50858      2.938    33.6742    15.8078   -1.17537 
  0.973005    1.55748    2.94172    35.4894    8.30775    4.81062 
  0.944715    1.59434    2.90047    38.8287     6.2019   -1.11292 
   0.91774    1.59805    2.82281     43.626    19.0977    8.37067 
  0.922647    1.59646    2.77343    35.4939    10.8948    -1.2531 
  0.973994    1.57714    2.65996    37.3801    12.8533   0.968318 
   1.04809    1.57134    2.57986    39.7908    5.85085    2.79908 
       1.1    1.60995    2.50994    40.0085    10.0491   -2.16474 
   1.04803    1.65534    2.46748    38.8539    14.3386  -0.852587 
   1.00332    1.63938    2.42062    32.6634    11.7291    10.6665 
