
  -1.85296   0.728129 
  -1.83761    1.95943 
-0.15257 1.51635
  -1.92406  0.0926501 
  0.448759    1.69145 
 -0.109144    2.39951 
-0.111689 0.81261
  -1.91715   0.124024 
  -2.82028    4.73375 
 -0.431952    2.68164 
-0.39014 9.91523
  -1.73813   0.116173 
  -4.20394    4.00056 
  -3.39569    2.68179 
-0.19164 2.39241
  -1.68296   0.140455 
  -1.79809    5.98154 
  -3.14369    3.68996 
-0.302116 7.06197
   -1.5774  0.0868822 
  -1.75354    5.63993 
  -2.27717    4.91421 
-0.104824 0.800851
   -1.4854 -0.0225348 
   3.46141    6.29425 
  -1.08039    4.81151 
-0.528595 22.8265
  -1.49922  -0.249299 
  -2.55833   -7.22194 
  -3.95526  0.0634639 
-0.758199 55.0285
   -1.4461    -0.4211 
  -9.46938   -8.31871 
  -4.11081   -5.14372 
-0.457835 38.7949
  -1.38478  -0.580782 
 -0.633332   -7.57445 
  -4.53282   -10.5792 
-0.488576 24.2345
  -1.38756   -0.76987 
  0.646555   -14.9778 
  -4.41683   -14.5978 
-0.302414 25.7822
  -1.42976  -0.883862 
  -6.64292   -17.9362 
  -3.50185   -14.8491 
-0.218822 19.397
  -1.55649  -0.978214 
  -3.23023   -16.8671 
  -8.02309   -18.1398 
-0.266718 24.5914
  -1.60506   -1.01544 
 -0.679119   -14.3247 
  -7.71866   -17.6679 
-0.48188 60.7322
  -1.75554   -1.09666 
  -7.28484   -13.5478 
  -3.44045    -16.862 
-0.309835 25.7634
  -1.82293   -1.06978 
  -3.30013   -13.8555 
  -1.60657   -16.0028 
-0.173857 7.47904
  -2.01564   -1.08907 
  -1.17715   -15.2679 
  -1.98167   -16.5265 
-0.0875277 2.23122
  -2.17796    -1.0871 
   1.34285   -12.4339 
 -0.596576    -16.367 
-0.304494 19.23
  -2.23306    -1.0986 
   3.00683   -12.3448 
  0.752947   -16.1476 
-0.30872 19.5412
   -2.1415    -1.1012 
   7.01905    -11.571 
  -1.46982   -16.5583 
-0.677434 96.9337
  -1.96398   -1.02244 