   -1.8329     0.0892   -1.85296   0.728129 
  -1.92406  0.0926501   0.448759    1.69145 
  -1.91715   0.124024   -2.82028    4.73375 
  -1.73813   0.116173   -4.20394    4.00056 
  -1.68296   0.140455   -1.79809    5.98154 
   -1.5774  0.0868822   -1.75354    5.63993 
   -1.4854 -0.0225348    3.46141    6.29425 
  -1.49922  -0.249299   -2.55833   -7.22194 
   -1.4461    -0.4211   -9.46938   -8.31871 
  -1.38478  -0.580782  -0.633332   -7.57445 
  -1.38756   -0.76987   0.646555   -14.9778 
  -1.42976  -0.883862   -6.64292   -17.9362 
  -1.55649  -0.978214   -3.23023   -16.8671 
  -1.60506   -1.01544  -0.679119   -14.3247 
  -1.75554   -1.09666   -7.28484   -13.5478 
  -1.82293   -1.06978   -3.30013   -13.8555 
  -2.01564   -1.08907   -1.17715   -15.2679 
  -2.17796    -1.0871    1.34285   -12.4339 
  -2.23306    -1.0986    3.00683   -12.3448 
   -2.1415    -1.1012    7.01905    -11.571 
