
  -13.5937    16.6265    6.19933 
  -13.8678     31.805   -9.90084 
-1.27298 489.677
 -0.347885    1.94545    2.44842 
  -15.4451    14.5895    5.73065 
  -8.35811     28.581    -10.581 
-1.31915 512.058
 -0.320334    1.92917    2.46977 
  -12.9886    20.6204     11.519 
  -3.09621    23.9974   -9.75791 
-1.16262 561.969
 -0.286308    1.88671    2.47117 
  -12.8052    14.3044    1.07489 
   2.12252    17.9396   -7.76036 
-1.12777 314.112
 -0.305609    1.84367     2.4536 
  -11.8465    8.34486   -3.24944 
   3.72865    5.70956   -19.3856 
-1.78267 509.907
 -0.269855    1.80963    2.43228 
  -11.0563    8.54762    2.22472 
  -1.39004    13.7763   -7.41086 
-1.18506 213.621
 -0.167071     1.7602    2.46201 
  -8.41146    9.10245   -3.48826 
   8.96994    12.6143   -4.63122 
-1.57081 315.753
  -0.08629    1.70675    2.48025 
   -1.7448    5.26054    4.02576 
   8.45834    13.6613    1.37872 
-1.66622 181.684
-0.00597409    1.67338     2.4795 
   1.26059    6.69851   -1.18269 
   9.64611    10.1809    1.08645 
-1.06873 87.593
 0.0564459    1.61782     2.4904 
   3.34347    5.64515   -4.21865 
   10.3897    7.93466   -6.22878 
-0.929455 58.9323
 0.0615345    1.59828    2.51013 
   3.27534   -1.17027   -4.06769 
   8.51215    8.74002   -6.39759 
-1.43486 131.066
 0.0499632    1.60335    2.52045 
  -1.27882   0.641673   -6.11824 
    6.2216    10.3347   -5.68877 
-1.44661 150.395
 0.0439178    1.56314    2.53131 
   1.03434   -1.66081  -0.408412 
   4.86378    5.44297   -7.98618 
-1.38747 122.551
 0.0743529    1.47831    2.53256 
  -4.76585   -15.3701   -7.04093 
   6.98339    -7.4865   -10.0645 
-1.01662 209.337
  0.104225    1.40758    2.50429 
  -8.98994   -17.2644    -7.7687 
    3.6563   -7.56955   -3.29761 
-1.00547 273.908
  0.138351    1.38686    2.48175 
  -8.49998   -20.3635    1.76278 
   6.11743   -10.4879   -2.92346 
-1.03926 333.156
  0.136446    1.37331    2.42337 
  -8.10857   -24.7446   -1.08279 
   2.63575   -12.0695    2.38442 
-0.844282 288.12
  0.111574    1.37982    2.37364 
  -9.95953   -29.4634     1.7594 
  -1.19914   -12.7328    6.81778 
-0.838767 382.245
 0.0775346    1.37155    2.39857 
  -8.25923   -28.8962   -4.49762 
  -3.35235   -17.1443    3.19309 
-0.656857 221.331
-0.0133054    1.40307    2.35994 
  -13.6107   -30.6183   -1.61502 
  -10.8867   -19.4343    1.08875 
-0.476415 139.813
 -0.111026    1.42432    2.32731 
  -26.4835   -39.5586   -2.80612 
   -19.629   -22.9566   -5.15284 
-0.540536 328.118
  -0.23623     1.4547    2.27531 
  -20.7782   -41.1292   -3.31837 
  -28.5596   -32.5745   -3.30205 
-0.354926 133.735
 -0.324133     1.5101    2.28788 
   -28.484   -37.1005  -0.441639 
  -29.7247   -35.7777   -4.52978 
-0.135504 20.0021
 -0.441412    1.57735     2.3551 
  -35.7911   -31.8177 0.00342496 
   -34.437   -36.4002   -10.9894 
-0.355853 143.676
 -0.517917    1.66479    2.37104 
   -33.945   -24.2704   -18.3662 
  -33.1437    -23.901   -20.5374 
-0.0729714 5.49262
 -0.679316    1.79285    2.35424 
  -36.7727   -15.2708   -2.15562 
  -38.9902   -5.67085   -17.4697 
-0.63358 331.597
 -0.811084     1.9465    2.35568 
  -37.8011    1.75362    1.18328 
  -39.0661    10.9508   -6.61612 
-0.437766 147.02
 -0.910792    2.15987    2.34837 
  -34.2918    15.2705    6.72983 
   -10.833    2.37554   -4.55159 
-1.05643 843.866
  -1.02154    2.36718     2.3787 
  -35.6584     21.654    5.20036 
  -18.2659    38.9856     18.379 
-0.93115 776.557
  -1.12438    2.58274    2.39321 
  -30.1766    21.1321    -1.5535 
   -10.083    30.1362    5.20637 
-0.856331 530.522
  -1.19517    2.82355     2.4048 
  -32.1572    23.3976    9.00159 
  -7.16811    42.4735    11.7723 
-1.08298 996.024
  -1.27536    3.04286    2.45502 
  -33.6197    32.0457    8.67076 
  -3.01694    46.9119    9.65863 
-1.02729 1158.51
  -1.39265    3.24539    2.50581 
  -28.7947     39.718    13.0222 
   3.29506    39.0913    12.0442 
-0.910367 1031.1
  -1.49795    3.40066    2.57853 
  -20.3089    40.1032    14.5509 
  -9.17572    20.1367    5.24982 
-0.744887 609.12
  -1.58574    3.57434    2.70187 
  -11.2987    -19.781   -7.15347 
   3.29744   -2.26353    10.5928 
-1.57155 834.837
  -1.67597    3.68116    2.81429 
  -2.29592   -34.2075   -20.2589 
   23.2662   -44.1629   -5.14765 
-1.09112 980.88
   -1.8239    3.76839    2.93751 
   17.4039   -30.6011   -17.2218 
  -4.05753   -43.5394   -22.1933 
-0.907383 652.711
  -1.98706    3.84361    3.02764 
    18.463    -33.345   -18.3612 
   36.5269   -34.4453   -29.8541 
-0.712428 459.604
  -2.11799     3.8884    3.07942 
    40.371   -33.9675   -9.98684 
   24.1145   -30.5062   -30.1535 
-0.705275 682.947
  -2.21826    3.93197    3.16241 
   36.2122   -29.8389   -5.75092 
    21.784   -26.1135   -18.2433 
-0.586616 378.113
  -2.30323    3.96819    3.26385 
   35.1284   -31.1634   0.579787 
   30.5913   -26.9837   -9.45715 
-0.355731 138.796
  -2.33851    3.99728    3.39958 
   37.9799   -23.5157    3.04507 
    30.135   -26.5454    8.10346 
-0.309362 96.3075
  -2.35656    4.01519    3.52501 
   34.1682    -21.018    11.3905 
   32.8399   -27.1279    3.98188 
-0.326232 93.9828
  -2.37117     4.0483     3.6679 
   32.9798   -16.7127     7.4595 
   30.1625    -25.996   -6.77871 
-0.632597 296.844
  -2.36444    4.14049    3.78367 
   36.5642   -19.1809   0.888655 
   34.0074   -15.5743    8.14356 
-0.28655 72.1789
  -2.36553    4.24773    3.91719 
   36.6974   -10.1261  -0.390905 
   38.1622   -10.8389  -0.855495 
-0.061244 2.8696
  -2.33081    4.33423    4.04594 
   36.0395   -6.21202   -9.79051 
   43.0919    -8.7965   -1.35427 
-0.413387 127.585
   -2.3704    4.43761    4.12698 
      42.8   -2.18925   -6.95162 
   42.0633   -3.58632    5.90671 
-0.418976 167.831
  -2.41589    4.48387    4.20088 
   42.6031  -0.271933   -8.90267 
   41.3352   -3.30828   -1.92101 
-0.248812 59.5703
  -2.42721    4.52524    4.26498 
   44.0313    1.55712    -11.369 
   39.9613    -2.1328   -2.15907 
-0.332899 115.003
  -2.43185    4.53939    4.32258 