   -0.3969     1.9894     2.4523   -13.5937    16.6265    6.19933 
 -0.347885    1.94545    2.44842   -15.4451    14.5895    5.73065 
 -0.320334    1.92917    2.46977   -12.9886    20.6204     11.519 
 -0.286308    1.88671    2.47117   -12.8052    14.3044    1.07489 
 -0.305609    1.84367     2.4536   -11.8465    8.34486   -3.24944 
 -0.269855    1.80963    2.43228   -11.0563    8.54762    2.22472 
 -0.167071     1.7602    2.46201   -8.41146    9.10245   -3.48826 
  -0.08629    1.70675    2.48025    -1.7448    5.26054    4.02576 
-0.00597409    1.67338     2.4795    1.26059    6.69851   -1.18269 
 0.0564459    1.61782     2.4904    3.34347    5.64515   -4.21865 
 0.0615345    1.59828    2.51013    3.27534   -1.17027   -4.06769 
 0.0499632    1.60335    2.52045   -1.27882   0.641673   -6.11824 
 0.0439178    1.56314    2.53131    1.03434   -1.66081  -0.408412 
 0.0743529    1.47831    2.53256   -4.76585   -15.3701   -7.04093 
  0.104225    1.40758    2.50429   -8.98994   -17.2644    -7.7687 
  0.138351    1.38686    2.48175   -8.49998   -20.3635    1.76278 
  0.136446    1.37331    2.42337   -8.10857   -24.7446   -1.08279 
  0.111574    1.37982    2.37364   -9.95953   -29.4634     1.7594 
 0.0775346    1.37155    2.39857   -8.25923   -28.8962   -4.49762 
-0.0133054    1.40307    2.35994   -13.6107   -30.6183   -1.61502 
 -0.111026    1.42432    2.32731   -26.4835   -39.5586   -2.80612 
  -0.23623     1.4547    2.27531   -20.7782   -41.1292   -3.31837 
 -0.324133     1.5101    2.28788    -28.484   -37.1005  -0.441639 
 -0.441412    1.57735     2.3551   -35.7911   -31.8177 0.00342496 
 -0.517917    1.66479    2.37104    -33.945   -24.2704   -18.3662 
 -0.679316    1.79285    2.35424   -36.7727   -15.2708   -2.15562 
 -0.811084     1.9465    2.35568   -37.8011    1.75362    1.18328 
 -0.910792    2.15987    2.34837   -34.2918    15.2705    6.72983 
  -1.02154    2.36718     2.3787   -35.6584     21.654    5.20036 
  -1.12438    2.58274    2.39321   -30.1766    21.1321    -1.5535 
  -1.19517    2.82355     2.4048   -32.1572    23.3976    9.00159 
  -1.27536    3.04286    2.45502   -33.6197    32.0457    8.67076 
  -1.39265    3.24539    2.50581   -28.7947     39.718    13.0222 
  -1.49795    3.40066    2.57853   -20.3089    40.1032    14.5509 
  -1.58574    3.57434    2.70187   -11.2987    -19.781   -7.15347 
  -1.67597    3.68116    2.81429   -2.29592   -34.2075   -20.2589 
   -1.8239    3.76839    2.93751    17.4039   -30.6011   -17.2218 
  -1.98706    3.84361    3.02764     18.463    -33.345   -18.3612 
  -2.11799     3.8884    3.07942     40.371   -33.9675   -9.98684 
  -2.21826    3.93197    3.16241    36.2122   -29.8389   -5.75092 
  -2.30323    3.96819    3.26385    35.1284   -31.1634   0.579787 
  -2.33851    3.99728    3.39958    37.9799   -23.5157    3.04507 
  -2.35656    4.01519    3.52501    34.1682    -21.018    11.3905 
  -2.37117     4.0483     3.6679    32.9798   -16.7127     7.4595 
  -2.36444    4.14049    3.78367    36.5642   -19.1809   0.888655 
  -2.36553    4.24773    3.91719    36.6974   -10.1261  -0.390905 
  -2.33081    4.33423    4.04594    36.0395   -6.21202   -9.79051 
   -2.3704    4.43761    4.12698       42.8   -2.18925   -6.95162 
  -2.41589    4.48387    4.20088    42.6031  -0.271933   -8.90267 
  -2.42721    4.52524    4.26498    44.0313    1.55712    -11.369 
