    1.0366
   -2.1851
   -2.2651
   -2.3530
    2.4253
   -2.1099
    1.0758
   -2.5114
    1.0894
   -2.4012
    2.7026
    2.0358
   -2.4878
    0.8729
   -1.9063
    0.4346
    2.6629
   -0.4114
   -0.1206
   -2.7493
    0.0267
    0.0500
    2.7408
   -2.6088
    2.6125
    0.4695
   -3.0578
    2.7677
    3.0932
   -0.4250
    1.0367
   -2.1750
   -2.2382
   -2.3660
    2.4369
   -2.0967
    1.0911
   -2.5263
    1.0663
   -2.3961
    2.7050
    2.0358
   -2.4918
    0.8642
   -1.9056
    0.4100
    2.6292
   -0.4065
   -0.1323
   -2.7613
    0.0138
    0.0453
    2.7481
   -2.5995
    2.6097
    0.4612
   -3.0622
    2.7515
    3.0961
   -0.4443
    1.0335
   -2.1691
   -2.2201
   -2.3832
    2.4434
   -2.0853
    1.0981
   -2.5375
    1.0446
   -2.3857
    2.7015
    2.0308
   -2.4999
    0.8532
   -1.8964
    0.3962
    2.5917
   -0.3886
   -0.1406
   -2.7755
    0.0105
    0.0474
    2.7518
   -2.5920
    2.6079
    0.4599
   -3.0617
    2.7304
    3.0945
   -0.4689
    1.0273
   -2.1670
   -2.2093
   -2.4039
    2.4433
   -2.0735
    1.0946
   -2.5455
    1.0230
   -2.3727
    2.6931
    2.0236
   -2.5101
    0.8445
   -1.8820
    0.3924
    2.5529
   -0.3593
   -0.1435
   -2.7909
    0.0150
    0.0563
    2.7522
   -2.5882
    2.6078
    0.4621
   -3.0563
    2.7050
    3.0885
   -0.4940
    1.0184
   -2.1667
   -2.2033
   -2.4266
    2.4365
   -2.0597
    1.0800
   -2.5509
    0.9997
   -2.3599
    2.6813
    2.0163
   -2.5204
    0.8425
   -1.8666
    0.3969
    2.5143
   -0.3226
   -0.1403
   -2.8061
    0.0247
    0.0715
    2.7508
   -2.5883
    2.6106
    0.4647
   -3.0463
    2.6755
    3.0788
   -0.5137
    1.0069
   -2.1659
   -2.1997
   -2.4490
    2.4242
   -2.0431
    1.0551
   -2.5544
    0.9740
   -2.3502
    2.6682
    2.0106
   -2.5293
    0.8498
   -1.8541
    0.4080
    2.4766
   -0.2838
   -0.1309
   -2.8200
    0.0369
    0.0919
    2.7501
   -2.5914
    2.6162
    0.4657
   -3.0322
    2.6425
    3.0663
   -0.5227
    0.9922
   -2.1629
   -2.1971
   -2.4689
    2.4083
   -2.0249
    1.0220
   -2.5561
    0.9463
   -2.3455
    2.6556
    2.0069
   -2.5364
    0.8654
   -1.8473
    0.4250
    2.4404
   -0.2492
   -0.1168
   -2.8316
    0.0501
    0.1157
    2.7524
   -2.5950
    2.6241
    0.4643
   -3.0146
    2.6072
    3.0518
   -0.5181
    0.9738
   -2.1584
   -2.1951
   -2.4848
    2.3911
   -2.0078
    0.9835
   -2.5554
    0.9177
   -2.3463
    2.6453
    2.0052
   -2.5425
    0.8851
   -1.8472
    0.4479
    2.4078
   -0.2235
   -0.1001
   -2.8406
    0.0635
    0.1405
    2.7593
   -2.5966
    2.6327
    0.4597
   -2.9943
    2.5726
    3.0353
   -0.4995
    0.9517
   -2.1555
   -2.1944
   -2.4960
    2.3747
   -1.9948
    0.9441
   -2.5509
    0.8886
   -2.3521
    2.6386
    2.0043
   -2.5497
    0.9035
   -1.8528
    0.4763
    2.3825
   -0.2092
   -0.0832
   -2.8471
    0.0773
    0.1634
    2.7708
   -2.5939
    2.6398
    0.4511
   -2.9727
    2.5422
    3.0168
   -0.4693
    0.9274
   -2.1583
   -2.1962
   -2.5019
    2.3601
   -1.9881
    0.9096
   -2.5413
    0.8578
   -2.3610
    2.6356
    2.0024
   -2.5600
    0.9160
   -1.8616
    0.5089
    2.3693
   -0.2059
   -0.0680
   -2.8521
    0.0916
    0.1806
    2.7857
   -2.5854
    2.6434
    0.4381
   -2.9516
    2.5190
    2.9964
   -0.4326
    0.9039
   -2.1692
   -2.2012
   -2.5021
    2.3476
   -1.9882
    0.8862
   -2.5262
    0.8239
   -2.3708
    2.6361
    1.9979
   -2.5741
    0.9210
   -1.8705
    0.5426
    2.3710
   -0.2117
   -0.0559
   -2.8571
    0.1070
    0.1877
    2.8025
   -2.5710
    2.6422
    0.4214
   -2.9326
    2.5041
    2.9747
   -0.3962
    0.8841
   -2.1870
   -2.2081
   -2.4957
    2.3372
   -1.9941
    0.8783
   -2.5062
    0.7865
   -2.3797
    2.6391
    1.9909
   -2.5914
    0.9193
   -1.8768
    0.5738
    2.3871
   -0.2241
   -0.0475
   -2.8635
    0.1239
    0.1813
    2.8199
   -2.5517
    2.6361
    0.4027
   -2.9173
    2.4964
    2.9529
   -0.3660
    0.8698
   -2.2074
   -2.2140
   -2.4826
    2.3290
   -2.0038
    0.8874
   -2.4831
    0.7473
   -2.3876
    2.6445
    1.9828
   -2.6098
    0.9135
   -1.8795
    0.5990
    2.4139
   -0.2416
   -0.0421
   -2.8721
    0.1422
    0.1598
    2.8369
   -2.5303
    2.6261
    0.3839
   -2.9066
    2.4932
    2.9325
   -0.3460
    0.8614
   -2.2253
   -2.2149
   -2.4634
    2.3240
   -2.0142
    0.9111
   -2.4596
    0.7107
   -2.3960
    2.6522
    1.9758
   -2.6271
    0.9068
   -1.8793
    0.6159
    2.4461
   -0.2632
   -0.0388
   -2.8827
    0.1612
    0.1247
    2.8526
   -2.5104
    2.6138
    0.3671
   -2.9008
    2.4915
    2.9162
   -0.3370
    0.8582
   -2.2360
   -2.2075
   -2.4401
    2.3237
   -2.0227
    0.9452
   -2.4391
    0.6828
   -2.4070
    2.6629
    1.9705
   -2.6412
    0.9020
   -1.8780
    0.6240
    2.4782
   -0.2882
   -0.0365
   -2.8946
    0.1796
    0.0808
    2.8660
   -2.4957
    2.6007
    0.3537
   -2.8991
    2.4893
    2.9062
   -0.3374
    0.8587
   -2.2367
   -2.1900
   -2.4146
    2.3301
   -2.0283
    0.9847
   -2.4249
    0.6678
   -2.4222
    2.6772
    1.9661
   -2.6510
    0.9014
   -1.8771
    0.6240
    2.5056
   -0.3159
   -0.0349
   -2.9064
    0.1961
    0.0342
    2.8769
   -2.4880
    2.5878
    0.3446
   -2.9001
    2.4856
    2.9032
   -0.3445
    0.8602
   -2.2251
   -2.1627
   -2.3897
    2.3439
   -2.0318
    1.0238
   -2.4199
    0.6683
   -2.4413
    2.6942
    1.9609
   -2.6565
    0.9066
   -1.8770
    0.6171
    2.5234
   -0.3444
   -0.0342
   -2.9164
    0.2086
   -0.0065
    2.8851
   -2.4875
    2.5763
    0.3411
   -2.9021
    2.4808
    2.9059
   -0.3559
    0.8592
   -2.2003
   -2.1285
   -2.3670
    2.3637
   -2.0356
    1.0581
   -2.4243
    0.6831
   -2.4622
    2.7121
    1.9533
   -2.6586
    0.9171
   -1.8774
    0.6053
    2.5291
   -0.3718
   -0.0351
   -2.9232
    0.2150
   -0.0357
    2.8910
   -2.4927
    2.5673
    0.3436
   -2.9040
    2.4765
    2.9121
   -0.3701
    0.8529
   -2.1637
   -2.0926
   -2.3472
    2.3863
   -2.0418
    1.0845
   -2.4362
    0.7093
   -2.4824
    2.7291
    1.9426
   -2.6591
    0.9303
   -1.8773
    0.5906
    2.5215
   -0.3949
   -0.0382
   -2.9261
    0.2141
   -0.0513
    2.8952
   -2.5016
    2.5607
    0.3515
   -2.9055
    2.4745
    2.9203
   -0.3863
    0.8399
   -2.1187
   -2.0614
   -2.3306
    2.4077
   -2.0508
    1.1021
   -2.4518
    0.7434
   -2.4997
    2.7444
    1.9291
   -2.6601
    0.9418
   -1.8765
    0.5739
    2.5019
   -0.4096
   -0.0439
   -2.9247
    0.2054
   -0.0541
    2.8975
   -2.5123
    2.5556
    0.3627
   -2.9073
    2.4767
    2.9299
   -0.4036
    0.8213
   -2.0704
   -2.0397
   -2.3170
    2.4245
   -2.0614
    1.1121
   -2.4671
    0.7817
   -2.5127
    2.7581
    1.9148
   -2.6627
    0.9474
   -1.8756
    0.5557
    2.4729
   -0.4121
   -0.0530
   -2.9192
    0.1902
   -0.0470
    2.8970
   -2.5235
    2.5505
    0.3739
   -2.9108
    2.4839
    2.9411
   -0.4215
    0.7996
   -2.0233
   -2.0292
   -2.3072
    2.4347
   -2.0715
    1.1170
   -2.4790
    0.8197
   -2.5210
    2.7710
    1.9026
   -2.6669
    0.9437
   -1.8759
    0.5356
    2.4386
   -0.4000
   -0.0650
   -2.9103
    0.1708
   -0.0327
    2.8925
   -2.5342
    2.5442
    0.3818
   -2.9170
    2.4957
    2.9548
   -0.4385
    0.7782
   -1.9802
   -2.0275
   -2.3028
    2.4378
   -2.0788
    1.1194
   -2.4857
    0.8525
   -2.5251
    2.7839
    1.8957
   -2.6721
    0.9285
   -1.8792
    0.5130
    2.4035
   -0.3729
   -0.0785
   -2.8988
    0.1493
   -0.0137
    2.8838
   -2.5437
    2.5364
    0.3840
   -2.9260
    2.5110
    2.9719
   -0.4529
    0.7599
   -1.9415
   -2.0307
   -2.3065
    2.4341
   -2.0810
    1.1205
   -2.4870
    0.8747
   -2.5258
    2.7970
    1.8962
   -2.6777
    0.9024
   -1.8859
    0.4877
    2.3717
   -0.3331
   -0.0907
   -2.8858
    0.1273
    0.0087
    2.8723
   -2.5517
    2.5280
    0.3792
   -2.9369
    2.5279
    2.9923
   -0.4629
    0.7468
   -1.9069
   -2.0350
   -2.3198
    2.4255
   -2.0767
    1.1199
   -2.4845
    0.8830
   -2.5249
    2.8105
    1.9035
   -2.6844
    0.8696
   -1.8951
    0.4605
    2.3464
   -0.2853
   -0.0990
   -2.8728
    0.1059
    0.0339
    2.8607
   -2.5582
    2.5202
    0.3669
   -2.9482
    2.5444
    3.0138
   -0.4672
    0.7383
   -1.8777
   -2.0379
   -2.3428
    2.4148
   -2.0651
    1.1158
   -2.4808
    0.8777
   -2.5238
    2.8246
    1.9140
   -2.6937
    0.8370
   -1.9048
    0.4342
    2.3295
   -0.2357
   -0.1017
   -2.8616
    0.0874
    0.0615
    2.8522
   -2.5637
    2.5140
    0.3482
   -2.9575
    2.5588
    3.0321
   -0.4652
    0.7321
   -1.8573
   -2.0385
   -2.3731
    2.4053
   -2.0474
    1.1060
   -2.4775
    0.8630
   -2.5230
    2.8383
    1.9225
   -2.7071
    0.8124
   -1.9122
    0.4134
    2.3225
   -0.1906
   -0.0987
   -2.8543
    0.0752
    0.0904
    2.8485
   -2.5687
    2.5095
    0.3263
   -2.9622
    2.5690
    3.0425
   -0.4566
    0.7245
   -1.8498
   -2.0382
   -2.4075
    2.3996
   -2.0263
    1.0889
   -2.4744
    0.8442
   -2.5218
    2.8501
    1.9248
   -2.7251
    0.8005
   -1.9150
    0.4026
    2.3263
   -0.1536
   -0.0915
   -2.8525
    0.0733
    0.1183
    2.8500
   -2.5735
    2.5058
    0.3061
   -2.9604
    2.5730
    3.0419
   -0.4416
    0.7127
   -1.8577
   -2.0394
   -2.4430
    2.3977
   -2.0055
    1.0643
   -2.4693
    0.8257
   -2.5183
    2.8576
    1.9195
   -2.7466
    0.8018
   -1.9110
    0.4045
    2.3412
   -0.1260
   -0.0821
   -2.8570
    0.0847
    0.1420
    2.8558
   -2.5781
    2.5024
    0.2931
   -2.9528
    2.5697
    3.0295
   -0.4219
    0.6958
   -1.8801
   -2.0451
   -2.4778
    2.3977
   -1.9888
    1.0337
   -2.4603
    0.8096
   -2.5109
    2.8594
    1.9079
   -2.7687
    0.8131
   -1.8989
    0.4193
    2.3663
   -0.1071
   -0.0721
   -2.8676
    0.1096
    0.1590
    2.8649
   -2.5823
    2.4989
    0.2903
   -2.9423
    2.5592
    3.0066
   -0.4007
    0.6753
   -1.9132
   -2.0571
   -2.5111
    2.3963
   -1.9780
    1.0004
   -2.4470
    0.7968
   -2.4991
    2.8563
    1.8929
   -2.7877
    0.8302
   -1.8779
    0.4451
    2.3982
   -0.0957
   -0.0621
   -2.8830
    0.1450
    0.1682
    2.8768
   -2.5864
    2.4954
    0.2976
   -2.9330
    2.5422
    2.9754
   -0.3826
    0.6538
   -1.9515
   -2.0751
   -2.5424
    2.3916
   -1.9735
    0.9676
   -2.4309
    0.7871
   -2.4842
    2.8507
    1.8777
   -2.8001
    0.8487
   -1.8487
    0.4784
    2.4318
   -0.0909
   -0.0515
   -2.9021
    0.1870
    0.1697
    2.8910
   -2.5914
    2.4920
    0.3116
   -2.9282
    2.5197
    2.9395
   -0.3718
    0.6354
   -1.9901
   -2.0966
   -2.5712
    2.3836
   -1.9739
    0.9375
   -2.4154
    0.7803
   -2.4689
    2.8461
    1.8645
   -2.8035
    0.8661
   -1.8143
    0.5141
    2.4619
   -0.0928
   -0.0393
   -2.9234
    0.2317
    0.1640
    2.9072
   -2.5987
    2.4891
    0.3282
   -2.9294
    2.4925
    2.9037
   -0.3696
    0.6255
   -2.0258
   -2.1181
   -2.5958
    2.3744
   -1.9770
    0.9106
   -2.4048
    0.7756
   -2.4563
    2.8458
    1.8548
   -2.7973
    0.8822
   -1.7798
    0.5470
    2.4850
   -0.1028
   -0.0259
   -2.9456
    0.2765
    0.1523
    2.9250
   -2.6092
    2.4871
    0.3439
   -2.9362
    2.4616
    2.8723
   -0.3737
    0.6294
   -2.0570
   -2.1360
   -2.6137
    2.3673
   -1.9805
    0.8868
   -2.4029
    0.7726
   -2.4489
    2.8522
    1.8489
   -2.7830
    0.8997
   -1.7504
    0.5721
    2.5002
   -0.1223
   -0.0137
   -2.9670
    0.3196
    0.1364
    2.9436
   -2.6227
    2.4862
    0.3563
   -2.9472
    2.4285
    2.8474
   -0.3801
    0.6503
   -2.0824
   -2.1468
   -2.6217
    2.3654
   -1.9825
    0.8666
   -2.4114
    0.7719
   -2.4473
    2.8651
    1.8463
   -2.7640
    0.9227
   -1.7305
    0.5862
    2.5081
   -0.1505
   -0.0080
   -2.9848
    0.3581
    0.1195
    2.9611
   -2.6379
    2.4862
    0.3636
   -2.9594
    2.3969
    2.8286
   -0.3848
    0.6857
   -2.1043
   -2.1502
   -2.6193
    2.3701
   -1.9828
    0.8497
   -2.4292
    0.7757
   -2.4505
    2.8828
    1.8453
   -2.7435
    0.9558
   -1.7191
    0.5915
    2.5116
   -0.1850
   -0.0125
   -2.9977
    0.3926
    0.1033
    2.9768
   -2.6541
    2.4863
    0.3656
   -2.9702
    2.3685
    2.8119
   -0.3863
    0.7277
   -2.1247
   -2.1462
   -2.6073
    2.3809
   -1.9822
    0.8376
   -2.4541
    0.7872
   -2.4562
    2.9019
    1.8445
   -2.7249
    1.0003
   -1.7148
    0.5918
    2.5129
   -0.2210
   -0.0291
   -3.0034
    0.4216
    0.0896
    2.9894
   -2.6702
    2.4853
    0.3630
   -2.9773
    2.3456
    2.7952
   -0.3847
    0.7659
   -2.1462
   -2.1359
   -2.5881
    2.3966
   -1.9815
    0.8316
   -2.4829
    0.8090
   -2.4620
    2.9186
    1.8432
   -2.7106
    1.0540
   -1.7158
    0.5908
    2.5135
   -0.2534
   -0.0558
   -3.0008
    0.4439
    0.0794
    2.9976
   -2.6858
    2.4825
    0.3578
   -2.9796
    2.3297
    2.7785
   -0.3810
    0.7921
   -2.1707
   -2.1212
   -2.5646
    2.4153
   -1.9813
    0.8318
   -2.5130
    0.8408
   -2.4657
    2.9299
    1.8415
   -2.7011
    1.1114
   -1.7213
    0.5901
    2.5136
   -0.2791
   -0.0883
   -2.9894
    0.4580
    0.0737
    3.0001
   -2.7000
    2.4776
    0.3521
   -2.9779
    2.3207
    2.7643
   -0.3766
    0.8033
   -2.1978
   -2.1043
   -2.5403
    2.4360
   -1.9814
    0.8373
   -2.5424
    0.8797
   -2.4661
    2.9342
    1.8403
   -2.6956
    1.1647
   -1.7310
    0.5894
    2.5123
   -0.2972
   -0.1207
   -2.9696
    0.4621
    0.0743
    2.9963
   -2.7120
    2.4713
    0.3470
   -2.9733
    2.3168
    2.7574
   -0.3731
    0.8010
   -2.2249
   -2.0871
   -2.5180
    2.4581
   -1.9805
    0.8458
   -2.5706
    0.9208
   -2.4627
    2.9312
    1.8401
   -2.6928
    1.2061
   -1.7442
    0.5883
    2.5080
   -0.3084
   -0.1478
   -2.9424
    0.4541
    0.0833
    2.9864
   -2.7208
    2.4652
    0.3419
   -2.9667
    2.3152
    2.7622
   -0.3720
    0.7897
   -2.2474
   -2.0708
   -2.5001
    2.4814
   -1.9780
    0.8554
   -2.5975
    0.9581
   -2.4564
    2.9215
    1.8413
   -2.6919
    1.2297
   -1.7593
    0.5863
    2.4986
   -0.3134
   -0.1653
   -2.9087
    0.4322
    0.1031
    2.9722
   -2.7265
    2.4617
    0.3351
   -2.9573
    2.3137
    2.7809
   -0.3757
    0.7758
   -2.2613
   -2.0555
   -2.4884
    2.5063
   -1.9754
    0.8649
   -2.6238
    0.9865
   -2.4482
    2.9061
    1.8434
   -2.6939
    1.2339
   -1.7737
    0.5821
    2.4822
   -0.3122
   -0.1709
   -2.8704
    0.3970
    0.1349
    2.9558
   -2.7303
    2.4634
    0.3253
   -2.9436
    2.3110
    2.8114
   -0.3862
    0.7662
   -2.2648
   -2.0412
   -2.4845
    2.5332
   -1.9759
    0.8742
   -2.6508
    1.0018
   -2.4390
    2.8860
    1.8460
   -2.7008
    1.2216
   -1.7852
    0.5732
    2.4587
   -0.3044
   -0.1648
   -2.8298
    0.3532
    0.1779
    2.9397
   -2.7339
    2.4718
    0.3130
   -2.9239
    2.3070
    2.8479
   -0.4043
    0.7665
   -2.2586
   -2.0277
   -2.4887
    2.5629
   -1.9826
    0.8849
   -2.6804
    1.0029
   -2.4286
    2.8618
    1.8480
   -2.7153
    1.1991
   -1.7926
    0.5575
    2.4291
   -0.2894
   -0.1514
   -2.7894
    0.3071
    0.2285
    2.9256
   -2.7387
    2.4863
    0.3004
   -2.8971
    2.3026
    2.8844
   -0.4292
    0.7795
   -2.2456
   -2.0164
   -2.4997
    2.5936
   -1.9956
    0.8981
   -2.7121
    0.9913
   -2.4170
    2.8347
    1.8488
   -2.7384
    1.1754
   -1.7949
    0.5349
    2.3972
   -0.2675
   -0.1384
   -2.7538
    0.2676
    0.2780
    2.9153
   -2.7448
    2.5043
    0.2914
   -2.8650
    2.2985
    2.9143
   -0.4569
    0.8031
   -2.2301
   -2.0089
   -2.5142
    2.6227
   -2.0114
    0.9143
   -2.7434
    0.9723
   -2.4038
    2.8054
    1.8479
   -2.7687
    1.1587
   -1.7926
    0.5079
    2.3674
   -0.2395
   -0.1340
   -2.7258
    0.2408
    0.3177
    2.9096
   -2.7522
    2.5235
    0.2889
   -2.8312
    2.2949
    2.9339
   -0.4819
    0.8310
   -2.2165
   -2.0075
   -2.5288
    2.6469
   -2.0262
    0.9328
   -2.7708
    0.9539
   -2.3889
    2.7746
    1.8459
   -2.8026
    1.1543
   -1.7862
    0.4812
    2.3442
   -0.2069
   -0.1427
   -2.7061
    0.2299
    0.3414
    2.9094
   -2.7611
    2.5426
    0.2944
   -2.8006
    2.2914
    2.9416
   -0.4982
    0.8552
   -2.2085
   -2.0135
   -2.5420
    2.6637
   -2.0373
    0.9521
   -2.7914
    0.9441
   -2.3731
    2.7435
    1.8437
   -2.8349
    1.1630
   -1.7770
    0.4597
    2.3314
   -0.1719
   -0.1640
   -2.6936
    0.2340
    0.3474
    2.9149
   -2.7723
    2.5609
    0.3073
   -2.7772
    2.2875
    2.9382
   -0.5009
    0.8696
   -2.2074
   -2.0263
   -2.5547
    2.6718
   -2.0430
    0.9703
   -2.8047
    0.9488
   -2.3575
    2.7143
    1.8423
   -2.8606
    1.1807
   -1.7671
    0.4470
    2.3296
   -0.1381
   -0.1923
   -2.6871
    0.2494
    0.3387
    2.9257
   -2.7871
    2.5780
    0.3259
   -2.7636
    2.2833
    2.9263
   -0.4878
    0.8717
   -2.2116
   -2.0431
   -2.5680
    2.6709
   -2.0422
    0.9850
   -2.8127
    0.9690
   -2.3441
    2.6903
    1.8424
   -2.8759
    1.2003
   -1.7594
    0.4446
    2.3358
   -0.1105
   -0.2203
   -2.6855
    0.2704
    0.3210
    2.9401
   -2.8063
    2.5931
    0.3464
   -2.7605
    2.2796
    2.9092
   -0.4591
    0.8622
   -2.2174
   -2.0602
   -2.5822
    2.6621
   -2.0339
    0.9930
   -2.8190
    1.0004
   -2.3350
    2.6754
    1.8438
   -2.8790
    1.2155
   -1.7562
    0.4519
    2.3448
   -0.0939
   -0.2409
   -2.6887
    0.2915
    0.3008
    2.9554
   -2.8292
    2.6057
    0.3638
   -2.7674
    2.2777
    2.8895
   -0.4178
    0.8450
   -2.2212
   -2.0747
   -2.5957
    2.6472
   -2.0176
    0.9916
   -2.8274
    1.0353
   -2.3312
    2.6733
    1.8457
   -2.8702
    1.2222
   -1.7577
    0.4660
    2.3526
   -0.0911
   -0.2485
   -2.6966
    0.3082
    0.2838
    2.9689
   -2.8546
    2.6164
    0.3721
   -2.7831
    2.2788
    2.8684
   -0.3690
    0.8264
   -2.2219
   -2.0851
   -2.6058
    2.6290
   -1.9951
    0.9792
   -2.8406
    1.0664
   -2.3320
    2.6849
    1.8465
   -2.8515
    1.2194
   -1.7619
    0.4818
    2.3579
   -0.1019
   -0.2409
   -2.7093
    0.3197
    0.2741
    2.9788
   -2.8816
    2.6261
    0.3667
   -2.8056
    2.2844
    2.8460
   -0.3191
    0.8127
   -2.2208
   -2.0912
   -2.6103
    2.6110
   -1.9705
    0.9561
   -2.8590
    1.0893
   -2.3348
    2.7075
    1.8454
   -2.8254
    1.2076
   -1.7655
    0.4938
    2.3617
   -0.1224
   -0.2194
   -2.7263
    0.3290
    0.2733
    2.9842
   -2.9091
    2.6352
    0.3462
   -2.8330
    2.2954
    2.8232
   -0.2743
    0.8076
   -2.2208
   -2.0940
   -2.6084
    2.5962
   -1.9477
    0.9249
   -2.8812
    1.1040
   -2.3362
    2.7358
    1.8427
   -2.7942
    1.1884
   -1.7664
    0.4981
    2.3658
   -0.1469
   -0.1892
   -2.7466
    0.3411
    0.2804
    2.9844
   -2.9359
    2.6430
    0.3138
   -2.8636
    2.3119
    2.8009
   -0.2385
    0.8105
   -2.2245
   -2.0947
   -2.6005
    2.5862
   -1.9286
    0.8901
   -2.9053
    1.1117
   -2.3334
    2.7632
    1.8392
   -2.7594
    1.1636
   -1.7639
    0.4944
    2.3712
   -0.1701
   -0.1576
   -2.7684
    0.3594
    0.2927
    2.9786
   -2.9593
    2.6486
    0.2766
   -2.8960
    2.3325
    2.7812
   -0.2139
    0.8173
   -2.2332
   -2.0942
   -2.5877
    2.5814
   -1.9133
    0.8574
   -2.9296
    1.1139
   -2.3255
    2.7847
    1.8356
   -2.7211
    1.1337
   -1.7588
    0.4859
    2.3779
   -0.1887
   -0.1311
   -2.7892
    0.3836
    0.3067
    2.9664
   -2.9758
    2.6514
    0.2432
   -2.9294
    2.3546
    2.7675
   -0.2013
    0.8224
   -2.2470
   -2.0930
   -2.5714
    2.5805
   -1.9006
    0.8310
   -2.9536
    1.1129
   -2.3127
    2.7973
    1.8311
   -2.6791
    1.0983
   -1.7528
    0.4779
    2.3855
   -0.2021
   -0.1143
   -2.8066
    0.4107
    0.3201
    2.9479
   -2.9825
    2.6525
    0.2213
   -2.9632
    2.3756
    2.7645
   -0.2003
    0.8218
   -2.2646
   -2.0912
   -2.5533
    2.5823
   -1.8899
    0.8119
   -2.9778
    1.1121
   -2.2967
    2.7998
    1.8247
   -2.6335
    1.0560
   -1.7478
    0.4757
    2.3939
   -0.2121
   -0.1090
   -2.8183
    0.4374
    0.3332
    2.9243
   -2.9788
    2.6534
    0.2151
   -2.9965
    2.3928
    2.7764
   -0.2099
    0.8142
   -2.2840
   -2.0887
   -2.5355
    2.5863
   -1.8813
    0.7973
   -3.0031
    1.1159
   -2.2796
    2.7931
    1.8157
   -2.5862
    1.0070
   -1.7449
    0.4822
    2.4027
   -0.2214
   -0.1151
   -2.8232
    0.4618
    0.3485
    2.8975
   -2.9666
    2.6558
    0.2250
   -3.0282
    2.4052
    2.8044
   -0.2299
    0.8011
   -2.3024
   -2.0855
   -2.5197
    2.5932
   -1.8755
    0.7825
   -3.0302
    1.1277
   -2.2637
    2.7793
    1.8046
   -2.5415
    0.9543
   -1.7444
    0.4971
    2.4109
   -0.2322
   -0.1306
   -2.8204
    0.4824
    0.3697
    2.8692
   -2.9496
    2.6612
    0.2479
   -3.0558
    2.4133
    2.8450
   -0.2600
    0.7853
   -2.3175
   -2.0825
   -2.5068
    2.6041
   -1.8740
    0.7639
   -3.0592
    1.1477
   -2.2508
    2.7610
    1.7923
   -2.5050
    0.9034
   -1.7462
    0.5183
    2.4182
   -0.2449
   -0.1538
   -2.8096
    0.4977
    0.3986
    2.8422
   -2.9315
    2.6706
    0.2790
   -3.0767
    2.4189
    2.8919
   -0.3000
