
  -5.81835   0.168012   0.244137 
   3.38511   -1.52983    -11.045 
-1.75866 215.031
-0.0278019    1.54178    2.61493 
  -1.34816   -7.39398   -8.32579 
   1.76164   -5.33573   -10.5951 
-0.415588 19.0572
0.00866143    1.51728    2.60524 
  -3.28655   -5.64794   -1.92252 
   2.65472   -6.25456   -10.6126 
-1.27646 111.184
 0.0225111    1.40878     2.5518 
  -7.21121   -25.7161   -7.88754 
  -2.38567   -19.3403   -6.70344 
-0.385514 65.3381
  0.003779    1.29573    2.55852 
  -16.8979   -39.0507   -16.9423 
  -9.42362   -33.5964   -4.93327 
-0.470168 229.831
 0.0251911    1.18595    2.51909 
  -25.9307    -57.276   -25.3723 
  -16.1457   -46.4967  -0.841082 
-0.627307 813.72
 0.0423449    1.14416    2.49374 
  -28.1257   -58.0578   -13.7267 
  -22.2677   -47.9814    2.10361 
-0.442915 386.448
 0.0381612    1.07155    2.50291 
  -28.7056   -69.3022   -16.4025 
  -25.3806   -68.8576   -9.08705 
-0.158596 64.7686
 0.0403422    1.06959    2.54463 
  -23.9911   -68.4542   -23.7567 
  -22.2628   -61.0155   -12.2215 
-0.27406 191.382
 0.0030541    1.05637    2.56965 
  -29.4986   -73.7811    -31.701 
   -28.221   -63.0578   -13.9935 
-0.371515 430.176
0.00973617    1.05326    2.57168 
  -31.2944   -71.4265   -31.8697 
  -27.4647   -63.7961   -14.7493 
-0.347378 365.995
0.00600511    1.07051    2.65054 
  -27.7369   -68.0792   -31.0314 
  -28.9864   -61.8956   -36.6379 
-0.160771 71.2306
-0.0364635    1.01639    2.73765 
  -29.5143   -70.9826   -22.9402 
  -28.9427   -68.9122   -26.5893 
-0.0802776 17.9292
 -0.118531    1.02515    2.79696 
  -42.9743   -77.1168   -23.2002 
   -34.375   -70.3755   -20.9924 
-0.188552 124.267
 -0.182426    1.05381    2.85672 
  -46.7847   -74.3353   -25.6909 
  -36.9112   -68.8701   -21.6289 
-0.202413 143.855
 -0.226692    1.10468    2.91144 
  -35.2441   -66.6444   -21.5288 
  -37.9037   -62.7551   -24.9334 
-0.112465 33.7914
 -0.237729    1.14804    2.95941 
  -40.6889   -63.6415    -16.604 
   -40.338   -58.8283   -29.7634 
-0.274463 196.461
 -0.267051    1.18411    3.01647 
  -35.1466   -54.5577   -11.7518 
  -35.1478   -50.3302   -26.2764 
-0.340838 228.837
 -0.273876    1.22001    3.06298 
  -33.8257   -43.7109   -13.1534 
  -30.3645   -43.1645   -24.0914 
-0.295013 131.918
 -0.260802    1.24964    3.11349 
  -22.0823   -41.8048   -9.97022 
  -26.1319    -32.661   -12.3601 
-0.304318 105.72
 -0.249862    1.27324    3.21203 
  -21.2483    -30.567   -5.95894 
  -22.6437   -26.2668   -1.92407 
-0.222576 36.719
 -0.218671    1.29715    3.30493 
   -14.945     -19.69    6.89783 
  -18.6892    -19.259 -0.0746295 
-0.405378 62.82
 -0.134738    1.28471    3.39943 
  -11.0657   -21.7425    6.62718 
  -13.9123   -11.9238  -0.328551 
-0.640594 152.893
-0.0320995    1.24039    3.46847 
  -8.35755   -23.3061    9.59302 
  -8.54652   -12.0852   0.555554 
-0.715824 207.62
  0.043916     1.2237    3.53134 
  -1.10974   -13.2067    1.61586 
  -6.96371   -13.3942   -2.36879 
-0.569989 50.1817
 0.0432252    1.22045    3.55832 
   4.51074    -13.165    3.87575 
  -6.75278   -14.1803  -0.766224 
-0.98564 149.446
0.00651041    1.23213    3.56492 
  0.244591   -17.3494    7.38865 
  -8.77514   -14.2834  -0.427738 
-0.795295 151.852
 0.0018251    1.20015    3.58993 
   -4.9779   -18.0401    3.14445 
  -10.6259   -19.5962    1.84345 
-0.389529 36.0134
-0.0179735    1.16301    3.63615 
   -2.8309   -22.4442    7.60705 
  -13.4487   -25.2034    7.69161 
-0.589513 120.358
-0.0238837    1.07357    3.67235 
  -15.2682   -32.6106    2.06935 
  -17.3379   -37.5552     7.7136 
-0.295074 60.591
-0.0306089    1.00421    3.66154 
  -17.1199   -36.7859    8.08993 
   -28.547    -29.548    12.9067 
-0.486508 206.165
-0.0553896   0.925817     3.6538 
   -27.584   -46.0985    2.57179 
  -23.9797   -43.7552    8.04293 
-0.187001 48.4154
-0.0457483   0.896592    3.63781 
  -30.5392   -52.9202    4.98849 
  -23.2065   -46.3735    5.28321 
-0.236288 96.7139
 0.0460739   0.867969    3.63071 
  -24.0967   -53.0895    2.11835 
  -18.8368   -51.4461  -0.599554 
-0.153789 37.7541
  0.148683    0.83513    3.62103 
  -14.8516   -49.5461   0.356499 
  -9.29451   -50.6947     2.6478 
-0.169963 37.4505
  0.199193   0.824647    3.55881 
  -11.2258   -49.6442 -0.0305744 
  -3.24879   -46.0649    0.83834 
-0.247453 77.1986
  0.270756   0.884274    3.55638 
  -1.86342   -36.2033    13.9875 
   5.29519   -50.6448  -0.230878 
-0.764359 461.965
  0.337131   0.964757    3.51934 
   2.01266   -24.7037    7.30704 
   11.0553   -43.9681   -10.2659 
-1.38493 761.695
  0.381142    1.00477    3.46773 
   18.5644   -21.2219    3.24573 
   17.2354   -41.5319   -3.39366 
-0.996939 458.344
  0.430145    1.02222     3.4658 
   10.4187   -14.7737    6.20043 
   24.1956   -40.3593   -2.29628 
-1.98806 916.622
  0.443064    1.08142     3.4511 
   19.2842   -11.3741    10.8444 
   23.6613    -28.039   -5.81123 
-1.25869 574.29
  0.470392    1.19527    3.36178 
    27.932   -3.43219    7.85575 
   20.6152    4.27619   -12.0175 
-1.02469 507.903
  0.502591     1.3106    3.27223 
   37.5156    6.69742    16.6688 
   22.9771    18.4489   -3.28977 
-0.922277 747.811
  0.586186    1.41393    3.14957 
   33.0449     9.2658     11.333 
   15.3331    23.4564    9.69689 
-0.866922 517.757
  0.618892    1.49577    2.98747 
   34.6106    14.1522     4.5899 
   34.1751    19.4066    2.11227 
-0.213858 33.9369
  0.667341    1.53112    2.85541 
   37.5151    16.9118  -0.436724 
   35.5333    22.4289    1.67724 
-0.210795 38.8346
   0.67725    1.59165    2.70199 
    32.268     13.149    3.02756 
   26.0779    19.5002    7.24954 
-0.382867 96.4792
  0.723269    1.70133    2.59454 
    33.244    11.7983    4.26818 
   28.1493    10.7989     2.1072 
-0.216927 31.6246
  0.776741    1.81259    2.49762 
     37.63    16.9991    16.6099 
   54.1915    7.26224    13.0905 
-0.621035 381.478
  0.823579    1.90298    2.39435 
   30.0682    12.7761    6.56316 
   41.9156    28.1195    1.46498 
-0.81922 401.772
  0.884221     1.9931     2.3081 