   -0.0469      1.579     2.5863   -5.81835   0.168012   0.244137 
-0.0278019    1.54178    2.61493   -1.34816   -7.39398   -8.32579 
0.00866143    1.51728    2.60524   -3.28655   -5.64794   -1.92252 
 0.0225111    1.40878     2.5518   -7.21121   -25.7161   -7.88754 
  0.003779    1.29573    2.55852   -16.8979   -39.0507   -16.9423 
 0.0251911    1.18595    2.51909   -25.9307    -57.276   -25.3723 
 0.0423449    1.14416    2.49374   -28.1257   -58.0578   -13.7267 
 0.0381612    1.07155    2.50291   -28.7056   -69.3022   -16.4025 
 0.0403422    1.06959    2.54463   -23.9911   -68.4542   -23.7567 
 0.0030541    1.05637    2.56965   -29.4986   -73.7811    -31.701 
0.00973617    1.05326    2.57168   -31.2944   -71.4265   -31.8697 
0.00600511    1.07051    2.65054   -27.7369   -68.0792   -31.0314 
-0.0364635    1.01639    2.73765   -29.5143   -70.9826   -22.9402 
 -0.118531    1.02515    2.79696   -42.9743   -77.1168   -23.2002 
 -0.182426    1.05381    2.85672   -46.7847   -74.3353   -25.6909 
 -0.226692    1.10468    2.91144   -35.2441   -66.6444   -21.5288 
 -0.237729    1.14804    2.95941   -40.6889   -63.6415    -16.604 
 -0.267051    1.18411    3.01647   -35.1466   -54.5577   -11.7518 
 -0.273876    1.22001    3.06298   -33.8257   -43.7109   -13.1534 
 -0.260802    1.24964    3.11349   -22.0823   -41.8048   -9.97022 
 -0.249862    1.27324    3.21203   -21.2483    -30.567   -5.95894 
 -0.218671    1.29715    3.30493    -14.945     -19.69    6.89783 
 -0.134738    1.28471    3.39943   -11.0657   -21.7425    6.62718 
-0.0320995    1.24039    3.46847   -8.35755   -23.3061    9.59302 
  0.043916     1.2237    3.53134   -1.10974   -13.2067    1.61586 
 0.0432252    1.22045    3.55832    4.51074    -13.165    3.87575 
0.00651041    1.23213    3.56492   0.244591   -17.3494    7.38865 
 0.0018251    1.20015    3.58993    -4.9779   -18.0401    3.14445 
-0.0179735    1.16301    3.63615    -2.8309   -22.4442    7.60705 
-0.0238837    1.07357    3.67235   -15.2682   -32.6106    2.06935 
-0.0306089    1.00421    3.66154   -17.1199   -36.7859    8.08993 
-0.0553896   0.925817     3.6538    -27.584   -46.0985    2.57179 
-0.0457483   0.896592    3.63781   -30.5392   -52.9202    4.98849 
 0.0460739   0.867969    3.63071   -24.0967   -53.0895    2.11835 
  0.148683    0.83513    3.62103   -14.8516   -49.5461   0.356499 
  0.199193   0.824647    3.55881   -11.2258   -49.6442 -0.0305744 
  0.270756   0.884274    3.55638   -1.86342   -36.2033    13.9875 
  0.337131   0.964757    3.51934    2.01266   -24.7037    7.30704 
  0.381142    1.00477    3.46773    18.5644   -21.2219    3.24573 
  0.430145    1.02222     3.4658    10.4187   -14.7737    6.20043 
  0.443064    1.08142     3.4511    19.2842   -11.3741    10.8444 
  0.470392    1.19527    3.36178     27.932   -3.43219    7.85575 
  0.502591     1.3106    3.27223    37.5156    6.69742    16.6688 
  0.586186    1.41393    3.14957    33.0449     9.2658     11.333 
  0.618892    1.49577    2.98747    34.6106    14.1522     4.5899 
  0.667341    1.53112    2.85541    37.5151    16.9118  -0.436724 
   0.67725    1.59165    2.70199     32.268     13.149    3.02756 
  0.723269    1.70133    2.59454     33.244    11.7983    4.26818 
  0.776741    1.81259    2.49762      37.63    16.9991    16.6099 
  0.823579    1.90298    2.39435    30.0682    12.7761    6.56316 
