
  -8.42186    21.2231   -1.50633 
   7.70689    15.6543   -3.85272 
-0.953935 296.653
 -0.252131    1.89827    2.50752 
  -7.76977    15.0658   -6.21459 
   8.11987      20.83   -3.58589 
-1.17822 292.617
 -0.238432     1.9355    2.45623 
  -2.31072    17.0301   -1.23455 
   7.30565    20.0778   -6.51885 
-0.770616 129.687
 -0.234027    2.02954    2.49938 
   -5.2862    15.5383   -10.5393 
   3.77656    32.5538   -6.55775 
-1.27065 387.512
 -0.204346    2.12093    2.54791 
  -1.27827    28.1966    7.59595 
   5.55168    31.9537   0.629189 
-0.472818 109.3
 -0.186235    2.17328    2.62035 
 -0.467672      30.71    6.21414 
   9.41741    43.1852    4.64224 
-0.681917 255.816
 -0.214128    2.16609    2.68689 
  0.880102    28.6135  -0.770652 
   9.99552    32.9546   -18.9462 
-0.944486 432.285
 -0.258497    2.17665    2.70512 
   1.73969    24.2053   0.191257 
   12.0412    25.6894   -31.8913 
-1.75113 1137.61
 -0.227123    2.18103    2.75068 
   4.27549    27.8564    1.71867 
    12.672    31.6127   -31.2468 
-1.58877 1171.33
 -0.216882    2.18032    2.77463 
   3.80698    22.2515   -10.5445 
   12.2201    32.8558   -17.3515 
-0.789072 229.568
 -0.251279    2.25103    2.77792 
  -3.56783    21.0226   -9.95088 
 -0.392104    38.0113   -10.5685 
-0.943563 299.081
 -0.287655    2.30573     2.7785 
   -1.3186    33.9637    4.59475 
   -5.4584    42.8391   -11.1981 
-0.733528 345.323
 -0.315414    2.33466    2.76545 
  -11.5177    26.0578   0.170303 
  -4.09596    36.8981   -5.31675 
-0.657283 202.702
 -0.402956    2.36426    2.72074 
  -12.9748    23.3539   -2.19917 
  -5.99239    25.9228   -6.50557 
-0.418612 73.898
 -0.481691    2.41109    2.63192 
  -15.8943    26.2337   -4.75792 
  -22.3586    37.2439   -0.54156 
-0.583593 180.79
 -0.529474    2.41837    2.54683 
  -17.9779    25.7372   -13.9498 
  -21.2918    26.4834 -0.00809383 
-0.571234 205.909
 -0.610449    2.39375    2.47726 
  -16.5951    22.2815   -6.13348 
  -23.5699    44.2214   0.768706 
-1.12541 577.646
 -0.708091     2.4478    2.37006 
  -23.6059    23.7103    4.80108 
  -24.4961    45.3623    18.2872 
-1.02968 651.479
 -0.740418    2.47011     2.3069 
  -23.8811    14.9819   -1.73138 
   -24.342    37.3398    19.1016 
-1.42339 934.104
 -0.785893    2.46527     2.2397 
  -26.6034    22.5879    9.81184 
   -21.747    37.0243    22.3952 
-0.750746 390.336
  -0.81498    2.46386    2.12435 
  -30.8138    28.8847    15.3908 
  -15.1617    18.0476    15.8167 
-0.600255 362.612
 -0.839361    2.44773    2.04447 
  -32.6152    27.7058    6.55118 
   -10.196    21.9878    14.1747 
-0.793469 593.436
 -0.827143    2.44345    1.92388 
  -33.3772    27.4516   -3.15732 
  -20.6433    15.9252    3.52775 
-0.59779 339.699
 -0.855294       2.37    1.83307 
  -30.1307    25.4878   -3.17341 
  -23.2292    22.7711   -1.86007 
-0.264076 56.7365
 -0.881031    2.33352    1.74337 
  -31.5794    22.5316   -9.98599 
  -23.4443    27.5936   -10.7279 
-0.334891 92.3542
 -0.862988    2.32734    1.61857 
  -28.1166    20.6504   -21.6684 
  -23.4105    31.2813   -34.8151 
-0.598499 308.001
 -0.860604    2.23391    1.56147 
  -30.6185    18.6086   -29.0029 
  -26.6098    17.1924   -49.5236 
-0.646264 439.176
 -0.875146    2.17298    1.54911 
  -35.8101    23.8963   -28.7726 
  -29.7974    17.0616    -50.985 
-0.668782 576.257
 -0.909026    2.08351    1.53977 
  -31.3539    14.3813   -25.8685 
  -43.9297    14.7634   -35.2707 
-0.513412 246.698
 -0.918202    1.96688    1.57425 
   -38.496    7.52628   -19.8007 
  -47.5437    2.37341   -21.7492 
-0.340606 112.209
  -0.88944    1.90702    1.58738 
  -38.0808   0.442492   -21.7338 
  -45.6241   -6.46292   -16.3814 
-0.369747 133.235
 -0.846314    1.86954     1.6382 
  -32.4713    3.49115   -12.2742 
  -51.8841   -9.15505   -14.0618 
-0.90866 539.98
 -0.747036    1.87849    1.69315 
  -38.5173    1.66194   -10.4478 
  -41.6052  0.0675812   -9.44382 
-0.125609 13.0845
 -0.682563     1.9701    1.76353 
  -26.2409    8.05542   -11.3347 
  -31.4647    13.7978   -8.52814 
-0.372559 68.1401
  -0.62771    2.10758    1.84282 
  -25.1269    13.4885   -2.89918 
  -11.2594    18.9539    -2.2149 
-0.688284 222.646
 -0.589045     2.2682    1.90813 
  -19.7048    27.0404   0.227195 
  -24.5888    23.1149   -4.81128 
-0.32436 64.6492
 -0.518077    2.40711    1.99559 
  -13.9192    31.6784    8.97936 
   -27.508    40.4349    11.9743 
-0.632363 270.301
 -0.448139    2.44862     2.0992 
  -12.3168     26.877    12.7077 
  -29.3287    44.7615    14.6432 
-1.04283 613.006
 -0.358725    2.48295     2.1934 
   -10.688     25.925     13.722 
  -19.8652    31.8158    14.9872 
-0.474639 120.524
 -0.265831    2.49671    2.30707 
  -10.0352    18.9411  0.0913278 
  -8.63397    25.2742    9.42887 
-0.662647 129.26
 -0.179208    2.52599    2.42157 
  -4.52326    24.9613    2.08239 
  -5.34701    24.4094   -5.77254 
-0.401203 62.6831
 -0.123402    2.52515    2.47596 
 -0.169369    16.0374    2.80905 
  0.531849    17.2393   0.189766 
-0.209426 8.79708
-0.00472995    2.54305    2.53957 
   4.05457    22.6778     2.7121 
   2.77783    16.4806  -0.533014 
-0.38847 50.5661
  0.088044    2.57125    2.60426 
   5.96812    17.1867   -1.76246 
    6.4074     23.873    12.6017 
-1.05209 251.23
  0.178785    2.68424    2.66397 
   15.2046    10.9282   -1.88563 
   8.37905    26.9292    3.46378 
-1.18114 331.238
  0.278322    2.77683    2.63311 
   19.6472    12.7269   -2.79968 
   12.1918    37.5036    18.6633 
-1.82458 1130.13
  0.353534    2.85279    2.58198 
   18.5876    31.7901     11.193 
     16.87     38.325    10.6315 
-0.244614 45.9706
   0.44849    2.92668    2.57654 
   21.9805    36.0367    2.70297 
    35.515    37.2999     11.037 
-0.527707 254.234
  0.552723    2.97139    2.56344 
   33.3759    41.9776    9.99321 
   11.2841    20.1635    8.10454 
-0.827889 967.469
  0.694058    3.02227    2.52163 
   32.9003    38.1492    5.77043 
   27.4506    21.5273   0.842809 
-0.515678 330.268
  0.769292    3.11498    2.46852 