   -0.2628     1.9231     2.5138   -8.42186    21.2231   -1.50633 
 -0.252131    1.89827    2.50752   -7.76977    15.0658   -6.21459 
 -0.238432     1.9355    2.45623   -2.31072    17.0301   -1.23455 
 -0.234027    2.02954    2.49938    -5.2862    15.5383   -10.5393 
 -0.204346    2.12093    2.54791   -1.27827    28.1966    7.59595 
 -0.186235    2.17328    2.62035  -0.467672      30.71    6.21414 
 -0.214128    2.16609    2.68689   0.880102    28.6135  -0.770652 
 -0.258497    2.17665    2.70512    1.73969    24.2053   0.191257 
 -0.227123    2.18103    2.75068    4.27549    27.8564    1.71867 
 -0.216882    2.18032    2.77463    3.80698    22.2515   -10.5445 
 -0.251279    2.25103    2.77792   -3.56783    21.0226   -9.95088 
 -0.287655    2.30573     2.7785    -1.3186    33.9637    4.59475 
 -0.315414    2.33466    2.76545   -11.5177    26.0578   0.170303 
 -0.402956    2.36426    2.72074   -12.9748    23.3539   -2.19917 
 -0.481691    2.41109    2.63192   -15.8943    26.2337   -4.75792 
 -0.529474    2.41837    2.54683   -17.9779    25.7372   -13.9498 
 -0.610449    2.39375    2.47726   -16.5951    22.2815   -6.13348 
 -0.708091     2.4478    2.37006   -23.6059    23.7103    4.80108 
 -0.740418    2.47011     2.3069   -23.8811    14.9819   -1.73138 
 -0.785893    2.46527     2.2397   -26.6034    22.5879    9.81184 
  -0.81498    2.46386    2.12435   -30.8138    28.8847    15.3908 
 -0.839361    2.44773    2.04447   -32.6152    27.7058    6.55118 
 -0.827143    2.44345    1.92388   -33.3772    27.4516   -3.15732 
 -0.855294       2.37    1.83307   -30.1307    25.4878   -3.17341 
 -0.881031    2.33352    1.74337   -31.5794    22.5316   -9.98599 
 -0.862988    2.32734    1.61857   -28.1166    20.6504   -21.6684 
 -0.860604    2.23391    1.56147   -30.6185    18.6086   -29.0029 
 -0.875146    2.17298    1.54911   -35.8101    23.8963   -28.7726 
 -0.909026    2.08351    1.53977   -31.3539    14.3813   -25.8685 
 -0.918202    1.96688    1.57425    -38.496    7.52628   -19.8007 
  -0.88944    1.90702    1.58738   -38.0808   0.442492   -21.7338 
 -0.846314    1.86954     1.6382   -32.4713    3.49115   -12.2742 
 -0.747036    1.87849    1.69315   -38.5173    1.66194   -10.4478 
 -0.682563     1.9701    1.76353   -26.2409    8.05542   -11.3347 
  -0.62771    2.10758    1.84282   -25.1269    13.4885   -2.89918 
 -0.589045     2.2682    1.90813   -19.7048    27.0404   0.227195 
 -0.518077    2.40711    1.99559   -13.9192    31.6784    8.97936 
 -0.448139    2.44862     2.0992   -12.3168     26.877    12.7077 
 -0.358725    2.48295     2.1934    -10.688     25.925     13.722 
 -0.265831    2.49671    2.30707   -10.0352    18.9411  0.0913278 
 -0.179208    2.52599    2.42157   -4.52326    24.9613    2.08239 
 -0.123402    2.52515    2.47596  -0.169369    16.0374    2.80905 
-0.00472995    2.54305    2.53957    4.05457    22.6778     2.7121 
  0.088044    2.57125    2.60426    5.96812    17.1867   -1.76246 
  0.178785    2.68424    2.66397    15.2046    10.9282   -1.88563 
  0.278322    2.77683    2.63311    19.6472    12.7269   -2.79968 
  0.353534    2.85279    2.58198    18.5876    31.7901     11.193 
   0.44849    2.92668    2.57654    21.9805    36.0367    2.70297 
  0.552723    2.97139    2.56344    33.3759    41.9776    9.99321 
  0.694058    3.02227    2.52163    32.9003    38.1492    5.77043 
