
   2.70749    11.4744   -6.24271 
   16.8628    6.13327   -17.0938 
-1.58542 346.646
 -0.180421    1.78607    2.48325 
  -3.83804    8.76558    2.27492 
   10.1249    14.8599   -5.88535 
-1.75636 298.694
 -0.204282    1.78996    2.34895 
  -3.84959     7.7526   -4.67694 
   1.87125    13.3178    1.03481 
-1.0559 96.3233
 -0.200023    1.82189     2.2394 
  -9.01967    5.73773     7.5557 
  -4.09194    21.4734    4.82987 
-1.5027 279.323
 -0.164965    1.84519    2.16416 
  -2.83392    10.5873    7.69906 
   -2.7776    16.6788   0.763371 
-0.784844 85.2129
 -0.115014    1.80559    2.09262 
  -6.27531    6.64188    9.97105 
 -0.863034    15.4914    -7.5663 
-1.78366 415.166
 -0.134126    1.77204    1.99763 
  -7.52282    1.11745    -1.4129 
  -6.47326    18.9704    1.73762 
-1.97924 329.756
 -0.187485    1.72124    1.91357 
  -9.55047   -5.69565    2.58006 
  -10.7524   -3.66519   -4.18356 
-0.682577 51.3139
 -0.221493    1.68718    1.85667 
   -9.5379   -9.26388    -7.6802 
  -15.7669   -4.26746   -4.80264 
-0.669139 72.0456
 -0.246309    1.71745    1.81353 
  -15.7181   -1.32191   -7.56551 
  -16.4895    -2.5249   -4.16652 
-0.252886 13.5953
 -0.200131    1.69169    1.74059 
  -10.1107   -4.55363   -11.5351 
  -11.3348   -5.70232   -9.00016 
-0.230041 9.24384
 -0.142379    1.67324    1.71409 
  -7.19528   -1.65619   -11.1207 
  -10.1393    3.50443   -1.56105 
-0.948901 126.687
-0.0892894    1.65227    1.71502 
 -0.822264   -7.04807   -15.1159 
  -3.92291    -1.7518    -4.9453 
-0.843397 141.106
-0.0449906    1.62418    1.77852 
   3.10769   -4.78796    -1.3048 
  -6.31594  -0.808086   -3.68399 
-1.31632 110.305
 0.0354824    1.57851    1.84484 
   4.45272   -7.56131   -2.21105 
 -0.751471    -6.7444   -8.41726 
-0.885337 66.2679
 0.0635979    1.57248    1.91409 
   2.84564   -7.26828    -1.5339 
 -0.539268   -9.90955   -6.34552 
-0.713067 41.5856
 0.0906408    1.64638    1.93745 
   8.10233    1.81133    2.19076 
  -2.10174    14.7034    14.1834 
-2.14663 414.153
 0.0725884     1.7369     2.0358 
   4.88914    6.62282    1.40461 
   8.02724    5.66595   0.884035 
-0.380936 11.0342
 0.0206037    1.80088    2.10574 
   3.95104    11.2391    8.47058 
   9.37085    13.0903  -0.726574 
-0.87396 117.389
0.00950011    1.88737    2.22515 
   8.11149    17.7174    6.83066 
    7.8063    18.4962    15.7201 
-0.549307 79.7223
-0.0408308    1.92284    2.27405 
   1.80069    18.9453    5.59288 
    8.3955    5.65441     15.246 
-1.10124 313.324
-0.0846771    1.98003     2.2504 
  0.347491    17.9436    5.85605 
   4.32412    1.31862    7.41579 
-1.10698 294.636
 -0.122978    2.07529    2.24316 
 -0.551188     30.476    18.7533 
  -1.87345    22.3699     6.3425 
-0.567157 221.486
-0.0963656    2.16787     2.2718 
  -3.39069     19.441    7.79353 
  0.193011    23.8635    5.32328 
-0.368437 38.5035
-0.0762189    2.25308    2.26715 
   2.31533    21.5406    11.4463 
  0.457554    31.6112    9.32632 
-0.548838 109.364
-0.0440951    2.34379    2.26611 
 -0.152075    21.5751    15.5562 
    -5.684    11.9206    15.8309 
-0.543992 123.887
-0.0135642    2.38069    2.35826 
 -0.915491    24.3579    9.84536 
  -3.69339    17.1792    19.9944 
-0.62893 162.253
 0.0178017    2.41606    2.41248 
  0.663248    20.4418    8.46219 
  -2.15849    8.30166    14.1989 
-0.779571 188.256
 0.0122447    2.43679    2.48429 
   5.12553    29.4412    8.86475 
 -0.720381    11.2987    2.25694 
-0.87336 406.989
 0.0352652    2.41633    2.58974 
   4.44578    22.2591    1.40055 
   6.86067    12.1589    7.17846 
-0.658648 141.228
 0.0564119    2.43761    2.63489 
   0.85202    16.9363    9.77206 
   7.61991     13.527    3.85333 
-0.603071 92.4589
 0.0662762    2.47407    2.69801 
   10.2612    28.4843    11.4342 
  -1.40206    16.2982     7.9244 
-0.722149 296.852
 0.0694095    2.49246    2.75409 
   8.14836    21.5022    7.66439 
   4.06404    27.6286   0.997014 
-0.53342 98.6683
 0.0444902    2.45166    2.81395 
   5.28275    22.5963    6.95347 
   6.19509    20.4299   -3.59342 
-0.580539 116.763
 0.0496786    2.38146    2.85628 
   3.78427    17.4464    5.08547 
   9.77144    20.3725     10.966 
-0.590461 78.9884
  0.121203    2.32408    2.93786 
   10.2047    15.3439    3.43365 
   12.5736    36.8665    37.0161 
-2.6259 1596.62
  0.215922    2.24643    3.02321 
   14.4189    10.5139 -0.0478905 
   9.11191    34.5921    34.2843 
-2.84828 1786.63
  0.286254    2.17638    3.10512 
   19.1825    3.61422   -1.75046 
   13.5399     30.305    24.6163 
-2.35378 1439.44
  0.290928    2.10975    3.20672 
   22.3998    17.7193    10.5312 
   14.5734    32.2393    21.7868 
-0.882321 398.77
  0.317398     2.0093    3.28996 
    17.519    20.8436    11.4868 
   20.9335    33.5554     19.745 
-0.704272 241.448
  0.360081    1.89022     3.3498 
   26.4354    31.8918    23.8064 
   18.0876    28.1716    13.8931 
-0.403013 181.8
  0.390982    1.81599    3.41289 
   32.1069    22.3462    14.8743 
   22.5824    21.7134    9.89172 
-0.36122 115.942
  0.447118    1.75426    3.46874 
   29.4394    23.2805    11.7594 
   21.3204    19.4374    7.47915 
-0.352302 99.0077
  0.489729    1.69091    3.55108 
   36.4328    24.5539    16.3934 
   24.6629    26.8526    3.69817 
-0.530566 304.984
  0.608036    1.64554    3.58194 
   41.3183    23.8743    11.6996 
   31.1147    31.0646    4.58899 
-0.419022 206.376
  0.684153    1.57123     3.6409 
   42.3192     25.989    7.89882 
   33.7443    35.7148    4.01318 
-0.386886 183.217
  0.739449    1.49342     3.6463 
   40.5896    20.3305    5.21739 
   68.5174    18.2119   -12.9945 
-1.03816 1116.13
  0.797249    1.33957    3.61413 
   41.4805    15.3791    6.03017 
     65.21    16.4852    6.77819 
-0.753621 564.873
  0.838055    1.16343    3.57359 
   48.2777    11.2516    11.3362 
    52.792    15.1027    6.34869 
-0.219402 60.0845
  0.883281    1.02751    3.48352 
   41.5205    1.04468     4.8832 
    44.177   -8.65335   -5.90017 
-0.491882 217.39
  0.920458   0.906924    3.40102 