   -0.1673     1.7912     2.5444    2.70749    11.4744   -6.24271 
 -0.180421    1.78607    2.48325   -3.83804    8.76558    2.27492 
 -0.204282    1.78996    2.34895   -3.84959     7.7526   -4.67694 
 -0.200023    1.82189     2.2394   -9.01967    5.73773     7.5557 
 -0.164965    1.84519    2.16416   -2.83392    10.5873    7.69906 
 -0.115014    1.80559    2.09262   -6.27531    6.64188    9.97105 
 -0.134126    1.77204    1.99763   -7.52282    1.11745    -1.4129 
 -0.187485    1.72124    1.91357   -9.55047   -5.69565    2.58006 
 -0.221493    1.68718    1.85667    -9.5379   -9.26388    -7.6802 
 -0.246309    1.71745    1.81353   -15.7181   -1.32191   -7.56551 
 -0.200131    1.69169    1.74059   -10.1107   -4.55363   -11.5351 
 -0.142379    1.67324    1.71409   -7.19528   -1.65619   -11.1207 
-0.0892894    1.65227    1.71502  -0.822264   -7.04807   -15.1159 
-0.0449906    1.62418    1.77852    3.10769   -4.78796    -1.3048 
 0.0354824    1.57851    1.84484    4.45272   -7.56131   -2.21105 
 0.0635979    1.57248    1.91409    2.84564   -7.26828    -1.5339 
 0.0906408    1.64638    1.93745    8.10233    1.81133    2.19076 
 0.0725884     1.7369     2.0358    4.88914    6.62282    1.40461 
 0.0206037    1.80088    2.10574    3.95104    11.2391    8.47058 
0.00950011    1.88737    2.22515    8.11149    17.7174    6.83066 
-0.0408308    1.92284    2.27405    1.80069    18.9453    5.59288 
-0.0846771    1.98003     2.2504   0.347491    17.9436    5.85605 
 -0.122978    2.07529    2.24316  -0.551188     30.476    18.7533 
-0.0963656    2.16787     2.2718   -3.39069     19.441    7.79353 
-0.0762189    2.25308    2.26715    2.31533    21.5406    11.4463 
-0.0440951    2.34379    2.26611  -0.152075    21.5751    15.5562 
-0.0135642    2.38069    2.35826  -0.915491    24.3579    9.84536 
 0.0178017    2.41606    2.41248   0.663248    20.4418    8.46219 
 0.0122447    2.43679    2.48429    5.12553    29.4412    8.86475 
 0.0352652    2.41633    2.58974    4.44578    22.2591    1.40055 
 0.0564119    2.43761    2.63489    0.85202    16.9363    9.77206 
 0.0662762    2.47407    2.69801    10.2612    28.4843    11.4342 
 0.0694095    2.49246    2.75409    8.14836    21.5022    7.66439 
 0.0444902    2.45166    2.81395    5.28275    22.5963    6.95347 
 0.0496786    2.38146    2.85628    3.78427    17.4464    5.08547 
  0.121203    2.32408    2.93786    10.2047    15.3439    3.43365 
  0.215922    2.24643    3.02321    14.4189    10.5139 -0.0478905 
  0.286254    2.17638    3.10512    19.1825    3.61422   -1.75046 
  0.290928    2.10975    3.20672    22.3998    17.7193    10.5312 
  0.317398     2.0093    3.28996     17.519    20.8436    11.4868 
  0.360081    1.89022     3.3498    26.4354    31.8918    23.8064 
  0.390982    1.81599    3.41289    32.1069    22.3462    14.8743 
  0.447118    1.75426    3.46874    29.4394    23.2805    11.7594 
  0.489729    1.69091    3.55108    36.4328    24.5539    16.3934 
  0.608036    1.64554    3.58194    41.3183    23.8743    11.6996 
  0.684153    1.57123     3.6409    42.3192     25.989    7.89882 
  0.739449    1.49342     3.6463    40.5896    20.3305    5.21739 
  0.797249    1.33957    3.61413    41.4805    15.3791    6.03017 
  0.838055    1.16343    3.57359    48.2777    11.2516    11.3362 
  0.883281    1.02751    3.48352    41.5205    1.04468     4.8832 
