
  -3.11655   -1.99455   -8.17864 
   1.56341   -2.52056    -19.344 
-1.27273 146.843
-0.0880639    1.55292    2.53586 
   -9.2005   -10.7736   -4.52421 
  -1.97584   -6.29223   -8.24566 
-0.744947 86.1278
 -0.142814    1.52981    2.51738 
  -11.7368   -20.0084   -14.7408 
  -8.97191   -12.2914    -5.3316 
-0.601926 155.731
 -0.164879    1.50196    2.48715 
   -22.194   -24.9547   -11.8474 
  -13.9784   -16.6599   -4.19911 
-0.540916 194.796
 -0.159769    1.49724    2.44026 
   -21.054   -29.8471   -16.3881 
  -13.1514   -18.6857   -5.91818 
-0.600517 296.647
-0.0736812    1.48303    2.39383 
  -9.08679   -23.4158  -0.679361 
  -8.58685   -11.3844   -5.78569 
-0.670177 171.08
0.00946014    1.47647    2.36435 
  -13.5567    -21.705   -2.57282 
  -2.66052   -5.11295   -1.97224 
-1.00202 394.385
   0.12185    1.51082    2.35778 
  -3.08545   -10.0954    2.52435 
   8.37114    4.75922     1.9943 
-1.77248 352.195
  0.216709    1.58009    2.34156 
   11.7616    2.57301     -0.228 
   14.0892     6.5233    6.18003 
-0.681534 62.0856
  0.333355     1.6645    2.33121 
   19.0661    9.00527    7.65394 
   18.6583    11.9761     6.1957 
-0.191246 11.1185
  0.423416    1.76884    2.33922 
   14.0026    15.4172    2.11997 
    23.711    18.6516    4.74304 
-0.63008 111.594
  0.486631    1.82496    2.33541 
   19.2002    11.1854    5.81354 
   24.4012    26.1072   0.738228 
-0.933011 275.468
  0.541589    1.78743    2.32948 
   28.4135    18.2248    11.8786 
   25.5441    19.7688     2.1037 
-0.395952 106.166
  0.612883    1.72237    2.28045 
   29.9034    8.81106    5.99326 
   27.1422    18.8597    7.28914 
-0.447527 110.278
  0.665696    1.67062    2.26947 
   33.3522    12.1722    8.71173 
   27.9678    8.04907    12.8088 
-0.298901 62.7779
  0.680388    1.63081    2.23914 
   28.5944     10.819   -3.91557 
   31.5147    5.30521    14.6393 
-0.851992 383.213
  0.670926    1.57748     2.2142 
   39.3292    5.54239    3.64904 
   32.3921  -0.123906      13.86 
-0.473607 184.494
  0.654958    1.56244     2.2086 
   28.6947    6.14228   -1.81946 
   31.9618   -1.06641    10.9956 
-0.678418 226.864
  0.625609    1.53297    2.23078 
   34.3247    5.60769    9.72462 
   30.4777   0.281051    7.85676 
-0.260431 46.6616
   0.62219    1.47625    2.13835 
   32.6451    6.87131    8.59663 
   35.0685    2.27992    14.8453 
-0.322625 65.9993
  0.649954    1.42447    2.00687 
   33.4448    2.38633   -3.85497 
   41.5679     7.2213    5.20999 
-0.523619 171.536
   0.70244    1.41254    1.87446 
   32.1737    3.59102    6.66184 
   35.7034   -2.62164   -13.9217 
-0.892549 474.738
  0.669309    1.39231    1.70285 
   34.7098    6.95706   -4.80692 
   31.9234    -2.6039   -15.2252 
-0.55429 207.715
   0.65272    1.33241    1.54031 
   30.5947   -2.53524   -16.7089 
   41.9633    -3.4267   -27.4416 
-0.610173 245.232
  0.628316    1.27415    1.45111 
   29.9272    -3.4625   -22.8955 
   40.2083    6.43517   -25.6796 
-0.53029 211.415
  0.618277    1.27066    1.33539 
    33.222    -1.7199   -31.7698 
   39.7035    3.19433   -22.6166 
-0.376605 149.94
   0.55867    1.26117     1.2376 
   25.5564   -9.95007   -42.3306 
   40.6887    8.26422   -17.9408 
-0.969083 1155.61
   0.45957    1.29124     1.1279 
   24.9198     2.8323   -35.1289 
   29.4232    20.6841   -28.5356 
-0.636129 382.44
  0.376274    1.33961    1.04087 
   26.4743    2.00685   -42.6614 
   25.4932    25.8389   -34.8011 
-0.715701 630.712
  0.251999    1.38067   0.942035 
   12.3985    13.2334   -41.3996 
   19.0352    27.6637   -29.4595 
-0.623407 394.846
  0.127987    1.40821   0.850451 
   15.2874    34.9054   -22.5552 
   11.7457    28.8854   -28.0632 
-0.28409 79.1224
 0.0105624    1.41713   0.814063 
   10.5864    21.4935   -31.0485 
   6.44073    27.3347   -26.4799 
-0.301559 72.1786
 -0.103968    1.43181   0.800922 
   7.30498    21.3195   -24.8556 
    3.1872     23.947   -25.1209 
-0.198755 23.9299
  -0.19087     1.4955   0.788782 
   5.90124    31.9954    -21.021 
   1.95218    22.2993   -27.2553 
-0.437183 148.474
 -0.253522     1.5592   0.836341 
   5.19152    42.9612   -17.2623 
  -3.10688    31.4626   -20.6939 
-0.445766 212.857
 -0.311038    1.64455   0.899365 
  -6.07822     32.322   -41.1306 
  -4.88063    26.5377    -30.121 
-0.342978 156.105
 -0.347974    1.68646   0.963392 
  -8.16451    29.4086   -35.4758 
  -6.60314    26.7337   -34.5622 
-0.0982777 10.4271
  -0.39749    1.74108    1.01626 
  -15.9353    28.4643   -43.2419 
  -8.18805    34.2725   -42.3101 
-0.260524 94.6218
 -0.430437    1.76683    1.03747 
  -4.36333    34.3811   -40.5396 
  -10.9055    39.5024   -46.6514 
-0.279753 106.381
 -0.410605    1.82135    1.04469 
  -5.33528    33.5486   -48.8729 
  -8.55328    40.5247    -50.596 
-0.194145 61.9898
 -0.413803    1.89848    1.06245 
  -7.54117    26.4533   -61.0915 
  -9.62376    45.6227   -58.5787 
-0.432109 378.115
 -0.370886     1.9677    1.06045 
  -3.74881    42.9934   -47.7092 
  -8.78078    39.0736   -62.4504 
-0.369479 257.987
 -0.330965    2.00925    1.04944 
  -7.04249    56.2136   -43.0204 
  -5.48084    51.0711   -64.8023 
-0.472927 503.331
 -0.271736    2.03938   0.998859 
  -6.29021    36.1769    -63.838 
  -4.21048    55.0727   -66.1545 
-0.391543 366.743
 -0.205995    2.05526   0.899255 
   8.35525    39.3496   -68.9524 
  -2.38971    65.0434   -59.4967 
-0.560046 865.034
 -0.135153    2.04128   0.814924 
   15.2947    48.1873   -63.1346 
  -3.88254     59.711   -46.1133 
-0.529142 790.287
-0.0357109    1.99489   0.780603 
    17.598    45.1525   -67.8984 
   3.04763    58.3453   -49.4761 
-0.493229 725.145
 0.0577215    1.91238   0.726795 
   14.7899    43.9719   -55.2941 
   19.3998    45.8697   -64.6235 
-0.220137 111.889
 0.0732584    1.83055   0.679804 
   20.0626    51.0164   -43.1696 
   17.2009    60.4313   -22.2374 
-0.495928 534.987
 0.0718331    1.79927   0.574149 
    22.975    57.7973   -31.7349 
   28.0199    74.8876    1.64004 
-0.810714 1431.42
 0.0285942    1.78931   0.468182 