   -0.0581     1.5821     2.5674   -3.11655   -1.99455   -8.17864 
-0.0880639    1.55292    2.53586    -9.2005   -10.7736   -4.52421 
 -0.142814    1.52981    2.51738   -11.7368   -20.0084   -14.7408 
 -0.164879    1.50196    2.48715    -22.194   -24.9547   -11.8474 
 -0.159769    1.49724    2.44026    -21.054   -29.8471   -16.3881 
-0.0736812    1.48303    2.39383   -9.08679   -23.4158  -0.679361 
0.00946014    1.47647    2.36435   -13.5567    -21.705   -2.57282 
   0.12185    1.51082    2.35778   -3.08545   -10.0954    2.52435 
  0.216709    1.58009    2.34156    11.7616    2.57301     -0.228 
  0.333355     1.6645    2.33121    19.0661    9.00527    7.65394 
  0.423416    1.76884    2.33922    14.0026    15.4172    2.11997 
  0.486631    1.82496    2.33541    19.2002    11.1854    5.81354 
  0.541589    1.78743    2.32948    28.4135    18.2248    11.8786 
  0.612883    1.72237    2.28045    29.9034    8.81106    5.99326 
  0.665696    1.67062    2.26947    33.3522    12.1722    8.71173 
  0.680388    1.63081    2.23914    28.5944     10.819   -3.91557 
  0.670926    1.57748     2.2142    39.3292    5.54239    3.64904 
  0.654958    1.56244     2.2086    28.6947    6.14228   -1.81946 
  0.625609    1.53297    2.23078    34.3247    5.60769    9.72462 
   0.62219    1.47625    2.13835    32.6451    6.87131    8.59663 
  0.649954    1.42447    2.00687    33.4448    2.38633   -3.85497 
   0.70244    1.41254    1.87446    32.1737    3.59102    6.66184 
  0.669309    1.39231    1.70285    34.7098    6.95706   -4.80692 
   0.65272    1.33241    1.54031    30.5947   -2.53524   -16.7089 
  0.628316    1.27415    1.45111    29.9272    -3.4625   -22.8955 
  0.618277    1.27066    1.33539     33.222    -1.7199   -31.7698 
   0.55867    1.26117     1.2376    25.5564   -9.95007   -42.3306 
   0.45957    1.29124     1.1279    24.9198     2.8323   -35.1289 
  0.376274    1.33961    1.04087    26.4743    2.00685   -42.6614 
  0.251999    1.38067   0.942035    12.3985    13.2334   -41.3996 
  0.127987    1.40821   0.850451    15.2874    34.9054   -22.5552 
 0.0105624    1.41713   0.814063    10.5864    21.4935   -31.0485 
 -0.103968    1.43181   0.800922    7.30498    21.3195   -24.8556 
  -0.19087     1.4955   0.788782    5.90124    31.9954    -21.021 
 -0.253522     1.5592   0.836341    5.19152    42.9612   -17.2623 
 -0.311038    1.64455   0.899365   -6.07822     32.322   -41.1306 
 -0.347974    1.68646   0.963392   -8.16451    29.4086   -35.4758 
  -0.39749    1.74108    1.01626   -15.9353    28.4643   -43.2419 
 -0.430437    1.76683    1.03747   -4.36333    34.3811   -40.5396 
 -0.410605    1.82135    1.04469   -5.33528    33.5486   -48.8729 
 -0.413803    1.89848    1.06245   -7.54117    26.4533   -61.0915 
 -0.370886     1.9677    1.06045   -3.74881    42.9934   -47.7092 
 -0.330965    2.00925    1.04944   -7.04249    56.2136   -43.0204 
 -0.271736    2.03938   0.998859   -6.29021    36.1769    -63.838 
 -0.205995    2.05526   0.899255    8.35525    39.3496   -68.9524 
 -0.135153    2.04128   0.814924    15.2947    48.1873   -63.1346 
-0.0357109    1.99489   0.780603     17.598    45.1525   -67.8984 
 0.0577215    1.91238   0.726795    14.7899    43.9719   -55.2941 
 0.0732584    1.83055   0.679804    20.0626    51.0164   -43.1696 
 0.0718331    1.79927   0.574149     22.975    57.7973   -31.7349 
