   -0.0486     1.5896     2.5862 
   0.47008   -1.84556   -8.84907 
   4.04851  -0.181362   -10.9275 
-0.451172 19.8946
-0.0383017    1.58799     2.5482 
  -6.56945    1.45862      1.623 
    3.0577  0.0896531   -18.7416 
-2.59573 509.272
-0.0249178    1.61398    2.48117 
  -12.3084      3.481    4.33044 
   6.86675    1.82813   -1.99693 
-1.70431 410.455
-0.0290243    1.65144    2.34672 
 -0.591815    5.14571   -1.50179 
   7.97068   -5.94669    -5.8446 
-1.82459 215.218
 0.0289154    1.68708    2.20824 
   2.29812   0.641866    2.69699 
   8.78136   -4.98833    6.63915 
-1.1842 89.2723
  0.116357    1.75685     2.0737 
   11.5109    13.4062    10.0057 
   9.76845    11.2456  -0.477623 
-0.676655 117.605
  0.237341    1.82739     1.9713 
   18.0315    14.0093   -1.84613 
   19.1259     9.4872  -0.835386 
-0.263691 22.6692
  0.309039     1.9142    1.83711 
   23.6356    19.9881   -5.37373 
   19.6192    14.9359   -5.92968 
-0.27855 41.9645
  0.319859    2.03845    1.69165 
    18.066    13.9087    -22.516 
   13.1753    32.9349   -11.4363 
-0.953438 508.675
  0.407195    2.18892    1.61571 
   16.4615   -2.90277   -33.9446 
   9.33402    17.8997   -23.7299 
-0.883391 587.885
  0.495704    2.32035     1.5072 
   13.6139   -10.2421   -39.7174 
   32.0086   -7.42775   -43.7326 
-0.621023 362.411
  0.634757    2.44014    1.39833 
   18.6256   -5.35281   -42.8717 
   15.4563   -17.8915   -39.2879 
-0.40655 180.105
  0.672163    2.56288    1.29233 
   22.4023   -19.6425   -44.8718 
   17.2886   -18.8717   -42.4683 
-0.153488 32.5208
  0.738826    2.66383    1.23672 
   30.0798   -21.7256   -35.7619 
   36.2456   -6.60852   -38.0525 
-0.461223 271.789
  0.773951    2.82307    1.20965 
   35.2279   -21.4065   -29.4255 
   34.3952   -17.4479   -36.8715 
-0.240699 71.8074
  0.823141    2.97739    1.24029 
   39.9009   -29.7883   -14.5184 
   26.3508   -18.1501   -11.4345 
-0.504261 328.568
  0.887994    3.09883    1.18312 
   27.1767   -25.7705   -17.7449 
   27.9692   -17.8881   -19.6762 
-0.275882 66.4913
  0.974135    3.16417    1.11251 
   26.1467   -13.2473   -18.9476 
   18.1948   -35.1781   -19.3501 
-0.916172 544.353
   1.04346    3.27317    1.00113 
   23.5494   -23.7482   -22.6071 
   23.0868    -16.081   -19.7334 
-0.283879 67.2586
   1.05488    3.35005    0.94617 
   22.7538    -20.212   -25.3694 
   18.1555   -14.6202   -26.1946 
-0.256349 53.0941
   1.10857    3.43449   0.886579 
   25.5609   -17.3383   -30.1231 
   21.8745   -16.2714   -28.5297 
-0.135757 17.2673
   1.17253    3.44677   0.809353 
   25.1761   -14.4568    -32.123 
    19.371   -16.5936   -30.3544 
-0.209539 41.3935
   1.29675    3.40941   0.737207 
   30.5369   -17.1659   -33.2109 
   25.6681   -18.2191    -35.355 
-0.160649 29.4115
   1.38786    3.35018    0.64871 
   26.9767   -31.3257   -41.1724 
   22.6477   -19.9198   -39.3224 
-0.309631 152.257
   1.52386    3.35217   0.624437 
   13.7846   -29.6017     -49.62 
   20.5998   -30.7002   -36.4205 
-0.367949 221.882
   1.63142     3.4297   0.621907 
   4.47272   -20.1289   -43.0316 
   6.13117   -22.0487     -28.82 
-0.43156 208.405
   1.70358    3.45118   0.639654 
   5.37425   -15.2551   -37.6933 
  -4.25971   -40.3759   -26.0183 
-1.00125 860.178
   1.77193    3.44053   0.606433 
     6.041   -23.2073   -42.4891 
  0.365997   -36.2597   -29.4526 
-0.566431 372.52
   1.82544    3.38241   0.573296 
   -2.2574   -27.9023   -47.9571 
  -4.79138   -30.6912   -31.4642 
-0.442096 286.212
   1.86609     3.3094   0.464586 
  -3.99241   -38.5244    -55.524 
  -11.1554   -35.0992   -33.5815 
-0.513382 544.516
   1.96527    3.24891   0.358326 
  -9.07919   -48.8272   -58.2579 
  -31.3722   -16.8687    -42.429 
-0.831018 1768.87
   2.04802    3.18272   0.302593 
  -11.4882   -47.3009   -62.3188 
  -17.1525   -53.2447   -89.6405 
-0.547799 813.885
   2.11283    3.09512   0.256013 
  -6.00822   -66.6177   -74.3076 
  -17.2052   -35.4012   -57.0768 
-0.583194 1396.74
   2.18208    3.08307   0.197138 
  -11.2183   -64.3033   -68.0768 
  -17.1278   -39.0368   -42.2071 
-0.602075 1342.56
   2.27858    3.01732   0.121869 
  -10.5264   -78.0705   -77.2964 
  -22.7324   -56.6578   -34.3765 
-0.707531 2449.61
    2.3106    2.93142  0.0189839 
  -4.75847   -97.4888   -83.6007 
  -37.3153    -51.847   -44.2426 
-0.855357 4692.18
   2.31219    2.82359  -0.125999 
  -17.7761   -103.278   -82.6946 
  -45.2544    6.07122    57.7793 
-2.17462 32445.2
   2.27468    2.72211  -0.239548 
  -23.1392     10.995    40.0936 
  -56.5848    36.7379    99.3674 
-2.1828 5294.69
   2.20551    2.63994  -0.361064 
  -29.0239    27.8605    54.0099 
  -54.1749     33.012    92.7798 
-1.0286 2162.21
   2.19857    2.54995  -0.526041 
  -24.7289    16.9883    51.8431 
  -43.9486    31.3432    56.6867 
-0.600107 598.922
    2.2068    2.48262  -0.635823 
  -32.5112    14.9685    42.0959 
   -38.071    7.80075     39.677 
-0.247096 88.1387
   2.17753    2.40649  -0.755678 
   -34.353   0.325451    34.7601 
  -44.6833   -8.62782    34.6315 
-0.398801 186.893
   2.12356    2.33561  -0.881055 
  -42.2639    -3.9438    29.6969 
  -47.6595   -12.7362    34.4209 
-0.315489 128.735
   2.06055    2.27888  -0.957349 
  -38.8558   -17.9639    21.1818 
  -35.3754   -17.6287    35.7105 
-0.446788 223.309
   2.00404    2.19463   -1.06951 
  -40.5217   -23.4055    16.6436 
  -37.4279   -16.0441    29.8256 
-0.445309 237.528
   1.91555     2.1443   -1.16537 
  -41.3652   -27.4503    12.2162 
  -19.7125   -16.0445    41.4078 
-1.07315 1451.09
   1.81444    2.04941   -1.28122 
  -12.0925     -7.274     20.941 
 -0.652637   -8.38608    23.2996 
-0.608453 137.67
   1.68312    2.02354   -1.43505 
   12.7492    1.94599    6.71054 
  -1.17863   -9.39375    5.96273 
-1.42517 323.133
    1.5095    2.01973   -1.60159 
   30.5489   -3.94902   -19.9383 
    21.751    5.42464   -13.6093 
-0.537208 205.326
   1.33188    2.06077   -1.76368 
    36.261      4.936   -28.2171 
   26.9257    5.16621   -17.5772 
-0.435572 200.409
   1.15711    2.09051    -1.9446 