Mean 0 Mean 1 Mean 2 
-0.100506 1.67109 2.55508 
-0.0679423 1.62761 2.55145 
-0.0547493 1.61202 2.55432 
-0.0623507 1.63169 2.56511 
-0.10513 1.66352 2.58797 
-0.121395 1.66405 2.58376 
-0.113859 1.67901 2.50069 
-0.130125 1.71259 2.55386 
-0.147173 1.77636 2.57221 
-0.168465 1.80553 2.6416 
-0.190727 1.79575 2.64428 
-0.335646 1.84419 2.60235 
-0.364744 1.854 2.59168 
-0.513446 1.89547 2.56271 
-0.483582 1.8776 2.5027 
-0.442643 1.92731 2.57372 
-0.378924 1.8939 2.49882 
-0.3781 1.9222 2.56856 
-0.417055 1.98512 2.54132 
-0.344246 1.95978 2.58871 
-0.334548 1.92987 2.65979 
-0.302546 1.89033 2.77872 
-0.252802 1.96242 2.79249 
-0.1999 2.02485 2.80534 
-0.147449 2.08356 2.81198 
-0.0937336 2.14736 2.83067 
0.0657317 2.07505 2.71579 
0.233395 2.00201 2.60984 
0.400247 1.93218 2.51933 
0.405486 2.04357 2.58481 
0.34428 2.06617 2.6014 
0.424426 2.01498 2.65957 
0.442157 1.90136 2.78483 
0.454487 1.97589 2.78195 
0.245709 2.13936 2.77369 
0.232972 2.15826 2.79049 
0.231485 2.16733 2.81386 
0.267166 2.17737 2.88848 
0.233607 2.23281 2.8292 
0.263843 2.16043 2.88141 
0.250103 2.18325 2.80057 
0.278804 2.20415 2.70605 
0.260884 2.23664 2.62167 
0.408112 2.18114 2.5551 
0.426187 2.17768 2.49958 
0.410988 2.2374 2.51346 
0.526857 2.16333 2.49992 
0.625547 2.1685 2.49013 
0.562918 2.09883 2.59656 
0.51847 2.03328 2.67793 
