   -0.0486     1.5896     2.5862    0.47008   -1.84556   -8.84907 
-0.0383017    1.58799     2.5482   -6.56945    1.45862      1.623 
-0.0249178    1.61398    2.48117   -12.3084      3.481    4.33044 
-0.0290243    1.65144    2.34672  -0.591815    5.14571   -1.50179 
 0.0289154    1.68708    2.20824    2.29812   0.641866    2.69699 
  0.116357    1.75685     2.0737    11.5109    13.4062    10.0057 
  0.237341    1.82739     1.9713    18.0315    14.0093   -1.84613 
  0.309039     1.9142    1.83711    23.6356    19.9881   -5.37373 
  0.319859    2.03845    1.69165     18.066    13.9087    -22.516 
  0.407195    2.18892    1.61571    16.4615   -2.90277   -33.9446 
  0.495704    2.32035     1.5072    13.6139   -10.2421   -39.7174 
  0.634757    2.44014    1.39833    18.6256   -5.35281   -42.8717 
  0.672163    2.56288    1.29233    22.4023   -19.6425   -44.8718 
  0.738826    2.66383    1.23672    30.0798   -21.7256   -35.7619 
  0.773951    2.82307    1.20965    35.2279   -21.4065   -29.4255 
  0.823141    2.97739    1.24029    39.9009   -29.7883   -14.5184 
  0.887994    3.09883    1.18312    27.1767   -25.7705   -17.7449 
  0.974135    3.16417    1.11251    26.1467   -13.2473   -18.9476 
   1.04346    3.27317    1.00113    23.5494   -23.7482   -22.6071 
   1.05488    3.35005    0.94617    22.7538    -20.212   -25.3694 
   1.10857    3.43449   0.886579    25.5609   -17.3383   -30.1231 
   1.17253    3.44677   0.809353    25.1761   -14.4568    -32.123 
   1.29675    3.40941   0.737207    30.5369   -17.1659   -33.2109 
   1.38786    3.35018    0.64871    26.9767   -31.3257   -41.1724 
   1.52386    3.35217   0.624437    13.7846   -29.6017     -49.62 
   1.63142     3.4297   0.621907    4.47272   -20.1289   -43.0316 
   1.70358    3.45118   0.639654    5.37425   -15.2551   -37.6933 
   1.77193    3.44053   0.606433      6.041   -23.2073   -42.4891 
   1.82544    3.38241   0.573296    -2.2574   -27.9023   -47.9571 
   1.86609     3.3094   0.464586   -3.99241   -38.5244    -55.524 
   1.96527    3.24891   0.358326   -9.07919   -48.8272   -58.2579 
   2.04802    3.18272   0.302593   -11.4882   -47.3009   -62.3188 
   2.11283    3.09512   0.256013   -6.00822   -66.6177   -74.3076 
   2.18208    3.08307   0.197138   -11.2183   -64.3033   -68.0768 
   2.27858    3.01732   0.121869   -10.5264   -78.0705   -77.2964 
    2.3106    2.93142  0.0189839   -4.75847   -97.4888   -83.6007 
   2.31219    2.82359  -0.125999   -17.7761   -103.278   -82.6946 
   2.27468    2.72211  -0.239548   -23.1392     10.995    40.0936 
   2.20551    2.63994  -0.361064   -29.0239    27.8605    54.0099 
   2.19857    2.54995  -0.526041   -24.7289    16.9883    51.8431 
    2.2068    2.48262  -0.635823   -32.5112    14.9685    42.0959 
   2.17753    2.40649  -0.755678    -34.353   0.325451    34.7601 
   2.12356    2.33561  -0.881055   -42.2639    -3.9438    29.6969 
   2.06055    2.27888  -0.957349   -38.8558   -17.9639    21.1818 
   2.00404    2.19463   -1.06951   -40.5217   -23.4055    16.6436 
   1.91555     2.1443   -1.16537   -41.3652   -27.4503    12.2162 
   1.81444    2.04941   -1.28122   -12.0925     -7.274     20.941 
   1.68312    2.02354   -1.43505    12.7492    1.94599    6.71054 
    1.5095    2.01973   -1.60159    30.5489   -3.94902   -19.9383 
   1.33188    2.06077   -1.76368     36.261      4.936   -28.2171 
