Var 0 Var 1 Var 2 
0.000313881 0.0010925 2.53277e-05 
0.000400587 0.00105703 2.4795e-05 
0.000815079 0.00259856 0.00959063 
0.0293913 0.0178975 0.236437 
0.0247286 0.016055 0.199839 
0.0211012 0.0158827 0.195074 
0.0563184 0.0248851 0.431261 
0.0490317 0.0216698 0.375445 
0.0578516 0.101593 0.487623 
0.0656852 0.095696 0.437857 
0.0595432 0.0865926 0.396055 
0.445393 0.137203 0.37809 
1.64889 0.305961 0.477949 
1.62551 0.293576 0.455965 
2.46517 0.363447 0.500791 
2.29956 0.338991 0.467145 
2.15427 0.31942 0.466428 
2.04216 0.305895 0.456692 
1.95589 0.296176 0.468707 
2.04692 0.496548 1.67172 
1.93934 0.470452 1.58389 
1.86733 0.449726 1.59937 
1.77685 0.427936 1.52187 
1.6942 0.428192 1.47006 
1.62676 0.42896 1.4186 
1.56865 0.55576 1.44063 
1.55737 0.651531 1.47606 
1.49437 0.625453 1.4166 
1.44152 0.606506 1.36336 
1.38693 0.76063 1.34548 
2.41474 1.21613 1.8196 
2.33728 1.17742 1.75748 
2.25578 1.13803 1.71093 
2.31193 1.47716 1.68896 
2.24083 1.43537 1.63513 
2.16702 1.38809 1.58127 
2.10126 1.3437 1.53938 
2.4252 1.33306 2.33522 
2.42439 1.29878 2.31337 
2.3949 1.5916 2.27153 
2.37244 1.72837 2.48037 
2.60264 1.73152 2.42514 
2.52847 1.68217 2.35603 
2.45772 1.63511 2.29011 
2.83324 1.70566 2.23302 
2.76161 1.66378 2.17774 
2.68827 1.6196 2.11991 
2.68161 1.59571 2.17297 
2.63007 1.58009 2.12772 
2.61071 1.54242 2.13316 
