
  -4.42903    3.06577 
  -2.47703    2.16318 
-0.266455 4.62499
  -1.93986   0.041562 
  -4.35229   0.787679 
  0.373919    1.98004 
-0.603922 23.7588
  -2.05176 -0.0351532 
   0.40543  -0.438927 
 -0.140963  0.0897772 
-0.0942021 0.578074
  -2.08197  -0.239631 
   -6.2176   -3.60385 
  -1.66942   -3.54239 
-0.506602 20.6897
  -2.25591  -0.298522 
 -0.562077   -2.17189 
   2.31647    -6.3075 
-0.624301 25.3893
  -2.42218  -0.292407 
  -8.17798   -7.24344 
  -3.23272   -4.87623 
-0.459775 30.0592
  -2.53848  -0.398062 
  -4.74197   -2.51599 
  -3.82053   -4.68761 
-0.292281 5.56499
  -2.61072  -0.554967 
  -9.19217    -4.6062 
  -7.30341   -7.62479 
-0.310606 12.6793
    -2.724  -0.624295 
  -12.3155   -8.89342 
  -8.27753   -8.98756 
-0.249462 16.3137
  -2.81694  -0.750663 
  -12.2195   -11.5423 
  -16.3381   -11.7402 
-0.231533 17.0022
  -2.79594  -0.925978 
  -11.6573   -10.2522 
  -14.8467   -14.7097 
-0.331694 30.0412
  -2.81075   -1.10214 
  -16.6363   -15.5785 
  -18.9515   -17.0888 
-0.116186 7.64104
  -2.81757   -1.18612 
  -19.4432   -19.1226 
  -18.9886   -16.9747 
-0.0776584 4.82016
  -2.71137   -1.37522 
  -10.8574   -16.4364 
  -13.5769   -14.3549 
-0.165457 11.7288
  -2.60896    -1.4087 
  -8.41963   -11.1634 
  -7.83245    -13.431 
-0.156342 5.48685
  -2.58266   -1.44367 
  -8.13914   -16.2535 
  -6.53257   -12.4628 
-0.214682 16.9502
  -2.66736   -1.35525 
  -11.6384   -9.48577 
  -11.0773   -14.7155 
-0.328437 27.6647
  -2.66439    -1.1359 
  -7.80596   -11.7121 
  -9.63857   -15.7309 
-0.292997 19.5093
  -2.63711  -0.891133 
  -7.12358   -10.6574 
  -6.54199   -12.7708 
-0.158627 4.80511
  -2.56988  -0.640863 
  -3.66314   -7.22696 
  -5.89229   -9.52907 
-0.32739 10.2688
  -2.50493  -0.417234 