   -1.8028     0.1084   -4.42903    3.06577 
  -1.93986   0.041562   -4.35229   0.787679 
  -2.05176 -0.0351532    0.40543  -0.438927 
  -2.08197  -0.239631    -6.2176   -3.60385 
  -2.25591  -0.298522  -0.562077   -2.17189 
  -2.42218  -0.292407   -8.17798   -7.24344 
  -2.53848  -0.398062   -4.74197   -2.51599 
  -2.61072  -0.554967   -9.19217    -4.6062 
    -2.724  -0.624295   -12.3155   -8.89342 
  -2.81694  -0.750663   -12.2195   -11.5423 
  -2.79594  -0.925978   -11.6573   -10.2522 
  -2.81075   -1.10214   -16.6363   -15.5785 
  -2.81757   -1.18612   -19.4432   -19.1226 
  -2.71137   -1.37522   -10.8574   -16.4364 
  -2.60896    -1.4087   -8.41963   -11.1634 
  -2.58266   -1.44367   -8.13914   -16.2535 
  -2.66736   -1.35525   -11.6384   -9.48577 
  -2.66439    -1.1359   -7.80596   -11.7121 
  -2.63711  -0.891133   -7.12358   -10.6574 
  -2.56988  -0.640863   -3.66314   -7.22696 
