
  -9.77566    17.5692    2.34871 
   2.34911    26.5067   -8.46962 
-1.13768 343.925
 -0.316481    1.93234    2.51033 
  -8.62206    18.0418     2.1666 
  -0.63419     22.254   -8.58877 
-0.865287 197.227
 -0.350393    1.92008    2.51145 
    -13.67    19.3206   0.638301 
  -5.49831    18.8321   -8.60262 
-0.664082 152.41
 -0.334705     1.8763     2.5204 
  -16.9996    13.1557   -5.07758 
  -5.06985    15.5656   -7.22613 
-0.718215 152.743
  -0.30571    1.89095    2.50541 
  -6.58275    11.0064    -2.7896 
  0.327845    17.4424   -5.70575 
-0.85276 97.6833
 -0.204802    1.93941    2.53656 
   1.42294    20.3363   -4.10549 
   14.6516    13.1028   0.707487 
-0.939839 250.485
 -0.142875    1.98797     2.5892 
   3.44234     22.738   0.825885 
   21.8308    14.9031    10.6041 
-1.2131 495.136
-0.0618355     2.0332    2.69101 
   8.97486    21.0799   -1.89597 
   19.4542    31.7064    4.26747 
-0.891845 260.729
 0.0294619    2.02717    2.79464 
   13.1327    24.8905     6.6405 
   15.3166    23.1083   0.140082 
-0.327196 50.2013
   0.11673    2.01298    2.85437 
   14.0014    20.1252   0.783719 
   13.8163    10.6764    2.00089 
-0.498012 90.795
  0.181278    2.01932    2.92267 
   23.4124    24.9857    4.46379 
   8.05639    11.6688   -13.6558 
-1.07722 741.466
  0.243494    2.03769    2.96126 
   19.9863    23.5172    9.22209 
   19.8412    -4.1653   -1.34017 
-1.24694 877.904
  0.279075    2.03064    2.95048 
   16.6276    20.9896    8.40818 
   16.4542    5.67607   -12.8769 
-1.24227 687.589
  0.315794    2.02826    2.99151 
   21.9471     18.556     3.0641 
   14.8264    13.4663   -2.04775 
-0.464545 102.74
  0.367105    2.01541    3.00671 
   26.9501    26.5058    13.2069 
   20.9684     10.427   -1.42603 
-0.786053 508.433
  0.339317    1.99718    3.06072 
   26.4189     21.829    12.8375 
   15.0149    2.47864   -2.57153 
-1.02661 741.924
   0.28759    1.91462    3.05727 
   24.7131    28.8139     9.5363 
   18.4753    20.1735    3.15263 
-0.441702 154.319
  0.183372    1.86185    3.01777 
   22.1521    21.2217    -2.7051 
   20.5322    30.2803   -3.17752 
-0.399893 84.9053
 0.0430943    1.78154    3.07844 
    11.643    20.8981    7.97577 
    15.383    28.5493    1.83529 
-0.545106 110.235
-0.0914296    1.73653    3.12952 
   4.80712    19.1139    9.48822 
   9.39867    21.4897    3.30076 
-0.471639 65.0113
 -0.257894    1.69336     3.2217 
  -3.98647     11.552     0.5848 
  -14.5941    11.4849    27.6076 
-2.53825 842.755
 -0.318803     1.6532     3.2265 
  -16.3585    4.34462  -0.112762 
  -20.8668     11.028    20.1802 
-1.52046 476.797
 -0.367245    1.55827     3.2904 
  -13.6326   -3.33366    3.97715 
  -22.2059    6.58403    5.67637 
-1.04199 174.75
 -0.410559    1.46206    3.38221 
  -27.6868   -11.7377    8.71341 
  -26.7752   -1.60998   -2.26565 
-0.645383 223.941
 -0.423623    1.44151    3.39924 
  -27.8575    -17.148    1.67013 
  -28.2691    -3.6546   -2.78771 
-0.584536 202.115
 -0.449813    1.43754    3.46182 
  -29.5067   -15.5226    6.74651 
  -29.0943   -1.62858    3.73578 
-0.57103 202.278
 -0.454655    1.38992    3.51213 
  -32.1968   -17.8615    11.5841 
  -28.0961   -6.16371    9.76566 
-0.450883 156.962
 -0.453909    1.33388     3.5194 
  -29.8621   -28.3802    1.10761 
  -32.0741   -14.3517    7.97068 
-0.533033 248.793
 -0.469986     1.3057    3.52311 
  -37.3381   -37.0689  -0.518727 
  -34.0177   -20.6115    5.85748 
-0.491456 322.528
 -0.471652    1.27705    3.52191 
  -36.9466   -35.7433    2.07585 
  -36.6866   -24.9618    2.90752 
-0.30202 116.999
 -0.470764    1.29342    3.52244 
  -39.5165   -27.7871    8.14335 
   -35.193   -22.5591    4.57836 
-0.22411 58.734
 -0.473519     1.3145    3.52351 
  -33.2237   -23.8177    13.1653 
  -32.8975   -19.4723    6.99458 
-0.247783 57.0671
 -0.519862    1.34507    3.54674 
   -30.482   -28.2338    5.77067 
  -29.2108   -16.7752    9.25407 
-0.403212 145.05
 -0.592638    1.34959     3.5996 
  -36.5882   -32.8559   -1.62345 
  -32.2129    -24.207    4.89939 
-0.338988 136.492
 -0.636055    1.34887     3.6852 
  -41.2001   -29.1817    5.90131 
  -37.5517   -27.4621    4.76359 
-0.118658 17.5623
 -0.652764    1.35079     3.7296 
  -37.4714    -28.834   -2.88356 
  -38.8958   -24.1699    3.37355 
-0.238131 62.9344
 -0.669288    1.36198    3.72633 
  -43.9933   -31.7049    3.94068 
  -38.7746   -25.2897    4.85356 
-0.221789 69.2231
 -0.693289    1.35231    3.75943 
  -38.1777   -31.8644   -1.80517 
  -39.9867   -22.8405    3.10388 
-0.299742 108.801
 -0.724569    1.37299     3.7913 
  -42.5257   -26.7657    7.75769 
  -40.9057   -22.1803    3.04818 
-0.191643 45.8294
 -0.799273    1.41308    3.82871 
   -43.663   -25.1465    8.29444 
  -45.4021   -16.1282    2.63119 
-0.304294 116.426
 -0.870354    1.50256    3.85007 
  -44.0557   -22.5306  -0.711538 
  -44.9468   -11.2133    4.41741 
-0.359506 155.18
 -0.925873    1.57565     3.8504 
  -41.5373   -13.4602    -2.0462 
  -48.9161  -0.229169     7.4727 
-0.575185 320.116
  -0.94907    1.69964    3.82026 
  -42.8861   -1.94736    5.50745 
  -44.1652    6.80925    10.7882 
-0.334097 106.2
 -0.977362    1.83199    3.73306 
  -43.9863    6.70082    4.13202 
  -38.3413    15.1072    19.8905 
-0.5925 350.864
  -0.95863    1.96516    3.63351 
  -40.9903    16.3033     4.7642 
  -42.4775    42.8717    11.0737 
-0.871461 747.899
 -0.881834    2.06739    3.51112 
  -40.1744    15.3425     10.904 
  -40.5913    53.8088     20.124 
-1.26131 1564.84
 -0.867849    2.18187    3.38571 
  -25.5729    28.9379    8.31921 
  -32.6839    50.8985      27.39 
-1.05611 896.531
 -0.831534    2.29529    3.29435 
   -24.906    35.7197    9.89279 
  -22.7315    55.4713     22.287 
-0.742508 548.471
 -0.825577    2.40653     3.1801 
  -23.5608     36.162    6.51856 
   -23.386    58.3253    30.6661 
-1.06001 1074.34
 -0.776896    2.52002    3.10449 
  -24.8252    28.5543    12.3226 
  -16.8698    39.8779    16.2572 
-0.50426 206.991
 -0.714233    2.59451    3.02692 