   -0.2872     1.9435     2.4998   -9.77566    17.5692    2.34871 
 -0.316481    1.93234    2.51033   -8.62206    18.0418     2.1666 
 -0.350393    1.92008    2.51145     -13.67    19.3206   0.638301 
 -0.334705     1.8763     2.5204   -16.9996    13.1557   -5.07758 
  -0.30571    1.89095    2.50541   -6.58275    11.0064    -2.7896 
 -0.204802    1.93941    2.53656    1.42294    20.3363   -4.10549 
 -0.142875    1.98797     2.5892    3.44234     22.738   0.825885 
-0.0618355     2.0332    2.69101    8.97486    21.0799   -1.89597 
 0.0294619    2.02717    2.79464    13.1327    24.8905     6.6405 
   0.11673    2.01298    2.85437    14.0014    20.1252   0.783719 
  0.181278    2.01932    2.92267    23.4124    24.9857    4.46379 
  0.243494    2.03769    2.96126    19.9863    23.5172    9.22209 
  0.279075    2.03064    2.95048    16.6276    20.9896    8.40818 
  0.315794    2.02826    2.99151    21.9471     18.556     3.0641 
  0.367105    2.01541    3.00671    26.9501    26.5058    13.2069 
  0.339317    1.99718    3.06072    26.4189     21.829    12.8375 
   0.28759    1.91462    3.05727    24.7131    28.8139     9.5363 
  0.183372    1.86185    3.01777    22.1521    21.2217    -2.7051 
 0.0430943    1.78154    3.07844     11.643    20.8981    7.97577 
-0.0914296    1.73653    3.12952    4.80712    19.1139    9.48822 
 -0.257894    1.69336     3.2217   -3.98647     11.552     0.5848 
 -0.318803     1.6532     3.2265   -16.3585    4.34462  -0.112762 
 -0.367245    1.55827     3.2904   -13.6326   -3.33366    3.97715 
 -0.410559    1.46206    3.38221   -27.6868   -11.7377    8.71341 
 -0.423623    1.44151    3.39924   -27.8575    -17.148    1.67013 
 -0.449813    1.43754    3.46182   -29.5067   -15.5226    6.74651 
 -0.454655    1.38992    3.51213   -32.1968   -17.8615    11.5841 
 -0.453909    1.33388     3.5194   -29.8621   -28.3802    1.10761 
 -0.469986     1.3057    3.52311   -37.3381   -37.0689  -0.518727 
 -0.471652    1.27705    3.52191   -36.9466   -35.7433    2.07585 
 -0.470764    1.29342    3.52244   -39.5165   -27.7871    8.14335 
 -0.473519     1.3145    3.52351   -33.2237   -23.8177    13.1653 
 -0.519862    1.34507    3.54674    -30.482   -28.2338    5.77067 
 -0.592638    1.34959     3.5996   -36.5882   -32.8559   -1.62345 
 -0.636055    1.34887     3.6852   -41.2001   -29.1817    5.90131 
 -0.652764    1.35079     3.7296   -37.4714    -28.834   -2.88356 
 -0.669288    1.36198    3.72633   -43.9933   -31.7049    3.94068 
 -0.693289    1.35231    3.75943   -38.1777   -31.8644   -1.80517 
 -0.724569    1.37299     3.7913   -42.5257   -26.7657    7.75769 
 -0.799273    1.41308    3.82871    -43.663   -25.1465    8.29444 
 -0.870354    1.50256    3.85007   -44.0557   -22.5306  -0.711538 
 -0.925873    1.57565     3.8504   -41.5373   -13.4602    -2.0462 
  -0.94907    1.69964    3.82026   -42.8861   -1.94736    5.50745 
 -0.977362    1.83199    3.73306   -43.9863    6.70082    4.13202 
  -0.95863    1.96516    3.63351   -40.9903    16.3033     4.7642 
 -0.881834    2.06739    3.51112   -40.1744    15.3425     10.904 
 -0.867849    2.18187    3.38571   -25.5729    28.9379    8.31921 
 -0.831534    2.29529    3.29435    -24.906    35.7197    9.89279 
 -0.825577    2.40653     3.1801   -23.5608     36.162    6.51856 
 -0.776896    2.52002    3.10449   -24.8252    28.5543    12.3226 
