#! FIELDS time phi1 psi1
#! SET min_phi1 -pi
#! SET max_phi1 pi
#! SET min_psi1 -pi
#! SET max_psi1 pi
 0.000000 -1.959789 -0.827227
 0.002000 -1.969982 -0.810820
 0.004000 -1.986613 -0.793826
 0.006000 -2.008292 -0.776796
 0.008000 -2.032566 -0.760955
 0.010000 -2.056084 -0.748107
 0.012000 -2.075306 -0.739856
 0.014000 -2.087733 -0.736258
 0.016000 -2.092628 -0.735158
 0.018000 -2.090776 -0.733223
 0.020000 -2.083820 -0.727959
 0.022000 -2.073741 -0.718915
 0.024000 -2.062731 -0.707689
 0.026000 -2.051917 -0.696566
 0.028000 -2.041513 -0.688589
 0.030000 -2.030621 -0.686594
 0.032000 -2.018086 -0.692290
 0.034000 -2.003757 -0.705196
 0.036000 -1.989084 -0.722703
 0.038000 -1.976652 -0.741462
 0.040000 -1.968994 -0.759129
 0.042000 -1.967528 -0.775271
 0.044000 -1.972229 -0.791858
 0.046000 -1.982306 -0.809937
 0.048000 -1.996416 -0.831072
 0.050000 -2.013241 -0.855409
 0.052000 -2.031526 -0.881323
 0.054000 -2.050138 -0.905388
 0.056000 -2.068001 -0.923199
 0.058000 -2.084196 -0.930736
 0.060000 -2.098152 -0.925734
 0.062000 -2.109721 -0.908536
 0.064000 -2.119447 -0.881415
 0.066000 -2.126779 -0.849795
 0.068000 -2.131127 -0.818464
 0.070000 -2.131528 -0.790186
 0.072000 -2.127072 -0.765145
 0.074000 -2.117425 -0.741444
 0.076000 -2.103016 -0.716645
 0.078000 -2.084743 -0.689541
 0.080000 -2.063440 -0.661462
 0.082000 -2.039391 -0.636490
 0.084000 -2.010901 -0.618713
 0.086000 -1.978738 -0.615270
 0.088000 -1.942661 -0.629218
 0.090000 -1.904153 -0.659867
 0.092000 -1.866417 -0.703252
 0.094000 -1.833749 -0.753132
 0.096000 -1.810295 -0.802505
 0.098000 -1.798554 -0.845262
 0.100000 -1.798404 -0.877491
 0.102000 -1.807584 -0.897776
 0.104000 -1.823218 -0.905968
 0.106000 -1.843637 -0.902928
 0.108000 -1.867747 -0.888993
 0.110000 -1.894373 -0.864295
 0.112000 -1.921405 -0.829695
 0.114000 -1.946028 -0.786949
 0.116000 -1.965333 -0.738718
 0.118000 -1.976794 -0.688711
 0.120000 -1.978588 -0.641564
 0.122000 -1.969789 -0.602036
 0.124000 -1.951037 -0.575403
 0.126000 -1.923681 -0.560967
 0.128000 -1.891135 -0.557717
 0.130000 -1.858112 -0.563182
 0.132000 -1.829174 -0.574513
 0.134000 -1.807587 -0.588802
 0.136000 -1.794538 -0.603398
 0.138000 -1.788787 -0.616503
 0.140000 -1.787155 -0.627566
 0.142000 -1.786034 -0.636926
 0.144000 -1.783035 -0.645392
 0.146000 -1.777688 -0.652106
 0.148000 -1.771074 -0.656178
 0.150000 -1.765386 -0.656631
 0.152000 -1.763139 -0.653066
 0.154000 -1.766471 -0.645661
 0.156000 -1.776270 -0.634944
 0.158000 -1.791517 -0.621499
 0.160000 -1.809489 -0.605529
 0.162000 -1.826900 -0.586391
 0.164000 -1.841106 -0.562779
 0.166000 -1.850626 -0.533655
 0.168000 -1.854840 -0.499497
 0.170000 -1.853545 -0.462772
 0.172000 -1.846508 -0.427843
 0.174000 -1.833549 -0.399802
 0.176000 -1.814859 -0.382911
 0.178000 -1.791516 -0.379228
 0.180000 -1.765649 -0.388009
 0.182000 -1.739930 -0.406094
 0.184000 -1.718728 -0.427728
 0.186000 -1.700969 -0.450794
 0.188000 -1.686584 -0.473034
 0.190000 -1.675094 -0.493599
 0.192000 -1.666088 -0.512726
 0.194000 -1.659729 -0.530813
 0.196000 -1.656873 -0.547446
 0.198000 -1.658603 -0.560693
 0.200000 -1.665217 -0.567158
 0.202000 -1.675366 -0.563049
 0.204000 -1.686818 -0.545558
 0.206000 -1.695904 -0.514747
 0.208000 -1.700344 -0.473796
 0.210000 -1.699102 -0.428796
 0.212000 -1.691982 -0.387604
 0.214000 -1.679475 -0.357629
 0.216000 -1.663215 -0.343337
 0.218000 -1.646475 -0.344710
 0.220000 -1.633634 -0.357449
 0.222000 -1.628482 -0.374800
 0.224000 -1.632157 -0.391344
 0.226000 -1.643925 -0.400234
 0.228000 -1.660458 -0.399514
 0.230000 -1.677685 -0.390748
 0.232000 -1.691666 -0.378467
 0.234000 -1.699515 -0.368362
 0.236000 -1.700119 -0.365129
 0.238000 -1.694250 -0.370958
 0.240000 -1.683954 -0.385132
 0.242000 -1.671696 -0.404482
 0.244000 -1.659741 -0.424296
 0.246000 -1.649274 -0.440424
 0.248000 -1.640432 -0.450434
 0.250000 -1.632627 -0.454167
 0.252000 -1.625148 -0.453022
 0.254000 -1.618158 -0.448251
 0.256000 -1.613587 -0.439664
 0.258000 -1.614986 -0.425777
 0.260000 -1.626034 -0.405064
 0.262000 -1.648836 -0.377097
 0.264000 -1.681858 -0.344455
 0.266000 -1.723617 -0.307850
 0.268000 -1.769234 -0.270904
 0.270000 -1.813247 -0.238104
 0.272000 -1.851382 -0.213801
 0.274000 -1.881284 -0.201145
 0.276000 -1.901938 -0.201724
 0.278000 -1.912757 -0.215959
 0.280000 -1.913303 -0.243330
 0.282000 -1.903667 -0.282118
 0.284000 -1.885729 -0.326560
 0.286000 -1.861152 -0.374984
 0.288000 -1.833066 -0.422131
 0.290000 -1.804616 -0.462401
 0.292000 -1.778192 -0.490594
 0.294000 -1.755535 -0.502489
 0.296000 -1.738577 -0.495467
 0.298000 -1.730106 -0.469160
 0.300000 -1.733221 -0.425934
 0.302000 -1.749673 -0.370931
 0.304000 -1.777693 -0.313607
 0.306000 -1.814464 -0.258837
 0.308000 -1.855815 -0.211943
 0.310000 -1.898540 -0.175410
 0.312000 -1.940694 -0.149416
 0.314000 -1.980905 -0.133170
 0.316000 -2.017537 -0.126018
 0.318000 -2.048359 -0.127814
 0.320000 -2.070847 -0.138647
 0.322000 -2.082869 -0.158145
 0.324000 -2.083363 -0.184658
 0.326000 -2.073347 -0.215554
 0.328000 -2.055375 -0.246351
 0.330000 -2.032897 -0.271434
 0.332000 -2.009197 -0.285544
 0.334000 -1.986667 -0.285418
 0.336000 -1.966679 -0.270895
 0.338000 -1.949756 -0.245036
 0.340000 -1.935629 -0.212990
 0.342000 -1.923708 -0.180186
 0.344000 -1.913067 -0.148275
 0.346000 -1.905279 -0.121402
 0.348000 -1.901608 -0.098977
 0.350000 -1.903225 -0.079331
 0.352000 -1.910590 -0.061079
 0.354000 -1.923194 -0.043886
 0.356000 -1.939646 -0.028496
 0.358000 -1.957932 -0.016493
 0.360000 -1.975885 -0.009837
 0.362000 -1.991723 -0.010228
 0.364000 -2.004331 -0.018276
 0.366000 -2.014001 -0.032972
 0.368000 -2.021624 -0.051636
 0.370000 -2.028308 -0.070356
 0.372000 -2.034723 -0.084835
 0.374000 -2.040673 -0.091499
 0.376000 -2.045103 -0.088467
 0.378000 -2.046533 -0.075851
 0.380000 -2.043667 -0.055247
 0.382000 -2.035961 -0.028946
 0.384000 -2.023784 0.001165
 0.386000 -2.008532 0.032099
 0.388000 -1.991526 0.061563
 0.390000 -1.973909 0.087940
 0.392000 -1.956688 0.110514
 0.394000 -1.940648 0.129109
 0.396000 -1.926118 0.143432
 0.398000 -1.913145 0.153146
 0.400000 -1.902125 0.158606
 0.402000 -1.894198 0.161350
 0.404000 -1.890389 0.163936
 0.406000 -1.892192 0.168478
 0.408000 -1.899358 0.176280
 0.410000 -1.910280 0.187750
 0.412000 -1.922396 0.202612
 0.414000 -1.932962 0.220042
 0.416000 -1.939790 0.238738
 0.418000 -1.941610 0.257145
 0.420000 -1.938102 0.273778
 0.422000 -1.929785 0.287404
 0.424000 -1.917823 0.296853
 0.426000 -1.903462 0.300950
 0.428000 -1.887910 0.298220
 0.430000 -1.872318 0.287544
 0.432000 -1.858042 0.269075
 0.434000 -1.846856 0.244999
 0.436000 -1.840791 0.219569
 0.438000 -1.841507 0.198186
 0.440000 -1.849634 0.185944
 0.442000 -1.864436 0.186129
 0.444000 -1.883729 0.199290
 0.446000 -1.905188 0.223084
 0.448000 -1.925877 0.252850
 0.450000 -1.942937 0.283102
 0.452000 -1.954076 0.309324
 0.454000 -1.958073 0.329350
 0.456000 -1.954965 0.343484
 0.458000 -1.945890 0.353480
 0.460000 -1.932691 0.361248
 0.462000 -1.917378 0.367946
 0.464000 -1.901544 0.373636
 0.466000 -1.885890 0.377232
 0.468000 -1.869970 0.377062
 0.470000 -1.852742 0.371980
 0.472000 -1.833657 0.362527
 0.474000 -1.813628 0.351450
 0.476000 -1.794957 0.342923
 0.478000 -1.780337 0.340909
 0.480000 -1.771840 0.347608
 0.482000 -1.770454 0.362684
 0.484000 -1.775938 0.383183
 0.486000 -1.786803 0.404530
 0.488000 -1.800644 0.421459
 0.490000 -1.814930 0.429966
 0.492000 -1.827918 0.429037
 0.494000 -1.839108 0.421277
 0.496000 -1.848841 0.411837
 0.498000 -1.857236 0.406218
 0.500000 -1.863408 0.408201
 0.502000 -1.865724 0.418730
 0.504000 -1.862741 0.436043
 0.506000 -1.853520 0.456063
 0.508000 -1.837559 0.474338
 0.510000 -1.814963 0.487441
 0.512000 -1.787343 0.493933
 0.514000 -1.758196 0.494321
 0.516000 -1.732042 0.490383
 0.518000 -1.713138 0.484397
 0.520000 -1.704597 0.478481
 0.522000 -1.707816 0.474007
 0.524000 -1.722357 0.471222
 0.526000 -1.746267 0.469562
 0.528000 -1.777170 0.468089
 0.530000 -1.812655 0.466259
 0.532000 -1.849921 0.464348
 0.534000 -1.885437 0.463368
 0.536000 -1.915356 0.464535
 0.538000 -1.936445 0.468619
 0.540000 -1.946834 0.475601
 0.542000 -1.946207 0.484820
 0.544000 -1.935545 0.495731
 0.546000 -1.916588 0.507405
 0.548000 -1.891188 0.519230
 0.550000 -1.861148 0.530522
 0.552000 -1.828621 0.540609
 0.554000 -1.796735 0.549401
 0.556000 -1.769431 0.557652
 0.558000 -1.750098 0.566397
 0.560000 -1.740173 0.576152
 0.562000 -1.739059 0.586789
 0.564000 -1.745190 0.598222
 0.566000 -1.756988 0.610370
 0.568000 -1.772851 0.623239
 0.570000 -1.790801 0.636161
 0.572000 -1.808314 0.647364
 0.574000 -1.822895 0.654415
 0.576000 -1.832784 0.655086
 0.578000 -1.837258 0.648151
 0.580000 -1.836415 0.633715
 0.582000 -1.830918 0.613185
 0.584000 -1.821480 0.587241
 0.586000 -1.810186 0.560690
 0.588000 -1.798481 0.536394
 0.590000 -1.787132 0.516405
 0.592000 -1.776034 0.501333
 0.594000 -1.764600 0.490483
 0.596000 -1.752264 0.482731
 0.598000 -1.738901 0.477552
 0.600000 -1.725140 0.475530
 0.602000 -1.712330 0.478016
 0.604000 -1.701579 0.486367
 0.606000 -1.694925 0.500929
 0.608000 -1.693675 0.521064
 0.610000 -1.698960 0.545111
 0.612000 -1.710928 0.570204
 0.614000 -1.728032 0.592464
 0.616000 -1.747439 0.607893
 0.618000 -1.766423 0.613746
 0.620000 -1.783347 0.609452
 0.622000 -1.797597 0.596535
 0.624000 -1.808676 0.577970
 0.626000 -1.816391 0.556404
 0.628000 -1.819482 0.534302
 0.630000 -1.816029 0.513368
 0.632000 -1.804335 0.494097
 0.634000 -1.784176 0.475965
 0.636000 -1.757347 0.458168
 0.638000 -1.727286 0.440719
 0.640000 -1.698321 0.425358
 0.642000 -1.674743 0.415509
 0.644000 -1.659418 0.414904
 0.646000 -1.653376 0.426000
 0.648000 -1.655460 0.448558
 0.650000 -1.663599 0.479708
 0.652000 -1.675509 0.514423
 0.654000 -1.688940 0.546678
 0.656000 -1.701446 0.570537
 0.658000 -1.710333 0.581042
 0.660000 -1.713410 0.575230
 0.662000 -1.710193 0.553289
 0.664000 -1.701908 0.516436
 0.666000 -1.691101 0.473569
 0.668000 -1.678725 0.431152
 0.670000 -1.664676 0.394602
 0.672000 -1.649042 0.367468
 0.674000 -1.633313 0.351228
 0.676000 -1.620162 0.345291
 0.678000 -1.612060 0.347501
 0.680000 -1.610231 0.355123
 0.682000 -1.614803 0.366034
 0.684000 -1.625498 0.379766
 0.686000 -1.641133 0.396257
 0.688000 -1.659652 0.415807
 0.690000 -1.678674 0.438114
 0.692000 -1.696547 0.461879
 0.694000 -1.712905 0.484899
 0.696000 -1.727896 0.503809
 0.698000 -1.741197 0.513986
 0.700000 -1.752106 0.510405
 0.702000 -1.761034 0.489867
 0.704000 -1.769754 0.455045
 0.706000 -1.782865 0.409226
 0.708000 -1.802626 0.360331
 0.710000 -1.827637 0.316890
 0.712000 -1.853526 0.285981
 0.714000 -1.876073 0.272309
 0.716000 -1.893548 0.277813
 0.718000 -1.906536 0.301211
 0.720000 -1.916097 0.337585
 0.722000 -1.922041 0.378946
 0.724000 -1.923114 0.418122
 0.726000 -1.917460 0.446781
 0.728000 -1.904975 0.462165
 0.730000 -1.887537 0.465321
 0.732000 -1.867805 0.459015
 0.734000 -1.848157 0.446123
 0.736000 -1.830389 0.428992
 0.738000 -1.815874 0.409334
 0.740000 -1.805721 0.388270
 0.742000 -1.800956 0.366583
 0.744000 -1.802875 0.345609
 0.746000 -1.812962 0.327019
 0.748000 -1.832614 0.314183
 0.750000 -1.862179 0.311547
 0.752000 -1.899541 0.322343
 0.754000 -1.940362 0.346698
 0.756000 -1.979773 0.381220
 0.758000 -2.014035 0.420129
 0.760000 -2.041006 0.456952
 0.762000 -2.059551 0.485759
 0.764000 -2.067968 0.500656
 0.766000 -2.066087 0.499892
 0.768000 -2.053413 0.482496
 0.770000 -2.030916 0.450385
 0.772000 -2.001031 0.407848
 0.774000 -1.966704 0.360434
 0.776000 -1.930081 0.313408
 0.778000 -1.892261 0.270837
 0.780000 -1.854481 0.235629
 0.782000 -1.819783 0.209918
 0.784000 -1.794727 0.195966
 0.786000 -1.784256 0.193272
 0.788000 -1.791989 0.200552
 0.790000 -1.817679 0.215819
 0.792000 -1.857118 0.236897
 0.794000 -1.904204 0.262244
 0.796000 -1.953037 0.290902
 0.798000 -1.999110 0.321967
 0.800000 -2.039376 0.354179
 0.802000 -2.071542 0.385818
 0.804000 -2.095565 0.417143
 0.806000 -2.106506 0.443858
 0.808000 -2.102135 0.464083
 0.810000 -2.081733 0.476751
 0.812000 -2.046547 0.481348
 0.814000 -1.999566 0.478068
 0.816000 -1.944643 0.467608
 0.818000 -1.885574 0.450798
 0.820000 -1.825773 0.428493
 0.822000 -1.768662 0.401889
 0.824000 -1.720819 0.374228
 0.826000 -1.684014 0.347226
 0.828000 -1.661416 0.323946
 0.830000 -1.654608 0.307313
 0.832000 -1.662947 0.299199
 0.834000 -1.684523 0.300699
 0.836000 -1.716953 0.312396
 0.838000 -1.757626 0.334112
 0.840000 -1.803600 0.364202
 0.842000 -1.851297 0.399095
 0.844000 -1.895303 0.432948
 0.846000 -1.932048 0.461267
 0.848000 -1.957987 0.480098
 0.850000 -1.971639 0.488103
 0.852000 -1.973352 0.485887
 0.854000 -1.964748 0.475274
 0.856000 -1.948376 0.458419
 0.858000 -1.927634 0.437346
 0.860000 -1.906501 0.413985
 0.862000 -1.889063 0.390434
 0.864000 -1.877701 0.367135
 0.866000 -1.875909 0.347204
 0.868000 -1.883251 0.331075
 0.870000 -1.897526 0.319185
 0.872000 -1.916053 0.312268
 0.874000 -1.937228 0.311484
 0.876000 -1.960543 0.317757
 0.878000 -1.985755 0.331154
 0.880000 -2.012191 0.350760
 0.882000 -2.038431 0.374813
 0.884000 -2.060966 0.399602
 0.886000 -2.078289 0.423262
 0.888000 -2.087856 0.442765
 0.890000 -2.088596 0.456655
 0.892000 -2.081545 0.465674
 0.894000 -2.069475 0.472785
 0.896000 -2.055502 0.481452
 0.898000 -2.041879 0.493618
 0.900000 -2.030171 0.509055
 0.902000 -2.022246 0.526038
 0.904000 -2.020501 0.541815
 0.906000 -2.026381 0.553020
 0.908000 -2.039074 0.555591
 0.910000 -2.056259 0.546754
 0.912000 -2.075366 0.526177
 0.914000 -2.095311 0.496875
 0.916000 -2.116621 0.464369
 0.918000 -2.139975 0.434444
 0.920000 -2.164582 0.410948
 0.922000 -2.188005 0.395150
 0.924000 -2.205564 0.387781
 0.926000 -2.216989 0.386878
 0.928000 -2.221502 0.391209
 0.930000 -2.219177 0.399258
 0.932000 -2.210076 0.408395
 0.934000 -2.194347 0.415681
 0.936000 -2.172960 0.419184
 0.938000 -2.148127 0.418826
 0.940000 -2.122711 0.416002
 0.942000 -2.099297 0.412401
 0.944000 -2.080111 0.409077
 0.946000 -2.067060 0.406283
 0.948000 -2.062044 0.403934
 0.950000 -2.066837 0.402745
 0.952000 -2.081905 0.403805
 0.954000 -2.105900 0.408128
 0.956000 -2.135727 0.415967
 0.958000 -2.167571 0.426831
 0.960000 -2.198325 0.440226
 0.962000 -2.226261 0.456060
 0.964000 -2.250244 0.473905
 0.966000 -2.270209 0.492685
 0.968000 -2.285221 0.509299
 0.970000 -2.294042 0.520024
 0.972000 -2.295762 0.521847
 0.974000 -2.290704 0.514130
 0.976000 -2.280429 0.498850
 0.978000 -2.267077 0.479864
 0.980000 -2.252919 0.462281
 0.982000 -2.240412 0.451705
 0.984000 -2.231535 0.451937
 0.986000 -2.229044 0.464489
 0.988000 -2.233146 0.485783
 0.990000 -2.242068 0.509711
 0.992000 -2.252952 0.530203
 0.994000 -2.263475 0.543258
 0.996000 -2.272421 0.546933
 0.998000 -2.279568 0.540637
 1.000000 -2.285545 0.525214
 1.002000 -2.291593 0.503315
 1.004000 -2.298771 0.479259
 1.006000 -2.307462 0.455922
 1.008000 -2.316638 0.434275
 1.010000 -2.324664 0.413478
 1.012000 -2.330468 0.392374
 1.014000 -2.334502 0.371171
 1.016000 -2.338377 0.351510
 1.018000 -2.343853 0.335699
 1.020000 -2.351995 0.325990
 1.022000 -2.362926 0.324136
 1.024000 -2.375702 0.331194
 1.026000 -2.390095 0.346957
 1.028000 -2.405514 0.369807
 1.030000 -2.421250 0.396749
 1.032000 -2.436065 0.423585
 1.034000 -2.448543 0.446184
 1.036000 -2.457986 0.461977
 1.038000 -2.465011 0.470683
 1.040000 -2.471142 0.473737
 1.042000 -2.477816 0.473007
 1.044000 -2.485118 0.469632
 1.046000 -2.492711 0.463610
 1.048000 -2.499056 0.454289
 1.050000 -2.502687 0.441206
 1.052000 -2.502868 0.424277
 1.054000 -2.499866 0.403901
 1.056000 -2.494714 0.380984
 1.058000 -2.488794 0.357279
 1.060000 -2.483449 0.335589
 1.062000 -2.479646 0.319162
 1.064000 -2.477794 0.310245
 1.066000 -2.478086 0.309814
 1.068000 -2.480736 0.317070
 1.070000 -2.486318 0.330647
 1.072000 -2.495509 0.348717
 1.074000 -2.508492 0.368695
 1.076000 -2.524302 0.386992
 1.078000 -2.540784 0.399946
 1.080000 -2.555275 0.405391
 1.082000 -2.565548 0.403385
 1.084000 -2.570355 0.395392
 1.086000 -2.569640 0.383241
 1.088000 -2.564061 0.368950
 1.090000 -2.554746 0.355020
 1.092000 -2.543249 0.343874
 1.094000 -2.531468 0.336897
 1.096000 -2.521156 0.333792
 1.098000 -2.513279 0.333088
 1.100000 -2.507881 0.333515
 1.102000 -2.504304 0.334753
 1.104000 -2.501686 0.336968
 1.106000 -2.499327 0.340313
 1.108000 -2.497328 0.344760
 1.110000 -2.496342 0.350416
 1.112000 -2.497093 0.357359
 1.114000 -2.499844 0.365101
 1.116000 -2.504040 0.372050
 1.118000 -2.508258 0.375610
 1.120000 -2.510693 0.373396
 1.122000 -2.509980 0.364954
 1.124000 -2.505750 0.352452
 1.126000 -2.498639 0.340331
 1.128000 -2.489896 0.333107
 1.130000 -2.481032 0.334285
 1.132000 -2.473329 0.345665
 1.134000 -2.467337 0.366934
 1.136000 -2.462572 0.395331
 1.138000 -2.457536 0.425857
 1.140000 -2.450131 0.452599
 1.142000 -2.438558 0.470956
 1.144000 -2.422266 0.479752
 1.146000 -2.402658 0.480778
 1.148000 -2.381895 0.477466
 1.150000 -2.361770 0.472314
 1.152000 -2.343126 0.465921
 1.154000 -2.325954 0.457363
 1.156000 -2.310006 0.444842
 1.158000 -2.295436 0.426058
 1.160000 -2.283008 0.398792
 1.162000 -2.273878 0.362327
 1.164000 -2.268625 0.316354
 1.166000 -2.268835 0.269242
 1.168000 -2.274641 0.228574
 1.170000 -2.285049 0.201391
 1.172000 -2.297871 0.192128
 1.174000 -2.310043 0.201350
 1.176000 -2.318534 0.225858
 1.178000 -2.321526 0.259934
 1.180000 -2.318974 0.296835
 1.182000 -2.312076 0.330160
 1.184000 -2.301961 0.356206
 1.186000 -2.289572 0.370980
 1.188000 -2.275389 0.374201
 1.190000 -2.260214 0.367493
 1.192000 -2.245157 0.353452
 1.194000 -2.231111 0.334771
 1.196000 -2.218610 0.314088
 1.198000 -2.208158 0.294202
 1.200000 -2.200571 0.277935
 1.202000 -2.196938 0.267146
 1.204000 -2.198133 0.262033
 1.206000 -2.203903 0.260726
 1.208000 -2.212955 0.261035
 1.210000 -2.223029 0.260492
 1.212000 -2.231653 0.256400
 1.214000 -2.237111 0.246456
 1.216000 -2.239189 0.230135
 1.218000 -2.239082 0.209251
 1.220000 -2.238588 0.186867
 1.222000 -2.239250 0.165584
 1.224000 -2.242023 0.147422
 1.226000 -2.247659 0.131425
 1.228000 -2.257056 0.117258
 1.230000 -2.270794 0.104859
 1.232000 -2.288546 0.095039
 1.234000 -2.308808 0.089431
 1.236000 -2.329438 0.089988
 1.238000 -2.348513 0.097823
 1.240000 -2.364800 0.112208
 1.242000 -2.377678 0.130545
 1.244000 -2.386428 0.148813
 1.246000 -2.391048 0.164312
 1.248000 -2.391279 0.174827
 1.250000 -2.387172 0.179168
 1.252000 -2.379608 0.177537
 1.254000 -2.370378 0.171580
 1.256000 -2.361882 0.164064
 1.258000 -2.356463 0.158002
 1.260000 -2.355590 0.155531
 1.262000 -2.359273 0.157060
 1.264000 -2.366024 0.161255
 1.266000 -2.373760 0.165879
 1.268000 -2.380657 0.169093
 1.270000 -2.385877 0.170266
 1.272000 -2.389956 0.170709
 1.274000 -2.394454 0.173002
 1.276000 -2.401285 0.179622
 1.278000 -2.411932 0.191480
 1.280000 -2.426671 0.207061
 1.282000 -2.444192 0.222605
 1.284000 -2.461770 0.233174
 1.286000 -2.476811 0.235032
 1.288000 -2.487562 0.226968
 1.290000 -2.493531 0.210662
 1.292000 -2.495056 0.190104
 1.294000 -2.492688 0.170134
 1.296000 -2.487070 0.154999
 1.298000 -2.478892 0.147171
 1.300000 -2.468554 0.146412
 1.302000 -2.455784 0.149567
 1.304000 -2.439728 0.151911
 1.306000 -2.420447 0.149663
 1.308000 -2.399802 0.142819
 1.310000 -2.381441 0.135093
 1.312000 -2.369360 0.132330
 1.314000 -2.365901 0.139346
 1.316000 -2.371295 0.157912
 1.318000 -2.384446 0.186529
 1.320000 -2.403684 0.221197
 1.322000 -2.426964 0.256277
 1.324000 -2.451995 0.285669
 1.326000 -2.475576 0.302941
 1.328000 -2.495114 0.304221
 1.330000 -2.509142 0.288732
 1.332000 -2.517342 0.259153
 1.334000 -2.519959 0.220566
 1.336000 -2.517626 0.179361
 1.338000 -2.511484 0.141679
 1.340000 -2.503126 0.111273
 1.342000 -2.494544 0.089860
 1.344000 -2.488053 0.078733
 1.346000 -2.485986 0.079260
 1.348000 -2.490308 0.093003
 1.350000 -2.501288 0.119369
 1.352000 -2.516904 0.155434
 1.354000 -2.533293 0.196331
 1.356000 -2.546392 0.236622
 1.358000 -2.553416 0.271844
 1.360000 -2.553544 0.299337
 1.362000 -2.547637 0.317485
 1.364000 -2.537542 0.325071
 1.366000 -2.525362 0.321619
 1.368000 -2.513094 0.307629
 1.370000 -2.502088 0.284623
 1.372000 -2.492946 0.255728
 1.374000 -2.485214 0.224984
 1.376000 -2.477530 0.196595
 1.378000 -2.468514 0.174370
 1.380000 -2.457825 0.160937
 1.382000 -2.446534 0.157446
 1.384000 -2.437259 0.163850
 1.386000 -2.430839 0.178280
 1.388000 -2.427810 0.197795
 1.390000 -2.427232 0.217844
 1.392000 -2.427278 0.233983
 1.394000 -2.426086 0.242897
 1.396000 -2.422640 0.243428
 1.398000 -2.417280 0.237204
 1.400000 -2.411499 0.228264
 1.402000 -2.407012 0.221426
 1.404000 -2.404862 0.220228
 1.406000 -2.405211 0.225928
 1.408000 -2.407490 0.237573
 1.410000 -2.410351 0.252053
 1.412000 -2.412074 0.265376
 1.414000 -2.410815 0.273669
 1.416000 -2.405197 0.274615
 1.418000 -2.395091 0.268570
 1.420000 -2.381998 0.258650
 1.422000 -2.368597 0.249675
 1.424000 -2.356667 0.245885
 1.426000 -2.348876 0.251351
 1.428000 -2.345625 0.266824
 1.430000 -2.346209 0.289278
 1.432000 -2.349448 0.313448
 1.434000 -2.353996 0.333944
 1.436000 -2.358973 0.347698
 1.438000 -2.364609 0.355055
 1.440000 -2.372151 0.358900
 1.442000 -2.382981 0.362714
 1.444000 -2.398228 0.369138
 1.446000 -2.416520 0.378703
 1.448000 -2.435648 0.390460
 1.450000 -2.452309 0.401890
 1.452000 -2.463423 0.410282
 1.454000 -2.467116 0.413594
 1.456000 -2.463152 0.411035
 1.458000 -2.452808 0.403274
 1.460000 -2.438411 0.392426
 1.462000 -2.422585 0.381651
 1.464000 -2.407829 0.374553
 1.466000 -2.394387 0.372710
 1.468000 -2.382079 0.376239
 1.470000 -2.369983 0.383115
 1.472000 -2.357443 0.391230
 1.474000 -2.344531 0.399530
 1.476000 -2.332007 0.408074
 1.478000 -2.320837 0.417285
 1.480000 -2.311851 0.427558
 1.482000 -2.305686 0.439411
 1.484000 -2.302614 0.453731
 1.486000 -2.302890 0.470433
 1.488000 -2.306580 0.488805
 1.490000 -2.313474 0.506806
 1.492000 -2.323374 0.522280
 1.494000 -2.335630 0.533516
 1.496000 -2.348951 0.539502
 1.498000 -2.361770 0.539827
 1.500000 -2.372674 0.534571
 1.502000 -2.380362 0.524271
 1.504000 -2.383284 0.509923
 1.506000 -2.379982 0.492604
 1.508000 -2.369335 0.474110
 1.510000 -2.351253 0.456410
 1.512000 -2.327734 0.442257
 1.514000 -2.302997 0.434695
 1.516000 -2.282135 0.436240
 1.518000 -2.268940 0.448034
 1.520000 -2.264623 0.469545
 1.522000 -2.267885 0.498668
 1.524000 -2.276027 0.533373
 1.526000 -2.285806 0.569063
 1.528000 -2.295161 0.602774
 1.530000 -2.303228 0.631496
 1.532000 -2.310121 0.652100
 1.534000 -2.315955 0.661119
 1.536000 -2.320353 0.655762
 1.538000 -2.322714 0.635387
 1.540000 -2.322725 0.602518
 1.542000 -2.320424 0.562732
 1.544000 -2.315716 0.521912
 1.546000 -2.308421 0.489187
 1.548000 -2.298965 0.470657
 1.550000 -2.289581 0.469495
 1.552000 -2.284295 0.486025
 1.554000 -2.286503 0.516998
 1.556000 -2.296248 0.555628
 1.558000 -2.309842 0.593207
 1.560000 -2.322359 0.622054
 1.562000 -2.330716 0.638263
 1.564000 -2.334167 0.641588
 1.566000 -2.334777 0.637645
 1.568000 -2.333536 0.632050
 1.570000 -2.329826 0.628490
 1.572000 -2.322882 0.628379
 1.574000 -2.312999 0.631159
 1.576000 -2.301282 0.634529
 1.578000 -2.288455 0.634587
 1.580000 -2.274317 0.627030
 1.582000 -2.258416 0.609326
 1.584000 -2.240680 0.581932
 1.586000 -2.222602 0.549444
 1.588000 -2.205694 0.517984
 1.590000 -2.190975 0.492542
 1.592000 -2.178815 0.475590
 1.594000 -2.168873 0.466651
 1.596000 -2.160296 0.463270
 1.598000 -2.152177 0.462427
 1.600000 -2.144236 0.461855
 1.602000 -2.137381 0.461080
 1.604000 -2.133454 0.461529
 1.606000 -2.134010 0.465383
 1.608000 -2.139354 0.474074
 1.610000 -2.148401 0.486928
 1.612000 -2.159832 0.501890
 1.614000 -2.172529 0.516060
 1.616000 -2.185590 0.526336
 1.618000 -2.198383 0.529945
 1.620000 -2.210931 0.524991
 1.622000 -2.224144 0.511062
 1.624000 -2.239861 0.489196
 1.626000 -2.258019 0.463704
 1.628000 -2.277287 0.439445
 1.630000 -2.294908 0.420037
 1.632000 -2.308486 0.406932
 1.634000 -2.316918 0.399405
 1.636000 -2.320299 0.395705
 1.638000 -2.319351 0.394256
 1.640000 -2.315088 0.394327
 1.642000 -2.308828 0.396105
 1.644000 -2.302855 0.400157
 1.646000 -2.298345 0.407180
 1.648000 -2.296440 0.417030
 1.650000 -2.297003 0.428200
 1.652000 -2.298898 0.438596
 1.654000 -2.300756 0.446398
 1.656000 -2.301827 0.450779
 1.658000 -2.302311 0.451868
 1.660000 -2.303136 0.450229
 1.662000 -2.305427 0.446472
 1.664000 -2.309942 0.441091
 1.666000 -2.316247 0.434759
 1.668000 -2.323000 0.427794
 1.670000 -2.328324 0.420062
 1.672000 -2.330673 0.411550
 1.674000 -2.329293 0.402782
 1.676000 -2.324340 0.394938
 1.678000 -2.316665 0.389547
 1.680000 -2.307414 0.387790
 1.682000 -2.297745 0.389864
 1.684000 -2.289169 0.394793
 1.686000 -2.282272 0.401335
 1.688000 -2.277538 0.408664
 1.690000 -2.274720 0.416501
 1.692000 -2.273376 0.425302
 1.694000 -2.273331 0.435741
 1.696000 -2.274862 0.448287
 1.698000 -2.278572 0.462934
 1.700000 -2.285190 0.479059
 1.702000 -2.295255 0.495303
 1.704000 -2.308623 0.509516
 1.706000 -2.323895 0.518907
 1.708000 -2.338738 0.521023
 1.710000 -2.350609 0.514612
 1.712000 -2.358056 0.500640
 1.714000 -2.361260 0.482224
 1.716000 -2.361882 0.463766
 1.718000 -2.362338 0.449616
 1.720000 -2.364898 0.442716
 1.722000 -2.370940 0.443806
 1.724000 -2.380973 0.451699
 1.726000 -2.393954 0.464157
 1.728000 -2.408775 0.479569
 1.730000 -2.424415 0.497252
 1.732000 -2.440234 0.517529
 1.734000 -2.455835 0.540872
 1.736000 -2.470774 0.567071
 1.738000 -2.484312 0.594888
 1.740000 -2.495547 0.622001
 1.742000 -2.503728 0.644986
 1.744000 -2.508385 0.659503
 1.746000 -2.509144 0.661489
 1.748000 -2.505782 0.648896
 1.750000 -2.498778 0.622828
 1.752000 -2.489945 0.587413
 1.754000 -2.481834 0.548222
 1.756000 -2.476335 0.510687
 1.758000 -2.473610 0.479255
 1.760000 -2.471996 0.457202
 1.762000 -2.468827 0.446837
 1.764000 -2.461625 0.449339
 1.766000 -2.449677 0.465628
 1.768000 -2.434425 0.495097
 1.770000 -2.418718 0.535422
 1.772000 -2.405127 0.582978
 1.774000 -2.394884 0.633338
 1.776000 -2.388040 0.681831
 1.778000 -2.384112 0.723992
 1.780000 -2.382500 0.755982
 1.782000 -2.382553 0.774829
 1.784000 -2.383530 0.778141
 1.786000 -2.384728 0.764995
 1.788000 -2.385894 0.735572
 1.790000 -2.387658 0.692108
 1.792000 -2.391722 0.639544
 1.794000 -2.400051 0.585027
 1.796000 -2.413481 0.536397
 1.798000 -2.430759 0.500179
 1.800000 -2.448800 0.479904
 1.802000 -2.464080 0.475482
 1.804000 -2.476241 0.483498
 1.806000 -2.482903 0.499886
 1.808000 -2.485052 0.519934
 1.810000 -2.483860 0.539009
 1.812000 -2.479940 0.553078
 1.814000 -2.473571 0.559448
 1.816000 -2.465207 0.557452
 1.818000 -2.455490 0.548614
 1.820000 -2.444676 0.535857
 1.822000 -2.432292 0.522105
 1.824000 -2.417644 0.509154
 1.826000 -2.400932 0.497609
 1.828000 -2.383784 0.487474
 1.830000 -2.368503 0.478291
 1.832000 -2.356791 0.468928
 1.834000 -2.349167 0.457870
 1.836000 -2.345685 0.444381
 1.838000 -2.346864 0.429581
 1.840000 -2.353509 0.416346
 1.842000 -2.365530 0.407989
 1.844000 -2.381688 0.406441
 1.846000 -2.398750 0.412522
 1.848000 -2.414212 0.425045
 1.850000 -2.426334 0.441606
 1.852000 -2.433743 0.458889
 1.854000 -2.434823 0.472867
 1.856000 -2.427603 0.479364
 1.858000 -2.410458 0.475179
 1.860000 -2.383076 0.459043
 1.862000 -2.346838 0.431792
 1.864000 -2.305034 0.396410
 1.866000 -2.261957 0.357059
 1.868000 -2.220733 0.317076
 1.870000 -2.183080 0.278443
 1.872000 -2.150816 0.242830
 1.874000 -2.126397 0.212379
 1.876000 -2.112462 0.189905
 1.878000 -2.110660 0.178355
 1.880000 -2.120458 0.179598
 1.882000 -2.138955 0.193328
 1.884000 -2.161434 0.216272
 1.886000 -2.184815 0.244397
 1.888000 -2.206201 0.272504
 1.890000 -2.223623 0.295880
 1.892000 -2.235814 0.310852
 1.894000 -2.242093 0.315125
 1.896000 -2.242300 0.308115
 1.898000 -2.236669 0.291067
 1.900000 -2.225644 0.266787
 1.902000 -2.209777 0.238969
 1.904000 -2.190855 0.213094
 1.906000 -2.169474 0.190800
 1.908000 -2.147873 0.174554
 1.910000 -2.128583 0.166091
 1.912000 -2.113493 0.166256
 1.914000 -2.103206 0.174939
 1.916000 -2.097048 0.191196
 1.918000 -2.093629 0.213503
 1.920000 -2.091477 0.239933
 1.922000 -2.089352 0.268117
 1.924000 -2.086003 0.293612
 1.926000 -2.079695 0.314752
 1.928000 -2.068326 0.328212
 1.930000 -2.050006 0.331355
 1.932000 -2.024322 0.323180
 1.934000 -1.993398 0.305180
 1.936000 -1.961574 0.281433
 1.938000 -1.933437 0.257510
 1.940000 -1.911549 0.238734
 1.942000 -1.895881 0.228816
 1.944000 -1.885089 0.229290
 1.946000 -1.878462 0.239836
 1.948000 -1.875649 0.258235
 1.950000 -1.876013 0.280619
 1.952000 -1.878164 0.301779
 1.954000 -1.880563 0.316202
 1.956000 -1.882447 0.319827
 1.958000 -1.884102 0.311585
 1.960000 -1.886027 0.293626
 1.962000 -1.887767 0.270102
 1.964000 -1.887707 0.245701
 1.966000 -1.884328 0.224015
 1.968000 -1.877297 0.207611
 1.970000 -1.867540 0.197448
 1.972000 -1.856279 0.192259
 1.974000 -1.844283 0.188809
 1.976000 -1.831986 0.183316
 1.978000 -1.820107 0.173287
 1.980000 -1.809961 0.158528
 1.982000 -1.803096 0.140872
 1.984000 -1.800676 0.123349
 1.986000 -1.802836 0.108350
 1.988000 -1.809114 0.097450
 1.990000 -1.819121 0.091199
 1.992000 -1.832926 0.089190
 1.994000 -1.850886 0.090274
 1.996000 -1.872897 0.092813
 1.998000 -1.897690 0.095405
 2.000000 -1.922851 0.097660
