
  -2.09556   -7.79213   -8.34797 
   1.24845   -4.60813   -16.6331 
-0.887572 89.9637
-0.0812344     1.5636    2.60569 
  -2.50861   -8.05515   -9.71671 
  -0.35263   -6.21825   -9.56739 
-0.247522 8.04478
 -0.101097    1.62771    2.62227 
  -2.49657    2.47481   -9.76958 
   2.99357    1.11126   -9.19386 
-0.546648 32.3324
 -0.157433    1.69629    2.65812 
  -7.14925    6.96982    3.16961 
   3.15191    11.3423    -7.3997 
-1.57512 236.943
 -0.233887     1.7576    2.67002 
  -11.0764    7.60727    3.50864 
 -0.790289    16.5512   -17.2585 
-2.07259 617.071
 -0.333717    1.76969    2.70768 
  -10.4104    7.18382   -7.19506 
  -16.1636    3.98268   -1.36772 
-0.724641 77.3042
  -0.40547    1.78683    2.74259 
  -14.1536     9.2761   -6.90708 
  -17.6615    2.65826    13.3258 
-1.47079 465.469
 -0.485573    1.78873    2.76282 
  -19.0248    6.27805  -0.204782 
  -23.1651   -3.36262 -0.0968285 
-0.645524 110.096
 -0.531205    1.76085    2.78315 
  -29.2205   -1.04473   -5.86624 
  -27.4337    2.61726    -1.1516 
-0.277057 38.8305
 -0.541711    1.75265    2.76361 
  -28.1523   -3.54115   -4.79266 
  -27.6627     1.9394   -6.50526 
-0.265244 33.2093
 -0.566881    1.77354    2.78081 
   -25.093    1.45836   -9.29747 
  -30.3703    2.28063   -2.36251 
-0.425669 76.6189
 -0.631234    1.77464    2.80386 
  -34.0605    -2.0086   -5.28327 
  -40.7309   0.331507    -4.4206 
-0.280153 50.7147
 -0.681711    1.81185    2.81643 
  -35.2365   -2.96399   -3.61118 
  -39.3942   0.300069    1.39968 
-0.278854 53.0494
 -0.675713    1.84716    2.85638 
  -29.6969    7.78192   -5.37887 
  -39.6503    7.36956    -2.8429 
-0.445069 105.671
 -0.642372    1.90288    2.89851 
  -32.9699    9.69387    1.24246 
  -36.7336    14.3465   -2.13347 
-0.27098 47.2098
 -0.585047    1.99199    2.96253 
  -24.9254     17.311    4.22494 
  -27.2303    17.3878    19.6274 
-0.682052 242.556
 -0.511778    2.02926    3.06469 
  -17.5433    21.9068    9.08747 
  -30.1071    35.4778    2.48775 
-0.891329 385.576
 -0.384729    2.13169    3.10311 
 -0.807156    26.2554 -0.0827203 
  -12.0553    49.4618    22.0022 
-1.65281 1152.8
 -0.308276    2.23619    3.11258 
     1.557    29.9846    2.34223 
    10.032    28.5234    3.86385 
-0.381933 76.2755
 -0.219767    2.33146     3.0746 
   3.75121    29.6432    8.21059 
   12.3642    19.1149    11.0611 
-0.601799 193.154
 -0.109047    2.42885    3.00941 
   7.29632    25.8237    9.75167 
      1.79    23.9433    15.6978 
-0.388385 69.2128
 0.0201111    2.51697    2.95002 
  0.680733    18.2721  -0.616529 
   2.91325    20.9573    2.47349 
-0.299854 21.7429
  0.150812    2.54739    2.90424 
   11.4475    13.2603   -3.18489 
   -9.3756    24.1181    27.2496 
-2.62789 1477.75
  0.235658    2.55297     2.8952 
   15.9561     12.838   -2.91058 
   15.1801    30.8147    27.6805 
-2.14549 1259.58
  0.282106    2.58264    2.86195 
   10.3269    21.1688    2.46713 
   33.6954     26.193    11.8719 
-1.38716 659.783
  0.355215    2.61433    2.80324 
   12.3785     26.584    3.17756 
   37.1415    16.8406    15.9712 
-1.33069 871.819
  0.384693    2.65376    2.79936 
   21.7322    17.6419    1.41956 
   36.9425    17.8345     17.807 
-1.04751 499.939
  0.375832     2.7534     2.7464 
   22.7432    22.2106    3.01606 
   34.9233    34.8476    15.8798 
-0.916545 473.526
  0.308827    2.87203    2.71091 
   14.2232    22.3288   -0.38796 
   19.1027    37.7865    18.1499 
-1.20821 606.402
  0.226168    2.94597    2.72751 
    14.407    28.0881     3.9549 
   18.4486     50.504    7.78381 
-0.978576 533.467
  0.131792    3.01094     2.6975 
   14.3484    32.0018    4.09799 
   9.86439    35.4943    18.0634 
-0.584488 227.337
 0.0567131    3.00655    2.64751 
   10.3106    27.9274    11.0543 
    5.6142    35.4602    19.8508 
-0.532426 156.179
-0.0190703    3.00172     2.6405 
   2.48361    36.5549    7.61707 
   8.89541    25.6148    12.6358 
-0.501239 185.984
-0.0544074    2.94765    2.67633 
   1.20198    35.0262    12.0653 
   12.2895    24.9422    11.8513 
-0.554623 224.665
-0.0771279    2.94805    2.70582 
  -5.23119    29.3637   -1.28809 
    8.4057    32.7882    9.90119 
-0.798429 322.891
 -0.176856    2.94815    2.72168 
  -17.5576    30.1656    2.35635 
  -19.7919     38.436    12.3557 
-0.512514 173.378
 -0.241236    2.91479    2.71534 
  -15.0215    33.8949    6.31771 
  -27.0733    42.3274    15.9713 
-0.647611 309.546
 -0.325033    2.86454    2.66441 
   -8.3122     25.008   -2.93741 
  -33.5464    43.6541     19.852 
-1.90985 1503.8
  -0.38764    2.78892    2.59063 
  -12.6732    15.2506   -7.54909 
  -36.8913    38.2699    19.8502 
-2.59797 1867.12
 -0.378096     2.7648    2.55542 
  -9.68493    22.4803     3.1712 
   -35.196    35.0471    18.2907 
-1.68551 1037.34
 -0.378673    2.68295    2.55694 
  -10.5429    23.4097   -4.25041 
   -27.636    23.6072    14.7307 
-1.28541 652.492
 -0.387484    2.61857    2.52346 
  -15.6753    27.1323    7.48206 
  -18.5976    18.4914    3.59576 
-0.417219 98.3087
 -0.397444    2.61688    2.49276 
  -2.86287       30.4    7.36331 
  -17.3695    12.4482   -13.2695 
-1.32181 958.42
 -0.387325    2.62394    2.46868 
  -17.2177    26.8792    6.70822 
  -14.7597    15.4548   -4.44819 
-0.672605 261.024
 -0.401836    2.59468    2.45681 
   -7.1357    32.0665     7.9887 
  -17.1308    21.7492  -0.630761 
-0.676182 280.644
 -0.412666    2.56628     2.4393 
  -10.3153      25.04     2.5995 
  -25.9306    30.6944    4.19263 
-0.803348 278.346
 -0.373366    2.50531    2.46732 
  -15.9213    27.2771    4.64487 
  -33.6893    32.5262    -12.457 
-1.0678 635.731
 -0.329993    2.45171        2.5 
  -12.8533    30.1272    7.34782 
  -18.9085    30.8258    3.69146 
-0.288667 50.5226
 -0.264004    2.31566    2.53733 
  -2.63275    23.0567   -4.35837 
  -1.58208    23.4415   -1.79813 
-0.150687 7.80683
 -0.156287    2.20404     2.5728 
    2.2603    26.5225   -1.86737 
   5.33485     33.473    11.2582 
-0.732386 230.045
-0.00933212    2.13103      2.608 