   -0.0483     1.5614     2.5722   -2.09556   -7.79213   -8.34797 
-0.0812344     1.5636    2.60569   -2.50861   -8.05515   -9.71671 
 -0.101097    1.62771    2.62227   -2.49657    2.47481   -9.76958 
 -0.157433    1.69629    2.65812   -7.14925    6.96982    3.16961 
 -0.233887     1.7576    2.67002   -11.0764    7.60727    3.50864 
 -0.333717    1.76969    2.70768   -10.4104    7.18382   -7.19506 
  -0.40547    1.78683    2.74259   -14.1536     9.2761   -6.90708 
 -0.485573    1.78873    2.76282   -19.0248    6.27805  -0.204782 
 -0.531205    1.76085    2.78315   -29.2205   -1.04473   -5.86624 
 -0.541711    1.75265    2.76361   -28.1523   -3.54115   -4.79266 
 -0.566881    1.77354    2.78081    -25.093    1.45836   -9.29747 
 -0.631234    1.77464    2.80386   -34.0605    -2.0086   -5.28327 
 -0.681711    1.81185    2.81643   -35.2365   -2.96399   -3.61118 
 -0.675713    1.84716    2.85638   -29.6969    7.78192   -5.37887 
 -0.642372    1.90288    2.89851   -32.9699    9.69387    1.24246 
 -0.585047    1.99199    2.96253   -24.9254     17.311    4.22494 
 -0.511778    2.02926    3.06469   -17.5433    21.9068    9.08747 
 -0.384729    2.13169    3.10311  -0.807156    26.2554 -0.0827203 
 -0.308276    2.23619    3.11258      1.557    29.9846    2.34223 
 -0.219767    2.33146     3.0746    3.75121    29.6432    8.21059 
 -0.109047    2.42885    3.00941    7.29632    25.8237    9.75167 
 0.0201111    2.51697    2.95002   0.680733    18.2721  -0.616529 
  0.150812    2.54739    2.90424    11.4475    13.2603   -3.18489 
  0.235658    2.55297     2.8952    15.9561     12.838   -2.91058 
  0.282106    2.58264    2.86195    10.3269    21.1688    2.46713 
  0.355215    2.61433    2.80324    12.3785     26.584    3.17756 
  0.384693    2.65376    2.79936    21.7322    17.6419    1.41956 
  0.375832     2.7534     2.7464    22.7432    22.2106    3.01606 
  0.308827    2.87203    2.71091    14.2232    22.3288   -0.38796 
  0.226168    2.94597    2.72751     14.407    28.0881     3.9549 
  0.131792    3.01094     2.6975    14.3484    32.0018    4.09799 
 0.0567131    3.00655    2.64751    10.3106    27.9274    11.0543 
-0.0190703    3.00172     2.6405    2.48361    36.5549    7.61707 
-0.0544074    2.94765    2.67633    1.20198    35.0262    12.0653 
-0.0771279    2.94805    2.70582   -5.23119    29.3637   -1.28809 
 -0.176856    2.94815    2.72168   -17.5576    30.1656    2.35635 
 -0.241236    2.91479    2.71534   -15.0215    33.8949    6.31771 
 -0.325033    2.86454    2.66441    -8.3122     25.008   -2.93741 
  -0.38764    2.78892    2.59063   -12.6732    15.2506   -7.54909 
 -0.378096     2.7648    2.55542   -9.68493    22.4803     3.1712 
 -0.378673    2.68295    2.55694   -10.5429    23.4097   -4.25041 
 -0.387484    2.61857    2.52346   -15.6753    27.1323    7.48206 
 -0.397444    2.61688    2.49276   -2.86287       30.4    7.36331 
 -0.387325    2.62394    2.46868   -17.2177    26.8792    6.70822 
 -0.401836    2.59468    2.45681    -7.1357    32.0665     7.9887 
 -0.412666    2.56628     2.4393   -10.3153      25.04     2.5995 
 -0.373366    2.50531    2.46732   -15.9213    27.2771    4.64487 
 -0.329993    2.45171        2.5   -12.8533    30.1272    7.34782 
 -0.264004    2.31566    2.53733   -2.63275    23.0567   -4.35837 
 -0.156287    2.20404     2.5728     2.2603    26.5225   -1.86737 
