
 0.0740468  -0.213346 
  -1.42203    1.99625 
-0.330618 7.12057
  -1.93323 0.00555844 
   -4.3687    2.85005 
  0.455525    1.58443 
-0.617946 24.875
  -2.10137  -0.152468 
   4.07086    1.37426 
  -3.28148   -4.99906 
-1.20556 94.676
  -2.25384  -0.271798 
 -0.386431    -2.1117 
   2.59484    -5.9361 
-0.600804 23.514
  -2.32124   -0.39699 
   2.52999   -7.14329 
    2.0373   -6.74946 
-0.0648959 0.397838
  -2.41803  -0.436983 
  -3.44304   -9.40724 
 -0.767159   -5.49021 
-0.40707 22.5034
  -2.45009  -0.522087 
  -6.36896   -2.43038 
  -1.55083   -6.43301 
-0.688548 39.2354
  -2.24521    -0.6283 
  0.121787   -9.69257 
   2.22724   -8.33351 
-0.210477 6.27999
  -2.05623   -0.70279 
  0.789126   -14.7518 
  -1.54905   -9.87857 
-0.326081 29.2158
  -1.85802   -0.73898 
   1.24519   -6.50903 
   -1.1149   -10.6893 
-0.521351 23.0446
  -1.55674  -0.661879 
  -3.46737   -11.8029 
  -5.67337   -12.3418 
-0.164339 5.15689
  -1.21708  -0.592475 
     1.209   -5.06685 
  0.945341   -9.36561 
-0.530497 18.5488
 -0.786749  -0.553742 
    29.833    4.08787 
   28.9885    1.18259 
-0.0968196 9.1538
 -0.273733  -0.455435 
   46.1887     22.878 
   42.7648    19.6268 
-0.0898588 22.293
  0.225231  -0.384988 
  -40.1036  -0.862229 
  -34.5886   0.507454 
-0.137213 32.2915
  0.774558  -0.272165 
  -29.4483   -8.83572 
  -31.0697   -9.93331 
-0.0616778 3.83367
   1.25743  -0.269032 
   19.1974   -11.0034 
   19.4825   -6.23549 
-0.20653 22.8147
   1.66584  -0.254777 
   49.5731   -7.24348 
   55.7918   -6.31702 
-0.12304 39.5299
   1.84177  -0.252576 
   62.1524   -10.6453 
   58.1491   -1.41797 
-0.15702 101.17
   2.10842  -0.339595 
   41.2388   -7.21497 
   34.8738   -4.31644 
-0.16316 48.9148
   2.26185  -0.444149 