   -1.8509     0.0903  0.0740468  -0.213346 
  -1.93323 0.00555844    -4.3687    2.85005 
  -2.10137  -0.152468    4.07086    1.37426 
  -2.25384  -0.271798  -0.386431    -2.1117 
  -2.32124   -0.39699    2.52999   -7.14329 
  -2.41803  -0.436983   -3.44304   -9.40724 
  -2.45009  -0.522087   -6.36896   -2.43038 
  -2.24521    -0.6283   0.121787   -9.69257 
  -2.05623   -0.70279   0.789126   -14.7518 
  -1.85802   -0.73898    1.24519   -6.50903 
  -1.55674  -0.661879   -3.46737   -11.8029 
  -1.21708  -0.592475      1.209   -5.06685 
 -0.786749  -0.553742     29.833    4.08787 
 -0.273733  -0.455435    46.1887     22.878 
  0.225231  -0.384988   -40.1036  -0.862229 
  0.774558  -0.272165   -29.4483   -8.83572 
   1.25743  -0.269032    19.1974   -11.0034 
   1.66584  -0.254777    49.5731   -7.24348 
   1.84177  -0.252576    62.1524   -10.6453 
   2.10842  -0.339595    41.2388   -7.21497 
