
   -3.7623    2.81312 
  -2.47066    2.31652 
-0.171455 1.91496
  -1.74592  0.0143996 
  -2.82457    3.82771 
  -4.22012    1.67238 
-0.318134 6.593
  -1.61635 -0.0328513 
  -5.46103    -2.2429 
  -5.24493    2.79558 
-0.600068 25.433
  -1.47985  -0.173886 
  -6.32972   -4.17018 
  -2.54497    2.13645 
-0.811259 54.0979
    -1.417  -0.548661 
   -6.8005   -14.1466 
  -4.79325   -9.64108 
-0.295419 24.3285
  -1.49771  -0.982216 
  -9.94604   -21.8336 
  -4.87889   -16.9986 
-0.280237 49.0526
  -1.64061   -1.22727 
  -5.21287   -19.0922 
  -4.25896   -19.4104 
-0.0483668 1.01122
  -1.67886   -1.47592 
  -5.99904   -17.1698 
  -2.78476   -13.9479 
-0.237185 20.7117
  -1.85351   -1.69332 
  -3.34777   -5.88255 
   2.17054   -5.28568 
-0.636496 30.8079
   -1.8802   -1.85998 
  -1.60938   -2.69665 
   1.16629   0.662127 
-0.539862 18.9857
  -1.95978   -2.12104 
  0.997939    4.04056 
   1.21798    6.35071 
-0.287521 5.3852
  -1.94909   -2.33438 
  -1.93164     10.926 
 -0.288338    10.7629 
-0.126875 2.72706
   -1.7768   -2.42693 
  -8.50701    12.1166 
  -2.62839    15.6818 
-0.435009 47.2686
   -1.7127    -2.5436 
  -3.69985    12.5373 
  0.158995    16.1124 
-0.362848 27.6718
  -1.68483   -2.51182 
  0.264046    8.46026 
 -0.155765      15.82 
-0.680841 54.3417
  -1.65114   -2.52488 
   2.80987    13.6646 
 -0.931015    15.8658 
-0.279118 18.8395
  -1.64052   -2.48649 
   3.70186    16.1609 
  -1.05435    15.6375 
-0.267065 22.8955
  -1.41476   -2.53859 
   8.85076    23.0926 
   9.43738    18.3193 
-0.186905 23.1282
  -1.41334   -2.52901 
   8.59265    23.7138 
   9.68142    18.1975 
-0.214424 31.6152
  -1.53613   -2.36452 
   1.55597    11.2492 
     2.253    14.2586 
-0.232084 9.54266
  -1.71067   -2.16136 