   -1.8007     0.1233    -3.7623    2.81312 
  -1.74592  0.0143996   -2.82457    3.82771 
  -1.61635 -0.0328513   -5.46103    -2.2429 
  -1.47985  -0.173886   -6.32972   -4.17018 
    -1.417  -0.548661    -6.8005   -14.1466 
  -1.49771  -0.982216   -9.94604   -21.8336 
  -1.64061   -1.22727   -5.21287   -19.0922 
  -1.67886   -1.47592   -5.99904   -17.1698 
  -1.85351   -1.69332   -3.34777   -5.88255 
   -1.8802   -1.85998   -1.60938   -2.69665 
  -1.95978   -2.12104   0.997939    4.04056 
  -1.94909   -2.33438   -1.93164     10.926 
   -1.7768   -2.42693   -8.50701    12.1166 
   -1.7127    -2.5436   -3.69985    12.5373 
  -1.68483   -2.51182   0.264046    8.46026 
  -1.65114   -2.52488    2.80987    13.6646 
  -1.64052   -2.48649    3.70186    16.1609 
  -1.41476   -2.53859    8.85076    23.0926 
  -1.41334   -2.52901    8.59265    23.7138 
  -1.53613   -2.36452    1.55597    11.2492 
